2.486177949201724344e-02
2.446771670467979415e-02
2.108832977084651797e-02
2.025243900982768783e-02
2.086144513571283610e-02
1.985837622249023854e-02
1.812688821752266033e-02
1.730293875308980961e-02
1.682528688965047661e-02
1.142782083278602416e-02
1.118899490106635766e-02
1.134423175668414045e-02
1.109346452837849106e-02
1.086657989324480919e-02
1.004263042881196021e-02
9.457506896098777718e-03
9.039561515589362647e-03
8.585792245321997168e-03
8.179788161398564988e-03
7.391662586723666412e-03
7.427486476481615953e-03
7.475251662825549252e-03
7.296132214035799812e-03
7.045364985730150423e-03
6.734891274494584842e-03
6.615478308634751593e-03
6.388593673501068854e-03
6.496065342774918344e-03
6.639360901806718243e-03
5.958706996405670024e-03
6.006472182749603324e-03
5.815411437373870125e-03
5.839294030545836775e-03
5.612409395412154035e-03
5.779587547615919717e-03
5.158640125144788556e-03
5.899000513475752966e-03
5.445231243208387487e-03
5.433289946622404595e-03
5.182522718316755206e-03
5.075051049042904848e-03
4.860107710495205867e-03
5.039227159284955307e-03
4.669046965119472668e-03
4.967579379769055357e-03
4.955638083183071599e-03
4.489927516329723228e-03
4.298866770953990030e-03
4.525751406087672769e-03
4.621281778775539369e-03
4.394397143641856629e-03
4.585457889017589828e-03
4.704870854877422209e-03
3.988393059718424449e-03
4.430221033399806170e-03
4.286925474368007138e-03
4.406338440227839520e-03
4.322749364125956680e-03
4.155571211922190131e-03
4.525751406087672769e-03
4.071982135820307290e-03
3.737625831412774626e-03
3.880921390444574525e-03
3.642095458724908461e-03
3.594330272380975161e-03
3.534623789451058536e-03
3.689860645068841760e-03
3.630154162138925136e-03
3.283856561145409147e-03
3.116678408941643032e-03
3.319680450903359122e-03
3.271915264559425822e-03
3.271915264559425822e-03
3.152502298699593006e-03
2.937558960151893158e-03
3.068913222597709732e-03
3.104737112355659707e-03
3.188326188457542548e-03
3.128619705527626357e-03
2.949500256737876483e-03
2.985324146495826458e-03
2.818145994292060343e-03
3.021148036253776432e-03
2.985324146495826458e-03
3.056971926011726407e-03
2.662909138674277119e-03
2.877852477221976967e-03
2.997265443081809783e-03
2.686791731846243769e-03
2.722615621604193743e-03
2.710674325018210418e-03
2.531554876228460978e-03
2.698733028432227093e-03
2.830087290878043668e-03
2.794263401120093693e-03
2.412141910368627729e-03
2.627085248916327144e-03
2.471848393298544354e-03
2.615143952330343819e-03
2.364376724024694430e-03
2.304670241094778239e-03
2.352435427438711105e-03
2.447965800126577704e-03
2.304670241094778239e-03
2.233022461578878289e-03
2.280787647922811589e-03
2.089726902547078390e-03
1.432955590317996821e-03
2.006137826445195550e-03
2.209139868406911639e-03
2.089726902547078390e-03
2.244963758164861614e-03
2.101668199133061715e-03
2.053903012789128849e-03
2.077785605961095065e-03
1.946431343515278925e-03
2.006137826445195550e-03
1.994196529859212225e-03
2.006137826445195550e-03
1.862842267413395651e-03
1.803135784483479243e-03
1.958372640101262250e-03
1.827018377655445893e-03
1.886724860585362300e-03
1.838959674241429218e-03
1.886724860585362300e-03
1.767311894725529268e-03
1.755370598139545943e-03
1.576251149349796503e-03
1.695664115209629536e-03
1.707605411795612860e-03
1.827018377655445893e-03
1.707605411795612860e-03
1.791194487897495918e-03
1.838959674241429218e-03
1.838959674241429218e-03
1.850900970827412543e-03
1.719546708381595969e-03
1.576251149349796503e-03
1.767311894725529268e-03
1.767311894725529268e-03
1.528485963005863204e-03
1.683722818623646211e-03
1.624016335693729586e-03
1.576251149349796503e-03
1.540427259591846528e-03
1.564309852763813178e-03
1.480720776661929904e-03
1.647898928865696236e-03
1.588192445935779611e-03
1.468779480075946579e-03
1.456838183489963254e-03
1.313542624458163572e-03
1.456838183489963254e-03
1.480720776661929904e-03
1.456838183489963254e-03
1.516544666419879879e-03
1.385190403974063521e-03
1.492662073247913229e-03
1.218012251770297190e-03
1.456838183489963254e-03
1.444896886903979929e-03
1.409072997146030171e-03
1.265777438114230489e-03
1.528485963005863204e-03
1.289660031286197139e-03
1.468779480075946579e-03
1.444896886903979929e-03
1.397131700560046846e-03
1.349366514216113547e-03
1.409072997146030171e-03
1.277718734700213814e-03
1.361307810802096872e-03
1.301601327872180464e-03
1.301601327872180464e-03
1.349366514216113547e-03
1.277718734700213814e-03
1.397131700560046846e-03
1.182188362012347215e-03
1.170247065426363890e-03
1.182188362012347215e-03
1.301601327872180464e-03
1.229953548356280514e-03
1.206070955184313865e-03
1.337425217630130222e-03
1.182188362012347215e-03
1.265777438114230489e-03
1.241894844942263839e-03
1.110540582496447482e-03
1.253836141528247164e-03
1.277718734700213814e-03
1.277718734700213814e-03
1.289660031286197139e-03
1.134423175668414132e-03
1.170247065426363890e-03
1.170247065426363890e-03
1.074716692738497507e-03
1.134423175668414132e-03
1.122481879082430807e-03
1.134423175668414132e-03
1.086657989324480832e-03
1.134423175668414132e-03
1.134423175668414132e-03
1.074716692738497507e-03
1.134423175668414132e-03
1.110540582496447482e-03
9.553037268786644751e-04
1.015010209808581100e-03
1.003068913222597775e-03
9.553037268786644751e-04
1.003068913222597775e-03
1.026951506394564425e-03
9.433624302926811502e-04
1.074716692738497507e-03
1.003068913222597775e-03
1.050834099566530858e-03
8.239494644328481179e-04
9.553037268786644751e-04
9.553037268786644751e-04
9.791863200506311250e-04
9.791863200506311250e-04
9.194798371207146088e-04
9.075385405347312839e-04
8.717146507767813092e-04
8.836559473627646341e-04
9.672450234646478000e-04
9.791863200506311250e-04
9.672450234646478000e-04
9.553037268786644751e-04
8.120081678468647930e-04
9.433624302926811502e-04
9.433624302926811502e-04
8.836559473627646341e-04
9.553037268786644751e-04
9.553037268786644751e-04
6.687126088150651109e-04
8.836559473627646341e-04
9.433624302926811502e-04
9.433624302926811502e-04
8.717146507767813092e-04
8.836559473627646341e-04
1.194129658598330594e-04
8.120081678468647930e-04
9.194798371207146088e-04
9.194798371207146088e-04
8.836559473627646341e-04
8.120081678468647930e-04
8.358907610188314428e-04
8.478320576048147678e-04
7.403603883309649520e-04
8.478320576048147678e-04
8.000668712608814681e-04
8.597733541907979843e-04
8.120081678468647930e-04
7.881255746748982516e-04
8.358907610188314428e-04
7.403603883309649520e-04
8.120081678468647930e-04
8.000668712608814681e-04
8.120081678468647930e-04
6.687126088150651109e-04
8.000668712608814681e-04
6.567713122290817860e-04
7.164777951589984106e-04
7.403603883309649520e-04
7.761842780889149267e-04
6.567713122290817860e-04
7.642429815029316018e-04
6.209474224711319197e-04
6.567713122290817860e-04
7.164777951589984106e-04
6.925952019870317607e-04
7.642429815029316018e-04
6.925952019870317607e-04
6.687126088150651109e-04
7.403603883309649520e-04
6.806539054010484358e-04
6.925952019870317607e-04
7.284190917449816271e-04
6.925952019870317607e-04
5.851235327131819449e-04
7.284190917449816271e-04
6.567713122290817860e-04
5.731822361271987284e-04
6.209474224711319197e-04
7.045364985730150856e-04
6.328887190571152446e-04
6.925952019870317607e-04
6.687126088150651109e-04
6.090061258851485948e-04
6.209474224711319197e-04
6.687126088150651109e-04
6.567713122290817860e-04
5.492996429552320786e-04
6.567713122290817860e-04
6.209474224711319197e-04
5.851235327131819449e-04
6.090061258851485948e-04
5.492996429552320786e-04
5.254170497832654288e-04
5.851235327131819449e-04
5.612409395412154035e-04
5.492996429552320786e-04
6.209474224711319197e-04
6.209474224711319197e-04
5.731822361271987284e-04
6.209474224711319197e-04
5.970648292991652699e-04
5.254170497832654288e-04
5.254170497832654288e-04
5.373583463692487537e-04
5.731822361271987284e-04
5.731822361271987284e-04
5.134757531972822123e-04
5.731822361271987284e-04
5.254170497832654288e-04
5.612409395412154035e-04
4.776518634393322376e-04
5.015344566112988874e-04
5.612409395412154035e-04
5.015344566112988874e-04
5.373583463692487537e-04
5.492996429552320786e-04
5.492996429552320786e-04
5.612409395412154035e-04
5.612409395412154035e-04
4.657105668533489127e-04
4.537692702673656420e-04
5.134757531972822123e-04
5.373583463692487537e-04
4.657105668533489127e-04
4.776518634393322376e-04
5.254170497832654288e-04
4.657105668533489127e-04
4.895931600253155625e-04
5.015344566112988874e-04
5.254170497832654288e-04
4.537692702673656420e-04
5.134757531972822123e-04
5.254170497832654288e-04
5.254170497832654288e-04
4.776518634393322376e-04
4.776518634393322376e-04
4.895931600253155625e-04
4.776518634393322376e-04
4.895931600253155625e-04
5.015344566112988874e-04
4.657105668533489127e-04
4.060040839234323965e-04
4.895931600253155625e-04
4.776518634393322376e-04
5.015344566112988874e-04
5.015344566112988874e-04
5.015344566112988874e-04
4.060040839234323965e-04
5.015344566112988874e-04
4.895931600253155625e-04
4.418279736813823170e-04
3.821214907514658009e-04
4.895931600253155625e-04
4.060040839234323965e-04
4.537692702673656420e-04
4.776518634393322376e-04
4.776518634393322376e-04
4.537692702673656420e-04
4.776518634393322376e-04
4.060040839234323965e-04
4.537692702673656420e-04
3.582388975794992053e-04
4.298866770953989921e-04
4.298866770953989921e-04
4.657105668533489127e-04
4.657105668533489127e-04
4.657105668533489127e-04
4.298866770953989921e-04
3.821214907514658009e-04
4.537692702673656420e-04
4.060040839234323965e-04
4.537692702673656420e-04
3.582388975794992053e-04
4.179453805094157214e-04
4.418279736813823170e-04
4.060040839234323965e-04
3.940627873374491258e-04
4.537692702673656420e-04
4.418279736813823170e-04
4.179453805094157214e-04
3.582388975794992053e-04
3.462976009935158804e-04
4.060040839234323965e-04
4.060040839234323965e-04
4.298866770953989921e-04
3.821214907514658009e-04
3.940627873374491258e-04
4.298866770953989921e-04
4.298866770953989921e-04
2.627085248916327144e-04
4.179453805094157214e-04
4.060040839234323965e-04
4.179453805094157214e-04
3.701801941654824760e-04
4.179453805094157214e-04
4.179453805094157214e-04
3.940627873374491258e-04
4.179453805094157214e-04
4.179453805094157214e-04
4.179453805094157214e-04
4.179453805094157214e-04
3.343563044075325555e-04
2.627085248916327144e-04
3.343563044075325555e-04
3.462976009935158804e-04
3.582388975794992053e-04
3.821214907514658009e-04
3.582388975794992053e-04
4.060040839234323965e-04
3.701801941654824760e-04
3.940627873374491258e-04
3.462976009935158804e-04
3.582388975794992053e-04
3.701801941654824760e-04
3.821214907514658009e-04
3.582388975794992053e-04
3.821214907514658009e-04
3.821214907514658009e-04
1.910607453757329004e-04
3.701801941654824760e-04
3.821214907514658009e-04
3.821214907514658009e-04
3.582388975794992053e-04
3.343563044075325555e-04
3.343563044075325555e-04
3.701801941654824760e-04
3.462976009935158804e-04
3.104737112355659598e-04
3.343563044075325555e-04
3.582388975794992053e-04
3.582388975794992053e-04
3.582388975794992053e-04
3.582388975794992053e-04
3.104737112355659598e-04
3.343563044075325555e-04
2.865911180635993642e-04
3.462976009935158804e-04
3.462976009935158804e-04
2.985324146495826349e-04
3.462976009935158804e-04
2.746498214776160393e-04
3.224150078215492848e-04
3.462976009935158804e-04
3.224150078215492848e-04
3.343563044075325555e-04
2.865911180635993642e-04
2.865911180635993642e-04
2.865911180635993642e-04
3.224150078215492848e-04
2.865911180635993642e-04
3.343563044075325555e-04
3.343563044075325555e-04
2.627085248916327144e-04
2.865911180635993642e-04
3.104737112355659598e-04
3.104737112355659598e-04
2.865911180635993642e-04
3.104737112355659598e-04
2.627085248916327144e-04
3.104737112355659598e-04
2.865911180635993642e-04
2.627085248916327144e-04
2.985324146495826349e-04
2.865911180635993642e-04
2.388259317196661188e-04
2.985324146495826349e-04
3.104737112355659598e-04
2.388259317196661188e-04
2.985324146495826349e-04
2.865911180635993642e-04
2.268846351336828210e-04
2.746498214776160393e-04
2.746498214776160393e-04
2.507672283056494437e-04
2.985324146495826349e-04
2.865911180635993642e-04
2.865911180635993642e-04
2.149433385476994961e-04
2.865911180635993642e-04
2.865911180635993642e-04
2.985324146495826349e-04
2.985324146495826349e-04
2.985324146495826349e-04
2.268846351336828210e-04
2.865911180635993642e-04
2.865911180635993642e-04
2.865911180635993642e-04
2.149433385476994961e-04
1.910607453757329004e-04
1.791194487897496026e-04
2.627085248916327144e-04
2.507672283056494437e-04
2.030020419617161983e-04
2.746498214776160393e-04
2.746498214776160393e-04
2.507672283056494437e-04
2.746498214776160393e-04
2.746498214776160393e-04
2.627085248916327144e-04
2.746498214776160393e-04
2.388259317196661188e-04
1.910607453757329004e-04
2.627085248916327144e-04
2.627085248916327144e-04
2.388259317196661188e-04
2.627085248916327144e-04
2.388259317196661188e-04
2.507672283056494437e-04
2.388259317196661188e-04
2.388259317196661188e-04
2.627085248916327144e-04
2.627085248916327144e-04
2.627085248916327144e-04
2.507672283056494437e-04
2.507672283056494437e-04
2.388259317196661188e-04
2.388259317196661188e-04
2.388259317196661188e-04
2.388259317196661188e-04
2.149433385476994961e-04
2.149433385476994961e-04
2.388259317196661188e-04
2.388259317196661188e-04
2.268846351336828210e-04
2.388259317196661188e-04
1.910607453757329004e-04
2.149433385476994961e-04
2.268846351336828210e-04
2.268846351336828210e-04
2.149433385476994961e-04
2.268846351336828210e-04
1.791194487897496026e-04
2.030020419617161983e-04
2.149433385476994961e-04
2.268846351336828210e-04
2.268846351336828210e-04
2.030020419617161983e-04
2.149433385476994961e-04
1.671781522037662777e-04
1.552368556177829799e-04
2.030020419617161983e-04
2.030020419617161983e-04
2.149433385476994961e-04
1.791194487897496026e-04
1.910607453757329004e-04
2.149433385476994961e-04
2.030020419617161983e-04
1.910607453757329004e-04
2.149433385476994961e-04
1.910607453757329004e-04
1.791194487897496026e-04
1.194129658598330594e-04
2.149433385476994961e-04
2.149433385476994961e-04
1.552368556177829799e-04
2.030020419617161983e-04
2.149433385476994961e-04
2.030020419617161983e-04
1.910607453757329004e-04
1.671781522037662777e-04
2.149433385476994961e-04
1.194129658598330594e-04
1.671781522037662777e-04
1.910607453757329004e-04
1.910607453757329004e-04
1.432955590317996821e-04
1.671781522037662777e-04
2.030020419617161983e-04
2.030020419617161983e-04
2.030020419617161983e-04
1.791194487897496026e-04
1.791194487897496026e-04
2.030020419617161983e-04
2.388259317196661256e-05
1.671781522037662777e-04
1.432955590317996821e-04
1.910607453757329004e-04
1.910607453757329004e-04
1.910607453757329004e-04
1.910607453757329004e-04
1.910607453757329004e-04
1.910607453757329004e-04
1.671781522037662777e-04
1.910607453757329004e-04
1.432955590317996821e-04
1.910607453757329004e-04
1.910607453757329004e-04
1.910607453757329004e-04
1.910607453757329004e-04
1.791194487897496026e-04
1.910607453757329004e-04
1.432955590317996821e-04
1.432955590317996821e-04
1.671781522037662777e-04
1.671781522037662777e-04
1.432955590317996821e-04
1.910607453757329004e-04
2.388259317196661256e-05
1.910607453757329004e-04
1.791194487897496026e-04
1.671781522037662777e-04
1.791194487897496026e-04
1.671781522037662777e-04
1.791194487897496026e-04
1.791194487897496026e-04
1.552368556177829799e-04
1.671781522037662777e-04
1.552368556177829799e-04
1.552368556177829799e-04
1.671781522037662777e-04
1.671781522037662777e-04
1.671781522037662777e-04
0.000000000000000000e+00
1.432955590317996821e-04
1.671781522037662777e-04
1.671781522037662777e-04
2.388259317196661256e-05
0.000000000000000000e+00
1.194129658598330594e-04
1.671781522037662777e-04
1.432955590317996821e-04
1.432955590317996821e-04
1.671781522037662777e-04
1.671781522037662777e-04
1.671781522037662777e-04
1.671781522037662777e-04
1.671781522037662777e-04
1.671781522037662777e-04
1.432955590317996821e-04
1.552368556177829799e-04
1.552368556177829799e-04
1.313542624458163572e-04
1.432955590317996821e-04
1.074716692738497480e-04
1.552368556177829799e-04
1.432955590317996821e-04
1.313542624458163572e-04
1.552368556177829799e-04
1.552368556177829799e-04
1.313542624458163572e-04
1.074716692738497480e-04
1.552368556177829799e-04
1.313542624458163572e-04
1.552368556177829799e-04
1.432955590317996821e-04
1.432955590317996821e-04
1.194129658598330594e-04
1.432955590317996821e-04
1.432955590317996821e-04
9.553037268786645022e-05
1.432955590317996821e-04
1.194129658598330594e-04
1.432955590317996821e-04
1.432955590317996821e-04
1.432955590317996821e-04
1.313542624458163572e-04
1.194129658598330594e-04
1.432955590317996821e-04
1.432955590317996821e-04
1.432955590317996821e-04
1.432955590317996821e-04
1.432955590317996821e-04
1.432955590317996821e-04
1.432955590317996821e-04
1.313542624458163572e-04
1.313542624458163572e-04
1.074716692738497480e-04
1.432955590317996821e-04
1.432955590317996821e-04
1.194129658598330594e-04
1.313542624458163572e-04
1.313542624458163572e-04
1.194129658598330594e-04
1.194129658598330594e-04
1.194129658598330594e-04
8.358907610188313886e-05
1.313542624458163572e-04
1.074716692738497480e-04
1.313542624458163572e-04
1.194129658598330594e-04
1.074716692738497480e-04
1.194129658598330594e-04
1.194129658598330594e-04
1.313542624458163572e-04
1.313542624458163572e-04
9.553037268786645022e-05
1.194129658598330594e-04
1.194129658598330594e-04
1.194129658598330594e-04
1.194129658598330594e-04
1.194129658598330594e-04
1.194129658598330594e-04
1.194129658598330594e-04
1.194129658598330594e-04
9.553037268786645022e-05
8.358907610188313886e-05
1.194129658598330594e-04
1.194129658598330594e-04
1.074716692738497480e-04
1.194129658598330594e-04
9.553037268786645022e-05
1.074716692738497480e-04
1.194129658598330594e-04
1.194129658598330594e-04
7.164777951589984106e-05
1.194129658598330594e-04
9.553037268786645022e-05
1.074716692738497480e-04
1.194129658598330594e-04
1.194129658598330594e-04
1.194129658598330594e-04
9.553037268786645022e-05
1.194129658598330594e-04
1.074716692738497480e-04
1.194129658598330594e-04
4.776518634393322511e-05
1.194129658598330594e-04
1.194129658598330594e-04
1.194129658598330594e-04
1.194129658598330594e-04
1.074716692738497480e-04
1.194129658598330594e-04
9.553037268786645022e-05
9.553037268786645022e-05
8.358907610188313886e-05
1.074716692738497480e-04
1.074716692738497480e-04
9.553037268786645022e-05
8.358907610188313886e-05
9.553037268786645022e-05
1.074716692738497480e-04
8.358907610188313886e-05
1.074716692738497480e-04
1.074716692738497480e-04
1.074716692738497480e-04
9.553037268786645022e-05
1.074716692738497480e-04
9.553037268786645022e-05
4.776518634393322511e-05
9.553037268786645022e-05
9.553037268786645022e-05
7.164777951589984106e-05
9.553037268786645022e-05
4.776518634393322511e-05
9.553037268786645022e-05
9.553037268786645022e-05
9.553037268786645022e-05
9.553037268786645022e-05
9.553037268786645022e-05
8.358907610188313886e-05
9.553037268786645022e-05
4.776518634393322511e-05
8.358907610188313886e-05
9.553037268786645022e-05
9.553037268786645022e-05
8.358907610188313886e-05
9.553037268786645022e-05
9.553037268786645022e-05
7.164777951589984106e-05
8.358907610188313886e-05
9.553037268786645022e-05
7.164777951589984106e-05
9.553037268786645022e-05
9.553037268786645022e-05
9.553037268786645022e-05
8.358907610188313886e-05
8.358907610188313886e-05
9.553037268786645022e-05
9.553037268786645022e-05
9.553037268786645022e-05
7.164777951589984106e-05
9.553037268786645022e-05
9.553037268786645022e-05
4.776518634393322511e-05
0.000000000000000000e+00
9.553037268786645022e-05
9.553037268786645022e-05
9.553037268786645022e-05
9.553037268786645022e-05
7.164777951589984106e-05
9.553037268786645022e-05
9.553037268786645022e-05
9.553037268786645022e-05
4.776518634393322511e-05
4.776518634393322511e-05
7.164777951589984106e-05
9.553037268786645022e-05
9.553037268786645022e-05
7.164777951589984106e-05
7.164777951589984106e-05
4.776518634393322511e-05
8.358907610188313886e-05
5.970648292991652970e-05
8.358907610188313886e-05
8.358907610188313886e-05
7.164777951589984106e-05
8.358907610188313886e-05
5.970648292991652970e-05
7.164777951589984106e-05
7.164777951589984106e-05
8.358907610188313886e-05
8.358907610188313886e-05
8.358907610188313886e-05
8.358907610188313886e-05
8.358907610188313886e-05
5.970648292991652970e-05
4.776518634393322511e-05
8.358907610188313886e-05
5.970648292991652970e-05
8.358907610188313886e-05
7.164777951589984106e-05
4.776518634393322511e-05
7.164777951589984106e-05
7.164777951589984106e-05
5.970648292991652970e-05
7.164777951589984106e-05
7.164777951589984106e-05
7.164777951589984106e-05
4.776518634393322511e-05
7.164777951589984106e-05
5.970648292991652970e-05
5.970648292991652970e-05
7.164777951589984106e-05
7.164777951589984106e-05
7.164777951589984106e-05
4.776518634393322511e-05
7.164777951589984106e-05
4.776518634393322511e-05
7.164777951589984106e-05
4.776518634393322511e-05
7.164777951589984106e-05
7.164777951589984106e-05
4.776518634393322511e-05
7.164777951589984106e-05
7.164777951589984106e-05
5.970648292991652970e-05
7.164777951589984106e-05
4.776518634393322511e-05
7.164777951589984106e-05
7.164777951589984106e-05
7.164777951589984106e-05
7.164777951589984106e-05
7.164777951589984106e-05
7.164777951589984106e-05
7.164777951589984106e-05
7.164777951589984106e-05
7.164777951589984106e-05
7.164777951589984106e-05
7.164777951589984106e-05
2.388259317196661256e-05
7.164777951589984106e-05
4.776518634393322511e-05
7.164777951589984106e-05
7.164777951589984106e-05
7.164777951589984106e-05
7.164777951589984106e-05
7.164777951589984106e-05
7.164777951589984106e-05
7.164777951589984106e-05
7.164777951589984106e-05
4.776518634393322511e-05
7.164777951589984106e-05
7.164777951589984106e-05
7.164777951589984106e-05
7.164777951589984106e-05
5.970648292991652970e-05
7.164777951589984106e-05
7.164777951589984106e-05
7.164777951589984106e-05
4.776518634393322511e-05
7.164777951589984106e-05
7.164777951589984106e-05
7.164777951589984106e-05
7.164777951589984106e-05
7.164777951589984106e-05
7.164777951589984106e-05
7.164777951589984106e-05
7.164777951589984106e-05
5.970648292991652970e-05
5.970648292991652970e-05
5.970648292991652970e-05
5.970648292991652970e-05
5.970648292991652970e-05
3.582388975794992053e-05
5.970648292991652970e-05
5.970648292991652970e-05
4.776518634393322511e-05
5.970648292991652970e-05
3.582388975794992053e-05
5.970648292991652970e-05
5.970648292991652970e-05
5.970648292991652970e-05
5.970648292991652970e-05
