9.970845481049563086e-02
1.943634596695821245e-04
5.762876579203109889e-02
2.920310981535471223e-02
7.551020408163265640e-02
1.127308066083576241e-02
4.859086491739553112e-05
4.859086491739553112e-05
5.573372206025267034e-02
3.547133138969873860e-03
1.885325558794946621e-02
3.741496598639455686e-03
4.480077745383867494e-02
4.859086491739553112e-05
9.961127308066083236e-03
3.862973760932944534e-02
4.859086491739553112e-05
3.396501457725947803e-02
7.774538386783284979e-04
4.859086491739553112e-05
9.718172983479106224e-05
8.017492711370262370e-03
5.296404275996112465e-03
9.718172983479106224e-05
4.859086491739553112e-05
9.475218658892128887e-03
2.915451895043731732e-04
4.859086491739553112e-05
4.859086491739553112e-05
2.376093294460641242e-02
4.470359572400388511e-03
1.661807580174927065e-02
4.859086491739553112e-05
4.859086491739553112e-05
4.859086491739553112e-05
4.859086491739553112e-05
2.235179786200194516e-02
1.632653061224489943e-02
4.859086491739553112e-05
2.283770651117590037e-03
2.429543245869776353e-04
5.199222546161321769e-03
2.915451895043731732e-04
4.859086491739553112e-05
4.859086491739553112e-05
1.827016520894072030e-02
1.943634596695821245e-04
1.506316812439261431e-03
6.997084548104956156e-03
8.746355685131195195e-04
2.429543245869776353e-04
8.260447035957239545e-04
4.859086491739553112e-05
4.859086491739553112e-05
1.166180758017492693e-03
1.457725947521865866e-04
4.859086491739553112e-05
4.859086491739553112e-05
4.859086491739553112e-05
4.859086491739553112e-05
1.613216715257531630e-02
4.859086491739553112e-05
2.818270165208940602e-03
4.859086491739553112e-05
2.526724975704567645e-03
4.859086491739553112e-05
4.859086491739553112e-05
1.263362487852283823e-03
4.859086491739553112e-05
4.859086491739553112e-05
4.859086491739553112e-05
1.375121477162293514e-02
4.859086491739553112e-05
4.859086491739553112e-05
1.248785228377065175e-02
4.859086491739553112e-05
1.326530612244897905e-02
4.859086491739553112e-05
4.859086491739553112e-05
4.859086491739553112e-05
1.943634596695821245e-04
4.859086491739553112e-05
4.859086491739553112e-05
2.526724975704567645e-03
4.859086491739553112e-05
6.365403304178814461e-03
4.859086491739552705e-04
4.859086491739553112e-05
4.859086491739553112e-05
4.859086491739553112e-05
1.457725947521865866e-04
4.859086491739553112e-05
4.859086491739553112e-05
1.112730806608357680e-02
1.034985422740524776e-02
2.429543245869776353e-04
1.846452866861030169e-03
4.859086491739553112e-05
1.005830903790087480e-02
4.859086491739553112e-05
1.457725947521865866e-04
4.859086491739553112e-05
6.025267249757045723e-03
4.859086491739553112e-05
4.859086491739553112e-05
4.859086491739553112e-05
4.859086491739553112e-05
8.309037900874635327e-03
4.859086491739553112e-05
4.859086491739553112e-05
4.859086491739553112e-05
7.580174927113702936e-03
9.718172983479105411e-04
4.859086491739553112e-05
8.066083576287658152e-03
4.859086491739553112e-05
4.859086491739553112e-05
4.859086491739553112e-05
3.741496598639455686e-03
9.718172983479106224e-05
4.859086491739553112e-05
4.859086491739553112e-05
3.741496598639455686e-03
4.859086491739553112e-05
4.859086491739553112e-05
2.429543245869776353e-04
5.344995140913507813e-04
5.344995140913508247e-03
4.859086491739553112e-05
7.240038872691934198e-03
4.859086491739553112e-05
4.859086491739553112e-05
6.122448979591836420e-03
4.859086491739553112e-05
9.718172983479106224e-05
4.859086491739553112e-05
4.859086491739553112e-05
1.457725947521865866e-04
4.859086491739553112e-05
2.818270165208940602e-03
4.859086491739553112e-05
4.859086491739553112e-05
4.859086491739553112e-05
4.859086491739553112e-05
4.859086491739553112e-05
4.859086491739553112e-05
4.859086491739553112e-05
7.288629737609329329e-04
4.859086491739553112e-05
2.186588921282798907e-03
4.859086491739553112e-05
1.457725947521865866e-04
4.859086491739553112e-05
9.718172983479106224e-05
4.859086491739553112e-05
1.166180758017492693e-03
2.089407191448007777e-03
4.859086491739553112e-05
6.122448979591836420e-03
5.102040816326530205e-03
4.859086491739553112e-05
4.859086491739553112e-05
4.859086491739553112e-05
4.859086491739553112e-05
4.859086491739553112e-05
4.859086491739553112e-05
1.846452866861030169e-03
5.539358600583090507e-03
4.859086491739553112e-05
2.040816326530612429e-03
4.859086491739553112e-05
4.859086491739553112e-05
4.859086491739553112e-05
4.859086491739553112e-05
4.859086491739553112e-05
4.859086491739553112e-05
4.859086491739553112e-05
4.859086491739553112e-05
4.761904761904762334e-03
1.263362487852283823e-03
4.859086491739553112e-05
3.498542274052478078e-03
4.859086491739553112e-05
4.859086491739553112e-05
7.288629737609329329e-04
9.718172983479106224e-05
2.915451895043731732e-04
4.859086491739553112e-05
4.859086491739553112e-05
4.859086491739553112e-05
4.859086491739553112e-05
4.859086491739553112e-05
4.859086491739553112e-05
4.859086491739553112e-05
9.718172983479105411e-04
4.859086491739553112e-05
4.859086491739553112e-05
4.859086491739553112e-05
4.859086491739553112e-05
4.859086491739553112e-05
4.859086491739553112e-05
4.859086491739553112e-05
4.859086491739553112e-05
4.859086491739553112e-05
4.859086491739553112e-05
4.859086491739553112e-05
4.859086491739553112e-05
4.859086491739553112e-05
4.859086491739553112e-05
4.859086491739553112e-05
4.859086491739553112e-05
4.859086491739553112e-05
8.746355685131195195e-04
4.859086491739553112e-05
3.790087463556851468e-03
2.040816326530612429e-03
4.859086491739553112e-05
9.232264334305150845e-04
4.859086491739553112e-05
4.859086491739553112e-05
4.859086491739553112e-05
4.859086491739553112e-05
9.718172983479105411e-04
3.401360544217686840e-04
3.838678328474246816e-03
4.859086491739553112e-05
4.859086491739553112e-05
4.859086491739553112e-05
4.859086491739553112e-05
4.859086491739553112e-05
4.859086491739553112e-05
4.859086491739553112e-05
4.859086491739553112e-05
4.859086491739553112e-05
4.859086491739553112e-05
4.859086491739553112e-05
4.859086491739553112e-05
4.859086491739553112e-05
3.304178814382895818e-03
4.859086491739553112e-05
4.859086491739553112e-05
1.603498542274052561e-03
4.859086491739553112e-05
4.859086491739553112e-05
4.859086491739553112e-05
4.859086491739553112e-05
4.859086491739553112e-05
3.692905733722060338e-03
4.859086491739553112e-05
1.652089407191447909e-03
3.109815354713313992e-03
3.401360544217686948e-03
4.859086491739553112e-05
4.859086491739553112e-05
9.718172983479106224e-05
4.859086491739553112e-05
4.859086491739553112e-05
4.859086491739553112e-05
4.859086491739552705e-04
2.915451895043731732e-03
4.859086491739553112e-05
4.859086491739553112e-05
9.718172983479106224e-05
4.859086491739553112e-05
4.859086491739553112e-05
2.235179786200194255e-03
2.964042759961127513e-03
4.859086491739553112e-05
4.859086491739553112e-05
2.429543245869776353e-04
4.859086491739553112e-05
4.859086491739553112e-05
2.526724975704567645e-03
4.859086491739553112e-05
4.859086491739553112e-05
4.859086491739553112e-05
4.859086491739553112e-05
4.859086491739553112e-05
4.859086491739553112e-05
4.859086491739553112e-05
4.859086491739553112e-05
2.769679300291545253e-03
4.859086491739553112e-05
2.429543245869776353e-04
2.769679300291545253e-03
4.859086491739553112e-05
4.859086491739553112e-05
4.859086491739553112e-05
4.859086491739553112e-05
4.859086491739553112e-05
4.373177842565597597e-04
2.332361516034985385e-03
4.859086491739553112e-05
2.429543245869776353e-04
4.859086491739553112e-05
4.859086491739553112e-05
4.859086491739553112e-05
4.859086491739553112e-05
4.859086491739553112e-05
4.859086491739553112e-05
1.117589893100097128e-03
4.859086491739553112e-05
4.859086491739553112e-05
4.859086491739553112e-05
2.575315840621962993e-03
4.859086491739553112e-05
4.859086491739553112e-05
1.457725947521865866e-04
4.859086491739553112e-05
4.859086491739553112e-05
1.895043731778425734e-03
4.859086491739553112e-05
4.859086491739553112e-05
2.429543245869776515e-03
4.859086491739553112e-05
4.859086491739553112e-05
4.859086491739553112e-05
4.859086491739553112e-05
4.859086491739553112e-05
1.554907677356656996e-03
4.859086491739553112e-05
4.859086491739553112e-05
4.859086491739553112e-05
9.718172983479106224e-05
4.859086491739553112e-05
1.166180758017492693e-03
2.235179786200194255e-03
2.429543245869776353e-04
4.859086491739553112e-05
4.859086491739553112e-05
4.859086491739553112e-05
4.859086491739553112e-05
4.859086491739553112e-05
4.859086491739553112e-05
1.943634596695821082e-03
4.859086491739553112e-05
4.859086491739553112e-05
1.895043731778425734e-03
4.859086491739553112e-05
2.429543245869776353e-04
4.859086491739553112e-05
4.859086491739553112e-05
1.895043731778425734e-03
4.859086491739553112e-05
4.859086491739553112e-05
4.859086491739553112e-05
4.859086491739553112e-05
4.859086491739553112e-05
4.859086491739553112e-05
4.859086491739553112e-05
4.859086491739553112e-05
4.859086491739553112e-05
4.859086491739553112e-05
4.859086491739553112e-05
4.859086491739553112e-05
4.859086491739553112e-05
4.859086491739553112e-05
4.859086491739553112e-05
4.859086491739553112e-05
4.859086491739553112e-05
4.859086491739553112e-05
4.859086491739553112e-05
8.746355685131195195e-04
1.797862001943634604e-03
1.214771622934888258e-03
1.700680272108843474e-03
1.020408163265306214e-03
4.859086491739553112e-05
4.859086491739553112e-05
4.859086491739553112e-05
4.859086491739553112e-05
4.859086491739553112e-05
4.859086491739553112e-05
4.859086491739553112e-05
1.797862001943634604e-03
4.859086491739553112e-05
4.859086491739553112e-05
4.859086491739553112e-05
1.895043731778425734e-03
4.859086491739553112e-05
4.859086491739553112e-05
4.859086491739553112e-05
4.859086491739553112e-05
4.859086491739553112e-05
4.859086491739553112e-05
4.859086491739553112e-05
4.859086491739553112e-05
4.859086491739553112e-05
4.859086491739553112e-05
4.859086491739553112e-05
4.859086491739553112e-05
4.859086491739553112e-05
4.859086491739553112e-05
4.859086491739553112e-05
4.859086491739553112e-05
4.859086491739553112e-05
4.859086491739553112e-05
1.797862001943634604e-03
4.859086491739553112e-05
4.859086491739553112e-05
4.859086491739553112e-05
1.457725947521865866e-04
4.859086491739553112e-05
4.859086491739553112e-05
4.859086491739553112e-05
4.859086491739553112e-05
4.859086491739553112e-05
4.859086491739553112e-05
4.859086491739553112e-05
4.859086491739553112e-05
4.859086491739553112e-05
1.700680272108843474e-03
4.859086491739553112e-05
4.859086491739553112e-05
1.554907677356656996e-03
4.859086491739553112e-05
1.166180758017492693e-03
8.260447035957239545e-04
4.859086491739553112e-05
4.859086491739553112e-05
4.859086491739553112e-05
4.859086491739553112e-05
4.859086491739553112e-05
1.117589893100097128e-03
1.457725947521865866e-03
4.859086491739553112e-05
4.859086491739553112e-05
4.859086491739553112e-05
4.859086491739553112e-05
4.859086491739553112e-05
4.859086491739553112e-05
4.859086491739553112e-05
4.859086491739553112e-05
4.859086491739553112e-05
9.718172983479105411e-04
4.859086491739553112e-05
4.859086491739553112e-05
1.506316812439261431e-03
1.020408163265306214e-03
4.859086491739553112e-05
4.859086491739553112e-05
4.859086491739553112e-05
7.288629737609329329e-04
4.859086491739553112e-05
4.859086491739553112e-05
4.859086491739553112e-05
4.859086491739553112e-05
4.859086491739553112e-05
4.859086491739553112e-05
4.859086491739553112e-05
4.859086491739553112e-05
4.859086491739553112e-05
4.859086491739553112e-05
4.859086491739553112e-05
1.311953352769679388e-03
4.859086491739553112e-05
4.859086491739553112e-05
4.859086491739553112e-05
4.859086491739553112e-05
4.859086491739553112e-05
4.859086491739553112e-05
4.859086491739553112e-05
4.859086491739553112e-05
4.859086491739553112e-05
9.718172983479105411e-04
4.859086491739553112e-05
4.859086491739553112e-05
4.859086491739553112e-05
4.859086491739553112e-05
9.718172983479105411e-04
4.859086491739553112e-05
4.859086491739553112e-05
4.859086491739553112e-05
4.859086491739553112e-05
4.859086491739553112e-05
4.859086491739553112e-05
4.859086491739553112e-05
9.718172983479106224e-05
4.859086491739553112e-05
4.859086491739553112e-05
4.859086491739553112e-05
4.859086491739553112e-05
4.859086491739553112e-05
4.859086491739553112e-05
4.859086491739553112e-05
4.859086491739553112e-05
4.859086491739553112e-05
4.859086491739553112e-05
1.457725947521865866e-04
4.859086491739553112e-05
2.915451895043731732e-04
7.288629737609329329e-04
9.718172983479105411e-04
4.859086491739553112e-05
4.859086491739553112e-05
4.859086491739553112e-05
4.859086491739553112e-05
4.859086491739553112e-05
4.859086491739553112e-05
4.859086491739553112e-05
4.859086491739553112e-05
1.117589893100097128e-03
4.859086491739553112e-05
1.166180758017492693e-03
4.859086491739553112e-05
9.718172983479106224e-05
4.859086491739553112e-05
4.859086491739553112e-05
1.117589893100097128e-03
4.859086491739553112e-05
4.859086491739553112e-05
4.859086491739553112e-05
4.859086491739553112e-05
4.859086491739553112e-05
4.859086491739553112e-05
4.859086491739553112e-05
4.859086491739553112e-05
4.859086491739553112e-05
6.802721088435373679e-04
4.859086491739553112e-05
1.457725947521865866e-04
4.859086491739553112e-05
6.802721088435373679e-04
1.020408163265306214e-03
4.859086491739553112e-05
4.859086491739553112e-05
4.859086491739553112e-05
4.859086491739553112e-05
1.020408163265306214e-03
2.429543245869776353e-04
4.859086491739553112e-05
4.859086491739553112e-05
4.859086491739553112e-05
4.859086491739553112e-05
4.859086491739553112e-05
4.859086491739553112e-05
4.859086491739553112e-05
4.859086491739553112e-05
4.859086491739553112e-05
4.859086491739553112e-05
4.859086491739553112e-05
4.859086491739553112e-05
4.859086491739553112e-05
4.859086491739553112e-05
9.232264334305150845e-04
4.859086491739553112e-05
4.859086491739553112e-05
4.859086491739553112e-05
4.859086491739553112e-05
4.859086491739553112e-05
4.859086491739553112e-05
9.232264334305150845e-04
4.859086491739553112e-05
4.859086491739553112e-05
4.859086491739553112e-05
4.859086491739553112e-05
4.859086491739553112e-05
4.859086491739553112e-05
4.859086491739553112e-05
4.859086491739553112e-05
4.859086491739553112e-05
9.232264334305150845e-04
4.859086491739553112e-05
4.859086491739553112e-05
4.859086491739553112e-05
4.859086491739553112e-05
4.859086491739553112e-05
4.859086491739553112e-05
4.859086491739553112e-05
4.859086491739553112e-05
4.859086491739553112e-05
4.859086491739553112e-05
4.859086491739553112e-05
4.859086491739553112e-05
4.859086491739553112e-05
4.859086491739553112e-05
5.344995140913507813e-04
4.859086491739553112e-05
4.859086491739553112e-05
4.859086491739553112e-05
4.859086491739553112e-05
4.859086491739553112e-05
4.859086491739553112e-05
4.859086491739553112e-05
4.859086491739553112e-05
4.859086491739553112e-05
4.859086491739553112e-05
9.718172983479106224e-05
4.859086491739553112e-05
4.859086491739553112e-05
4.859086491739553112e-05
4.859086491739553112e-05
4.859086491739553112e-05
4.859086491739553112e-05
4.859086491739553112e-05
4.859086491739553112e-05
4.859086491739553112e-05
4.859086491739553112e-05
4.859086491739553112e-05
4.859086491739553112e-05
8.260447035957239545e-04
4.859086491739553112e-05
4.859086491739553112e-05
4.859086491739553112e-05
3.401360544217686840e-04
4.859086491739553112e-05
4.859086491739553112e-05
6.802721088435373679e-04
4.859086491739553112e-05
4.859086491739553112e-05
4.859086491739553112e-05
4.859086491739553112e-05
4.859086491739553112e-05
7.774538386783284979e-04
4.373177842565597597e-04
4.859086491739553112e-05
4.859086491739553112e-05
4.859086491739553112e-05
4.859086491739553112e-05
4.859086491739553112e-05
4.859086491739553112e-05
4.859086491739553112e-05
6.802721088435373679e-04
4.859086491739553112e-05
4.859086491739553112e-05
4.859086491739553112e-05
7.288629737609329329e-04
7.288629737609329329e-04
4.859086491739553112e-05
4.859086491739553112e-05
4.859086491739553112e-05
2.429543245869776353e-04
4.859086491739553112e-05
4.859086491739553112e-05
4.859086491739553112e-05
4.859086491739553112e-05
4.859086491739553112e-05
4.859086491739553112e-05
4.859086491739553112e-05
4.859086491739553112e-05
9.718172983479106224e-05
4.859086491739553112e-05
4.859086491739553112e-05
4.859086491739553112e-05
4.859086491739553112e-05
4.859086491739552705e-04
4.859086491739553112e-05
4.859086491739553112e-05
6.802721088435373679e-04
4.859086491739553112e-05
4.859086491739553112e-05
4.859086491739553112e-05
4.859086491739553112e-05
4.859086491739553112e-05
4.859086491739553112e-05
4.859086491739553112e-05
4.859086491739553112e-05
4.859086491739553112e-05
4.859086491739553112e-05
4.859086491739553112e-05
4.859086491739553112e-05
4.859086491739553112e-05
4.859086491739553112e-05
6.316812439261419113e-04
4.859086491739553112e-05
4.859086491739553112e-05
4.859086491739553112e-05
4.859086491739553112e-05
4.859086491739553112e-05
9.718172983479106224e-05
4.859086491739553112e-05
4.859086491739553112e-05
4.859086491739553112e-05
4.859086491739553112e-05
6.316812439261419113e-04
3.401360544217686840e-04
4.859086491739553112e-05
4.859086491739553112e-05
4.859086491739553112e-05
4.859086491739553112e-05
4.859086491739553112e-05
4.859086491739553112e-05
4.859086491739553112e-05
4.859086491739553112e-05
4.859086491739553112e-05
4.859086491739553112e-05
5.830903790087463463e-04
4.859086491739553112e-05
4.859086491739553112e-05
4.859086491739553112e-05
4.859086491739553112e-05
4.859086491739553112e-05
4.859086491739553112e-05
4.859086491739553112e-05
1.457725947521865866e-04
4.859086491739553112e-05
4.859086491739553112e-05
4.859086491739553112e-05
4.859086491739553112e-05
4.859086491739553112e-05
4.859086491739553112e-05
4.859086491739553112e-05
4.859086491739553112e-05
4.859086491739553112e-05
5.344995140913507813e-04
4.859086491739553112e-05
4.859086491739553112e-05
3.401360544217686840e-04
4.859086491739553112e-05
4.859086491739553112e-05
4.859086491739553112e-05
4.859086491739553112e-05
4.859086491739553112e-05
4.859086491739553112e-05
5.344995140913507813e-04
4.859086491739553112e-05
4.859086491739553112e-05
3.401360544217686840e-04
4.859086491739553112e-05
5.344995140913507813e-04
4.859086491739553112e-05
4.859086491739553112e-05
4.859086491739553112e-05
4.859086491739553112e-05
5.344995140913507813e-04
5.344995140913507813e-04
2.429543245869776353e-04
4.373177842565597597e-04
4.859086491739553112e-05
4.859086491739553112e-05
3.887269193391642490e-04
4.859086491739553112e-05
4.859086491739553112e-05
4.859086491739553112e-05
4.859086491739553112e-05
4.859086491739553112e-05
4.859086491739553112e-05
4.859086491739553112e-05
4.859086491739553112e-05
4.859086491739553112e-05
3.887269193391642490e-04
4.859086491739552705e-04
3.887269193391642490e-04
4.859086491739553112e-05
4.859086491739553112e-05
4.859086491739553112e-05
4.859086491739553112e-05
4.859086491739553112e-05
3.401360544217686840e-04
4.859086491739553112e-05
4.859086491739553112e-05
4.859086491739553112e-05
4.859086491739553112e-05
4.373177842565597597e-04
4.859086491739553112e-05
4.859086491739553112e-05
4.859086491739553112e-05
4.859086491739553112e-05
4.859086491739553112e-05
4.859086491739553112e-05
4.859086491739553112e-05
4.373177842565597597e-04
4.859086491739553112e-05
4.859086491739553112e-05
4.859086491739553112e-05
4.859086491739553112e-05
4.859086491739553112e-05
4.859086491739553112e-05
4.373177842565597597e-04
4.859086491739553112e-05
4.373177842565597597e-04
4.859086491739553112e-05
4.859086491739553112e-05
4.373177842565597597e-04
4.859086491739553112e-05
4.373177842565597597e-04
4.859086491739553112e-05
4.859086491739553112e-05
4.859086491739553112e-05
4.373177842565597597e-04
4.859086491739553112e-05
4.859086491739553112e-05
4.859086491739553112e-05
4.373177842565597597e-04
4.859086491739553112e-05
4.859086491739553112e-05
4.373177842565597597e-04
4.859086491739553112e-05
4.859086491739553112e-05
4.859086491739553112e-05
4.859086491739553112e-05
4.373177842565597597e-04
4.859086491739553112e-05
4.859086491739553112e-05
4.859086491739553112e-05
4.859086491739553112e-05
4.859086491739553112e-05
4.859086491739553112e-05
4.859086491739553112e-05
4.859086491739553112e-05
4.859086491739553112e-05
4.859086491739553112e-05
4.859086491739553112e-05
4.859086491739553112e-05
4.859086491739553112e-05
4.859086491739553112e-05
3.401360544217686840e-04
3.887269193391642490e-04
4.859086491739553112e-05
4.859086491739553112e-05
4.859086491739553112e-05
4.859086491739553112e-05
4.859086491739553112e-05
4.859086491739553112e-05
4.859086491739553112e-05
3.401360544217686840e-04
4.859086491739553112e-05
4.859086491739553112e-05
4.859086491739553112e-05
4.859086491739553112e-05
4.859086491739553112e-05
4.859086491739553112e-05
4.859086491739553112e-05
3.401360544217686840e-04
4.859086491739553112e-05
4.859086491739553112e-05
4.859086491739553112e-05
4.859086491739553112e-05
4.859086491739553112e-05
4.859086491739553112e-05
4.859086491739553112e-05
3.401360544217686840e-04
4.859086491739553112e-05
4.859086491739553112e-05
4.859086491739553112e-05
4.859086491739553112e-05
4.859086491739553112e-05
4.859086491739553112e-05
2.429543245869776353e-04
4.859086491739553112e-05
4.859086491739553112e-05
3.401360544217686840e-04
4.859086491739553112e-05
4.859086491739553112e-05
4.859086491739553112e-05
4.859086491739553112e-05
4.859086491739553112e-05
3.401360544217686840e-04
4.859086491739553112e-05
4.859086491739553112e-05
4.859086491739553112e-05
1.457725947521865866e-04
4.859086491739553112e-05
4.859086491739553112e-05
4.859086491739553112e-05
4.859086491739553112e-05
4.859086491739553112e-05
4.859086491739553112e-05
4.859086491739553112e-05
4.859086491739553112e-05
4.859086491739553112e-05
4.859086491739553112e-05
4.859086491739553112e-05
4.859086491739553112e-05
4.859086491739553112e-05
4.859086491739553112e-05
4.859086491739553112e-05
4.859086491739553112e-05
3.401360544217686840e-04
4.859086491739553112e-05
3.401360544217686840e-04
4.859086491739553112e-05
4.859086491739553112e-05
4.859086491739553112e-05
4.859086491739553112e-05
4.859086491739553112e-05
4.859086491739553112e-05
4.859086491739553112e-05
4.859086491739553112e-05
4.859086491739553112e-05
4.859086491739553112e-05
4.859086491739553112e-05
4.859086491739553112e-05
4.859086491739553112e-05
4.859086491739553112e-05
2.915451895043731732e-04
4.859086491739553112e-05
4.859086491739553112e-05
4.859086491739553112e-05
4.859086491739553112e-05
4.859086491739553112e-05
4.859086491739553112e-05
4.859086491739553112e-05
4.859086491739553112e-05
4.859086491739553112e-05
4.859086491739553112e-05
4.859086491739553112e-05
4.859086491739553112e-05
1.943634596695821245e-04
4.859086491739553112e-05
