2.826513414196115195e-02
2.805791175089105555e-02
2.289116680020998607e-02
2.188268449700218193e-02
2.168927693200342621e-02
2.116431354129251485e-02
2.051501671593954773e-02
1.878816345702207652e-02
1.288923272455999754e-02
1.208797281242229155e-02
1.241952863813444545e-02
1.199126902992291369e-02
1.078937916171635383e-02
1.105186085707180951e-02
9.255933467797640077e-03
9.145414859226921531e-03
9.131600033155582580e-03
8.454673555659934087e-03
8.786229381372087990e-03
8.509932859945293360e-03
8.427043903517254450e-03
7.957339817091702364e-03
8.026413947448402322e-03
7.321857817810074193e-03
7.501450556737490963e-03
7.363302296024092780e-03
6.341005166744950565e-03
7.100820600668637968e-03
6.603486862100406245e-03
6.410079297101649656e-03
5.360152515679827805e-03
6.562042383886386790e-03
6.216671732102893068e-03
6.106153123532174522e-03
6.147597601746193977e-03
6.354819992816290383e-03
6.202856906031553250e-03
6.092338297460834703e-03
5.014781863896333215e-03
5.512115602464564938e-03
5.222004254966429622e-03
5.249633907109109258e-03
4.614151907827480220e-03
5.083855994253032307e-03
5.180559776752411034e-03
4.710855690326858948e-03
5.415411819965186210e-03
5.346337689608487986e-03
4.517448125328102360e-03
5.000967037824993397e-03
5.249633907109109258e-03
5.070041168181692488e-03
4.904263255325615536e-03
4.724670516398198766e-03
4.738485342469538585e-03
4.862818777111596082e-03
4.558892603542121814e-03
4.420744342828723632e-03
3.978669908545851182e-03
4.185892299615947588e-03
4.254966429972646680e-03
3.812891995689774230e-03
3.412262039620921235e-03
3.633299256762357460e-03
3.771447517475754775e-03
3.578039952476998187e-03
3.757632691404415391e-03
3.260298952836183668e-03
3.481336169977619893e-03
3.536595474262979166e-03
3.412262039620921235e-03
3.370817561406901780e-03
3.412262039620921235e-03
3.481336169977619893e-03
3.135965518194125737e-03
2.776780040339292197e-03
3.426076865692261053e-03
3.398447213549581417e-03
3.163595170336805373e-03
2.832039344624651036e-03
3.287928604978863304e-03
2.417594562484458223e-03
3.163595170336805373e-03
2.652446605697234266e-03
2.514298344983836517e-03
2.569557649269195790e-03
3.108335866051446534e-03
2.707705909982593105e-03
2.666261431768574084e-03
2.680076257839913902e-03
2.362335258199099383e-03
2.459039040698477677e-03
2.707705909982593105e-03
2.376150084270439201e-03
2.182742519271682179e-03
2.445224214627137859e-03
2.528113171055176335e-03
2.238001823557041452e-03
1.961705302130246388e-03
2.417594562484458223e-03
2.376150084270439201e-03
2.307075953913740110e-03
2.086038736772303885e-03
1.906445997844887115e-03
2.086038736772303885e-03
2.168927693200342795e-03
2.238001823557041452e-03
2.182742519271682179e-03
1.906445997844887115e-03
2.210372171414361816e-03
1.947890476058906353e-03
2.099853562843643703e-03
2.058409084629624682e-03
2.099853562843643703e-03
2.044594258558284864e-03
2.224186997485701634e-03
2.044594258558284864e-03
2.196557345343021998e-03
1.713038432846130527e-03
1.657779128560771470e-03
2.099853562843643703e-03
2.168927693200342795e-03
1.906445997844887115e-03
1.740668084988809946e-03
2.044594258558284864e-03
1.574890172132732778e-03
1.851186693559528059e-03
1.920260823916226933e-03
1.906445997844887115e-03
1.726853258917470128e-03
1.519630867847373721e-03
2.016964606415605227e-03
1.865001519630867877e-03
1.754482911060149765e-03
1.878816345702207695e-03
1.616334650346752232e-03
1.740668084988809946e-03
1.616334650346752232e-03
1.699223606774790708e-03
1.588704998204072596e-03
1.657779128560771470e-03
1.602519824275412414e-03
1.657779128560771470e-03
1.561075346061393176e-03
1.657779128560771470e-03
1.574890172132732778e-03
1.409112259276655609e-03
1.643964302489431652e-03
1.657779128560771470e-03
1.561075346061393176e-03
1.726853258917470128e-03
1.616334650346752232e-03
1.409112259276655609e-03
1.478186389633354483e-03
1.464371563562014665e-03
1.367667781062636371e-03
1.519630867847373721e-03
1.519630867847373721e-03
1.326223302848617133e-03
1.243334346420578657e-03
1.395297433205316007e-03
1.340038128919956951e-03
1.257149172491918258e-03
1.519630867847373721e-03
1.340038128919956951e-03
1.409112259276655609e-03
1.284778824634597895e-03
1.464371563562014665e-03
1.340038128919956951e-03
1.409112259276655609e-03
1.132815737849860544e-03
1.326223302848617133e-03
1.326223302848617133e-03
1.243334346420578657e-03
1.188075042135219601e-03
1.201889868206559202e-03
1.298593650705937713e-03
1.284778824634597895e-03
1.298593650705937713e-03
1.160445389992539964e-03
1.243334346420578657e-03
1.270963998563258077e-03
1.132815737849860544e-03
1.188075042135219601e-03
1.146630563921200146e-03
1.243334346420578657e-03
1.132815737849860544e-03
1.091371259635841090e-03
1.091371259635841090e-03
1.063741607493161670e-03
1.146630563921200146e-03
1.008482303207802614e-03
9.946674771364627955e-04
1.022297129279142432e-03
9.808526510651231940e-04
8.288895642803857352e-04
1.049926781421821852e-03
1.022297129279142432e-03
1.063741607493161670e-03
1.063741607493161670e-03
1.077556433564501488e-03
9.117785207084243195e-04
1.105186085707180908e-03
1.049926781421821852e-03
1.049926781421821852e-03
9.808526510651231940e-04
1.091371259635841090e-03
9.255933467797640294e-04
8.979636946370845012e-04
8.012599121377062070e-04
1.022297129279142432e-03
9.946674771364627955e-04
9.808526510651231940e-04
9.117785207084243195e-04
9.946674771364627955e-04
9.946674771364627955e-04
7.874450860663663888e-04
8.979636946370845012e-04
9.946674771364627955e-04
9.117785207084243195e-04
9.394081728511038476e-04
8.841488685657447914e-04
8.841488685657447914e-04
9.394081728511038476e-04
8.841488685657447914e-04
8.979636946370845012e-04
4.973337385682313977e-04
9.394081728511038476e-04
8.841488685657447914e-04
6.769264774956482763e-04
7.183709557096676227e-04
7.736302599950266789e-04
7.183709557096676227e-04
7.598154339236868606e-04
8.427043903517254450e-04
8.565192164230652633e-04
8.288895642803857352e-04
8.288895642803857352e-04
8.841488685657447914e-04
8.427043903517254450e-04
8.427043903517254450e-04
8.288895642803857352e-04
8.288895642803857352e-04
8.288895642803857352e-04
7.460006078523471508e-04
8.012599121377062070e-04
7.321857817810073325e-04
7.874450860663663888e-04
7.736302599950266789e-04
7.460006078523471508e-04
8.150747382090459169e-04
6.769264774956482763e-04
7.598154339236868606e-04
6.354819992816290383e-04
6.631116514243085664e-04
8.288895642803857352e-04
7.321857817810073325e-04
8.012599121377062070e-04
8.012599121377062070e-04
7.183709557096676227e-04
7.045561296383278044e-04
7.598154339236868606e-04
6.907413035669880946e-04
6.354819992816290383e-04
6.769264774956482763e-04
6.907413035669880946e-04
6.907413035669880946e-04
6.631116514243085664e-04
5.249633907109109258e-04
6.492968253529688566e-04
6.492968253529688566e-04
6.769264774956482763e-04
6.492968253529688566e-04
6.631116514243085664e-04
6.354819992816290383e-04
5.525930428535904540e-04
4.420744342828723957e-04
4.697040864255519238e-04
6.631116514243085664e-04
6.769264774956482763e-04
6.078523471389495102e-04
6.631116514243085664e-04
4.697040864255519238e-04
6.216671732102893285e-04
5.525930428535904540e-04
5.525930428535904540e-04
6.492968253529688566e-04
5.940375210676098004e-04
5.525930428535904540e-04
6.354819992816290383e-04
5.940375210676098004e-04
5.525930428535904540e-04
6.078523471389495102e-04
5.664078689249302722e-04
5.525930428535904540e-04
5.802226949962699821e-04
5.940375210676098004e-04
4.697040864255519238e-04
5.802226949962699821e-04
5.802226949962699821e-04
4.006299560688531035e-04
4.282596082115326316e-04
4.835189124968916879e-04
5.664078689249302722e-04
5.664078689249302722e-04
4.697040864255519238e-04
4.420744342828723957e-04
5.387782167822507441e-04
4.973337385682313977e-04
5.802226949962699821e-04
5.387782167822507441e-04
4.973337385682313977e-04
4.282596082115326316e-04
4.835189124968916879e-04
4.973337385682313977e-04
5.387782167822507441e-04
4.697040864255519238e-04
4.697040864255519238e-04
4.420744342828723957e-04
4.835189124968916879e-04
5.249633907109109258e-04
5.387782167822507441e-04
5.387782167822507441e-04
4.835189124968916879e-04
4.973337385682313977e-04
4.835189124968916879e-04
4.697040864255519238e-04
4.420744342828723957e-04
4.973337385682313977e-04
4.420744342828723957e-04
5.249633907109109258e-04
4.973337385682313977e-04
2.762965214267952270e-04
4.558892603542121598e-04
4.006299560688531035e-04
4.420744342828723957e-04
4.558892603542121598e-04
4.144447821401928676e-04
5.111485646395712160e-04
4.697040864255519238e-04
4.697040864255519238e-04
4.144447821401928676e-04
4.973337385682313977e-04
4.282596082115326316e-04
4.973337385682313977e-04
3.591854778548338113e-04
3.453706517834940473e-04
3.868151299975133395e-04
4.282596082115326316e-04
4.420744342828723957e-04
4.420744342828723957e-04
4.144447821401928676e-04
4.420744342828723957e-04
4.144447821401928676e-04
3.730003039261735754e-04
4.144447821401928676e-04
4.558892603542121598e-04
4.420744342828723957e-04
4.420744342828723957e-04
4.144447821401928676e-04
4.144447821401928676e-04
4.420744342828723957e-04
4.144447821401928676e-04
3.315558257121542832e-04
3.868151299975133395e-04
3.591854778548338113e-04
3.591854778548338113e-04
3.730003039261735754e-04
4.282596082115326316e-04
4.006299560688531035e-04
4.144447821401928676e-04
4.144447821401928676e-04
4.144447821401928676e-04
4.144447821401928676e-04
3.039261735694747551e-04
4.144447821401928676e-04
4.144447821401928676e-04
4.006299560688531035e-04
3.591854778548338113e-04
4.006299560688531035e-04
3.453706517834940473e-04
3.730003039261735754e-04
3.315558257121542832e-04
3.868151299975133395e-04
4.006299560688531035e-04
3.039261735694747551e-04
3.730003039261735754e-04
2.762965214267952270e-04
3.868151299975133395e-04
3.039261735694747551e-04
3.591854778548338113e-04
3.730003039261735754e-04
3.591854778548338113e-04
3.591854778548338113e-04
3.868151299975133395e-04
3.177409996408145192e-04
2.901113474981349910e-04
3.730003039261735754e-04
3.453706517834940473e-04
3.730003039261735754e-04
3.453706517834940473e-04
3.591854778548338113e-04
3.039261735694747551e-04
3.039261735694747551e-04
3.591854778548338113e-04
3.591854778548338113e-04
3.315558257121542832e-04
3.591854778548338113e-04
3.453706517834940473e-04
2.210372171414361978e-04
3.315558257121542832e-04
2.486668692841156989e-04
3.453706517834940473e-04
3.453706517834940473e-04
3.315558257121542832e-04
2.762965214267952270e-04
2.762965214267952270e-04
3.177409996408145192e-04
9.670378249937833486e-05
3.315558257121542832e-04
2.901113474981349910e-04
2.348520432127759619e-04
2.486668692841156989e-04
2.210372171414361978e-04
2.486668692841156989e-04
2.624816953554554629e-04
2.901113474981349910e-04
3.039261735694747551e-04
2.624816953554554629e-04
3.177409996408145192e-04
2.901113474981349910e-04
3.039261735694747551e-04
1.657779128560771416e-04
3.039261735694747551e-04
3.039261735694747551e-04
2.762965214267952270e-04
2.762965214267952270e-04
2.624816953554554629e-04
2.210372171414361978e-04
8.288895642803857081e-05
3.039261735694747551e-04
2.624816953554554629e-04
3.039261735694747551e-04
2.486668692841156989e-04
2.762965214267952270e-04
2.624816953554554629e-04
2.348520432127759619e-04
2.210372171414361978e-04
2.762965214267952270e-04
2.624816953554554629e-04
2.762965214267952270e-04
5.525930428535904946e-05
2.210372171414361978e-04
2.486668692841156989e-04
2.762965214267952270e-04
2.762965214267952270e-04
2.486668692841156989e-04
2.210372171414361978e-04
2.348520432127759619e-04
2.486668692841156989e-04
2.624816953554554629e-04
2.624816953554554629e-04
2.210372171414361978e-04
2.348520432127759619e-04
2.210372171414361978e-04
2.486668692841156989e-04
2.486668692841156989e-04
1.934075649987566697e-04
2.210372171414361978e-04
2.486668692841156989e-04
1.795927389274169057e-04
2.210372171414361978e-04
2.486668692841156989e-04
2.486668692841156989e-04
2.486668692841156989e-04
2.210372171414361978e-04
2.486668692841156989e-04
2.348520432127759619e-04
1.381482607133976135e-04
2.210372171414361978e-04
2.072223910700964338e-04
2.210372171414361978e-04
2.486668692841156989e-04
2.210372171414361978e-04
2.486668692841156989e-04
2.486668692841156989e-04
2.486668692841156989e-04
2.210372171414361978e-04
2.486668692841156989e-04
2.348520432127759619e-04
1.657779128560771416e-04
2.348520432127759619e-04
2.210372171414361978e-04
2.072223910700964338e-04
2.210372171414361978e-04
2.072223910700964338e-04
1.934075649987566697e-04
2.348520432127759619e-04
2.348520432127759619e-04
2.210372171414361978e-04
2.348520432127759619e-04
2.210372171414361978e-04
2.072223910700964338e-04
2.210372171414361978e-04
2.210372171414361978e-04
2.210372171414361978e-04
1.657779128560771416e-04
2.210372171414361978e-04
2.210372171414361978e-04
1.934075649987566697e-04
1.934075649987566697e-04
1.934075649987566697e-04
2.210372171414361978e-04
2.210372171414361978e-04
2.210372171414361978e-04
2.210372171414361978e-04
2.210372171414361978e-04
1.934075649987566697e-04
1.934075649987566697e-04
2.072223910700964338e-04
1.657779128560771416e-04
1.381482607133976135e-04
2.210372171414361978e-04
1.381482607133976135e-04
2.210372171414361978e-04
2.210372171414361978e-04
1.934075649987566697e-04
2.210372171414361978e-04
1.795927389274169057e-04
1.934075649987566697e-04
1.795927389274169057e-04
2.072223910700964338e-04
1.795927389274169057e-04
1.795927389274169057e-04
1.934075649987566697e-04
1.381482607133976135e-04
0.000000000000000000e+00
1.934075649987566697e-04
1.934075649987566697e-04
1.934075649987566697e-04
1.934075649987566697e-04
1.934075649987566697e-04
1.934075649987566697e-04
1.657779128560771416e-04
1.795927389274169057e-04
1.934075649987566697e-04
1.934075649987566697e-04
1.934075649987566697e-04
1.934075649987566697e-04
1.657779128560771416e-04
1.795927389274169057e-04
1.795927389274169057e-04
5.525930428535904946e-05
0.000000000000000000e+00
1.934075649987566697e-04
1.519630867847373776e-04
1.657779128560771416e-04
1.657779128560771416e-04
1.519630867847373776e-04
1.795927389274169057e-04
1.795927389274169057e-04
1.795927389274169057e-04
1.795927389274169057e-04
1.795927389274169057e-04
1.381482607133976135e-04
1.657779128560771416e-04
1.519630867847373776e-04
1.795927389274169057e-04
1.795927389274169057e-04
1.519630867847373776e-04
1.795927389274169057e-04
1.105186085707180989e-04
1.381482607133976135e-04
1.657779128560771416e-04
1.657779128560771416e-04
9.670378249937833486e-05
1.657779128560771416e-04
1.105186085707180989e-04
1.519630867847373776e-04
1.657779128560771416e-04
1.381482607133976135e-04
8.288895642803857081e-05
1.657779128560771416e-04
1.105186085707180989e-04
1.657779128560771416e-04
1.381482607133976135e-04
1.381482607133976135e-04
1.657779128560771416e-04
1.657779128560771416e-04
1.657779128560771416e-04
0.000000000000000000e+00
1.657779128560771416e-04
1.105186085707180989e-04
1.657779128560771416e-04
8.288895642803857081e-05
1.657779128560771416e-04
1.657779128560771416e-04
1.657779128560771416e-04
1.519630867847373776e-04
1.519630867847373776e-04
1.381482607133976135e-04
1.381482607133976135e-04
1.519630867847373776e-04
1.519630867847373776e-04
1.243334346420578494e-04
1.519630867847373776e-04
4.144447821401928540e-05
1.519630867847373776e-04
1.519630867847373776e-04
1.381482607133976135e-04
1.519630867847373776e-04
1.519630867847373776e-04
1.519630867847373776e-04
1.381482607133976135e-04
9.670378249937833486e-05
1.105186085707180989e-04
1.381482607133976135e-04
1.243334346420578494e-04
1.243334346420578494e-04
1.381482607133976135e-04
1.381482607133976135e-04
1.381482607133976135e-04
1.381482607133976135e-04
1.105186085707180989e-04
1.243334346420578494e-04
1.381482607133976135e-04
1.105186085707180989e-04
1.381482607133976135e-04
1.381482607133976135e-04
8.288895642803857081e-05
1.243334346420578494e-04
8.288895642803857081e-05
1.381482607133976135e-04
1.381482607133976135e-04
1.381482607133976135e-04
8.288895642803857081e-05
1.381482607133976135e-04
1.381482607133976135e-04
1.105186085707180989e-04
1.381482607133976135e-04
1.381482607133976135e-04
1.381482607133976135e-04
1.381482607133976135e-04
1.105186085707180989e-04
1.381482607133976135e-04
1.381482607133976135e-04
1.243334346420578494e-04
1.243334346420578494e-04
1.105186085707180989e-04
1.105186085707180989e-04
1.105186085707180989e-04
1.105186085707180989e-04
1.105186085707180989e-04
1.243334346420578494e-04
1.105186085707180989e-04
9.670378249937833486e-05
1.105186085707180989e-04
9.670378249937833486e-05
1.105186085707180989e-04
1.243334346420578494e-04
1.243334346420578494e-04
9.670378249937833486e-05
1.105186085707180989e-04
1.105186085707180989e-04
1.105186085707180989e-04
2.762965214267952473e-05
1.105186085707180989e-04
1.105186085707180989e-04
1.105186085707180989e-04
1.105186085707180989e-04
1.105186085707180989e-04
1.105186085707180989e-04
1.105186085707180989e-04
1.105186085707180989e-04
8.288895642803857081e-05
1.105186085707180989e-04
1.105186085707180989e-04
1.105186085707180989e-04
8.288895642803857081e-05
1.105186085707180989e-04
1.105186085707180989e-04
1.105186085707180989e-04
1.105186085707180989e-04
1.105186085707180989e-04
1.105186085707180989e-04
5.525930428535904946e-05
1.105186085707180989e-04
1.105186085707180989e-04
1.105186085707180989e-04
1.105186085707180989e-04
1.105186085707180989e-04
1.105186085707180989e-04
1.105186085707180989e-04
1.105186085707180989e-04
1.105186085707180989e-04
1.105186085707180989e-04
1.105186085707180989e-04
1.105186085707180989e-04
1.105186085707180989e-04
1.105186085707180989e-04
1.105186085707180989e-04
1.105186085707180989e-04
1.105186085707180989e-04
8.288895642803857081e-05
1.105186085707180989e-04
1.105186085707180989e-04
5.525930428535904946e-05
1.105186085707180989e-04
1.105186085707180989e-04
9.670378249937833486e-05
8.288895642803857081e-05
1.105186085707180989e-04
0.000000000000000000e+00
1.105186085707180989e-04
1.105186085707180989e-04
1.105186085707180989e-04
1.105186085707180989e-04
9.670378249937833486e-05
9.670378249937833486e-05
8.288895642803857081e-05
9.670378249937833486e-05
9.670378249937833486e-05
9.670378249937833486e-05
8.288895642803857081e-05
9.670378249937833486e-05
9.670378249937833486e-05
8.288895642803857081e-05
9.670378249937833486e-05
9.670378249937833486e-05
9.670378249937833486e-05
9.670378249937833486e-05
6.907413035669880675e-05
6.907413035669880675e-05
9.670378249937833486e-05
9.670378249937833486e-05
8.288895642803857081e-05
8.288895642803857081e-05
8.288895642803857081e-05
8.288895642803857081e-05
8.288895642803857081e-05
8.288895642803857081e-05
8.288895642803857081e-05
5.525930428535904946e-05
8.288895642803857081e-05
8.288895642803857081e-05
8.288895642803857081e-05
6.907413035669880675e-05
8.288895642803857081e-05
8.288895642803857081e-05
5.525930428535904946e-05
8.288895642803857081e-05
8.288895642803857081e-05
8.288895642803857081e-05
8.288895642803857081e-05
8.288895642803857081e-05
5.525930428535904946e-05
8.288895642803857081e-05
6.907413035669880675e-05
8.288895642803857081e-05
8.288895642803857081e-05
8.288895642803857081e-05
8.288895642803857081e-05
8.288895642803857081e-05
8.288895642803857081e-05
5.525930428535904946e-05
8.288895642803857081e-05
8.288895642803857081e-05
5.525930428535904946e-05
8.288895642803857081e-05
8.288895642803857081e-05
8.288895642803857081e-05
8.288895642803857081e-05
8.288895642803857081e-05
8.288895642803857081e-05
8.288895642803857081e-05
8.288895642803857081e-05
8.288895642803857081e-05
8.288895642803857081e-05
8.288895642803857081e-05
8.288895642803857081e-05
6.907413035669880675e-05
6.907413035669880675e-05
8.288895642803857081e-05
8.288895642803857081e-05
8.288895642803857081e-05
8.288895642803857081e-05
8.288895642803857081e-05
5.525930428535904946e-05
8.288895642803857081e-05
8.288895642803857081e-05
6.907413035669880675e-05
6.907413035669880675e-05
1.381482607133976237e-05
6.907413035669880675e-05
2.762965214267952473e-05
6.907413035669880675e-05
4.144447821401928540e-05
1.381482607133976237e-05
5.525930428535904946e-05
5.525930428535904946e-05
6.907413035669880675e-05
6.907413035669880675e-05
6.907413035669880675e-05
6.907413035669880675e-05
5.525930428535904946e-05
6.907413035669880675e-05
6.907413035669880675e-05
6.907413035669880675e-05
5.525930428535904946e-05
5.525930428535904946e-05
5.525930428535904946e-05
6.907413035669880675e-05
6.907413035669880675e-05
6.907413035669880675e-05
5.525930428535904946e-05
1.381482607133976237e-05
6.907413035669880675e-05
6.907413035669880675e-05
5.525930428535904946e-05
4.144447821401928540e-05
5.525930428535904946e-05
6.907413035669880675e-05
5.525930428535904946e-05
5.525930428535904946e-05
5.525930428535904946e-05
5.525930428535904946e-05
5.525930428535904946e-05
5.525930428535904946e-05
5.525930428535904946e-05
5.525930428535904946e-05
5.525930428535904946e-05
5.525930428535904946e-05
5.525930428535904946e-05
5.525930428535904946e-05
5.525930428535904946e-05
5.525930428535904946e-05
0.000000000000000000e+00
5.525930428535904946e-05
5.525930428535904946e-05
5.525930428535904946e-05
5.525930428535904946e-05
4.144447821401928540e-05
5.525930428535904946e-05
5.525930428535904946e-05
5.525930428535904946e-05
0.000000000000000000e+00
5.525930428535904946e-05
5.525930428535904946e-05
5.525930428535904946e-05
5.525930428535904946e-05
5.525930428535904946e-05
5.525930428535904946e-05
5.525930428535904946e-05
5.525930428535904946e-05
2.762965214267952473e-05
5.525930428535904946e-05
5.525930428535904946e-05
5.525930428535904946e-05
5.525930428535904946e-05
5.525930428535904946e-05
5.525930428535904946e-05
5.525930428535904946e-05
5.525930428535904946e-05
5.525930428535904946e-05
5.525930428535904946e-05
5.525930428535904946e-05
5.525930428535904946e-05
5.525930428535904946e-05
5.525930428535904946e-05
2.762965214267952473e-05
5.525930428535904946e-05
5.525930428535904946e-05
5.525930428535904946e-05
5.525930428535904946e-05
5.525930428535904946e-05
5.525930428535904946e-05
5.525930428535904946e-05
5.525930428535904946e-05
5.525930428535904946e-05
5.525930428535904946e-05
5.525930428535904946e-05
5.525930428535904946e-05
5.525930428535904946e-05
5.525930428535904946e-05
5.525930428535904946e-05
5.525930428535904946e-05
5.525930428535904946e-05
5.525930428535904946e-05
5.525930428535904946e-05
5.525930428535904946e-05
5.525930428535904946e-05
5.525930428535904946e-05
2.762965214267952473e-05
5.525930428535904946e-05
5.525930428535904946e-05
5.525930428535904946e-05
5.525930428535904946e-05
5.525930428535904946e-05
4.144447821401928540e-05
5.525930428535904946e-05
