1.019575856443719324e-03
3.761308023135102874e-02
9.064956250926887657e-03
1.861189381580898722e-02
2.517425478273765255e-02
1.019575856443719324e-03
2.754708586682485388e-02
4.597360225418952590e-03
5.375945424885065528e-04
8.879578822482574185e-03
1.490434524692273513e-02
1.470043007563399083e-02
1.449651490434524653e-02
1.853774284443126044e-05
5.561322853329378810e-05
8.638588165504968233e-03
1.227198576301349528e-02
1.136363636363636395e-02
1.156755153492510825e-02
1.141924959216965817e-02
8.063918137327598726e-03
1.067773987839240775e-02
1.078896633545899444e-02
8.045380394483167899e-03
6.210143852884472682e-03
9.899154678926293943e-03
1.112264570665875762e-04
9.454248850659943693e-03
2.632359483909239416e-03
8.620050422660537406e-03
7.211181966483760745e-03
1.297641999110188231e-04
6.673587423995254626e-03
2.094764941420732430e-03
8.267833308616343024e-03
8.545899451282812365e-03
8.341984279994068066e-03
8.119531365860892941e-03
6.747738395372979668e-03
7.415097137772505044e-03
3.707548568886252088e-05
5.301794453507341354e-03
5.616936081862672347e-03
4.059765682930446470e-03
6.636511938306392105e-03
6.265757081417766897e-03
7.285332937861485787e-03
7.137030995106035704e-03
6.080379652973454292e-03
6.655049681150822932e-03
7.062880023728310662e-03
6.821889366750704710e-03
6.562360966928667064e-03
6.358445795639922765e-03
5.542785110484947306e-03
6.543823224084235370e-03
1.853774284443126044e-05
5.950615453062435035e-03
4.615897968263384284e-03
5.635473824707104042e-03
5.209105739285184618e-03
5.134954767907459576e-03
4.597360225418952590e-03
1.853774284443126044e-05
5.079341539374166228e-03
4.819813139552127715e-03
5.060803796529734534e-03
4.393445054130209158e-03
1.853774284443126044e-05
4.374907311285777464e-03
4.374907311285777464e-03
1.853774284443126044e-05
4.541746996885659242e-03
4.690048939641109325e-03
4.226605368530327381e-03
3.707548568886252522e-03
4.615897968263384284e-03
1.965000741509713607e-03
1.853774284443126044e-05
3.818775025952840085e-03
1.853774284443126044e-05
3.225567254931039751e-03
4.263680854219189902e-03
3.577784368975233699e-03
3.392406940530921095e-03
3.466557911908646136e-03
1.853774284443126044e-05
3.651935340352958741e-03
3.596322111819664959e-03
3.614859854664096220e-03
3.188491769242177230e-03
3.318255969153196053e-03
3.651935340352958741e-03
3.207029512086608490e-03
2.947501112264570844e-03
5.005190567996440319e-04
3.410944683375352355e-03
2.094764941420732430e-03
1.853774284443126044e-05
3.262642740619902271e-03
3.169954026397745969e-03
1.853774284443126044e-05
1.965000741509713607e-03
2.576746255375945635e-03
5.561322853329378132e-04
2.928963369420139583e-03
3.021652083642295886e-03
1.167877799199169408e-03
2.391368826931632597e-03
2.966038855109002104e-03
2.632359483909239416e-03
1.056651342132581845e-03
2.780661426664689500e-03
2.836274655197983281e-03
2.762123683820258239e-03
2.928963369420139583e-03
2.632359483909239416e-03
9.454248850659943909e-04
2.317217855553907555e-03
2.243066884176182513e-03
2.836274655197983281e-03
4.078303425774877839e-04
2.539670769687083114e-03
1.853774284443126044e-05
2.762123683820258239e-03
2.131840427109594951e-03
2.187453655642888732e-03
2.595283998220376896e-03
2.576746255375945635e-03
2.076227198576301169e-03
2.057689455731869909e-03
2.725048198131395719e-03
2.521133026842651854e-03
2.372831084087201337e-03
2.539670769687083114e-03
2.150378169954026211e-03
2.354293341242770076e-03
2.187453655642888732e-03
2.280142369865045034e-03
1.204953284888031929e-03
2.243066884176182513e-03
1.742547827376538698e-03
1.853774284443126044e-05
2.409906569776064128e-04
2.243066884176182513e-03
2.131840427109594951e-03
1.909387512976420042e-03
2.224529141331751253e-03
1.427406199021207271e-03
2.113302684265163690e-03
1.853774284443126044e-05
2.187453655642888732e-03
1.909387512976420042e-03
2.002076227198576128e-03
1.983538484354144867e-03
1.853774284443126261e-03
2.057689455731869909e-03
2.057689455731869909e-03
1.798161055909832480e-03
1.297641999110188448e-03
1.853774284443126044e-05
1.816698798754263740e-03
1.705472341687676177e-03
7.044342280883880052e-04
1.798161055909832480e-03
1.909387512976420042e-03
1.112264570665875626e-03
1.983538484354144867e-03
1.816698798754263740e-03
1.909387512976420042e-03
1.538632656087794833e-03
1.056651342132581845e-03
1.798161055909832480e-03
1.686934598843244917e-03
1.612783627465519875e-03
1.631321370309951136e-03
1.761085570220969959e-03
1.742547827376538698e-03
1.761085570220969959e-03
1.575708141776657354e-03
1.686934598843244917e-03
1.724010084532107438e-03
1.538632656087794833e-03
1.612783627465519875e-03
1.557170398932226094e-03
1.686934598843244917e-03
1.538632656087794833e-03
1.279104256265757187e-03
1.483019427554501052e-03
1.445943941865638531e-03
1.853774284443126044e-05
1.056651342132581845e-03
1.353255227643482229e-03
1.390330713332344750e-03
1.334717484799050969e-03
8.156606851549755679e-04
1.353255227643482229e-03
1.853774284443126044e-05
1.445943941865638531e-03
1.445943941865638531e-03
5.932077710218003341e-04
1.242028770576894450e-03
1.501557170398932313e-03
1.167877799199169408e-03
1.427406199021207271e-03
1.334717484799050969e-03
1.483019427554501052e-03
1.853774284443126044e-05
1.223491027732463189e-03
1.093726827821444366e-03
1.390330713332344750e-03
1.353255227643482229e-03
1.334717484799050969e-03
1.853774284443126044e-05
1.353255227643482229e-03
1.353255227643482229e-03
4.819813139552128257e-04
1.149340056354738147e-03
9.268871422215631576e-05
1.668396855998813711e-04
1.279104256265757187e-03
1.204953284888031929e-03
5.375945424885065528e-04
1.279104256265757187e-03
3.707548568886252088e-05
1.223491027732463189e-03
1.853774284443126044e-05
1.279104256265757187e-03
1.204953284888031929e-03
9.083493993771318701e-04
9.825003707548568034e-04
3.522171140441940026e-04
9.825003707548568034e-04
7.044342280883880052e-04
1.112264570665875762e-04
1.167877799199169408e-03
1.056651342132581845e-03
1.130802313510306887e-03
1.204953284888031929e-03
2.039151712887438920e-04
1.149340056354738147e-03
1.130802313510306887e-03
1.112264570665875626e-03
1.130802313510306887e-03
1.019575856443719324e-03
1.093726827821444366e-03
1.001038113599288064e-03
1.075189084977013106e-03
1.056651342132581845e-03
1.019575856443719324e-03
1.112264570665875762e-04
9.268871422215631305e-04
1.038113599288150585e-03
8.712739136882693492e-04
8.341984279994068283e-04
1.853774284443126044e-05
1.001038113599288064e-03
1.093726827821444366e-03
1.093726827821444366e-03
9.825003707548568034e-04
1.853774284443126044e-05
1.038113599288150585e-03
9.454248850659943909e-04
7.971229423105443074e-04
9.268871422215631305e-04
9.454248850659943909e-04
9.454248850659943909e-04
9.083493993771318701e-04
7.229719709328192656e-04
8.898116565327006096e-04
8.898116565327006096e-04
9.268871422215631305e-04
1.853774284443126044e-05
9.083493993771318701e-04
8.712739136882693492e-04
4.449058282663503048e-04
6.117455138662315946e-04
6.488209995550942239e-04
1.853774284443126044e-05
9.268871422215631305e-04
8.341984279994068283e-04
9.083493993771318701e-04
6.488209995550942239e-04
8.527361708438380887e-04
1.668396855998813711e-04
7.600474566216817865e-04
8.898116565327006096e-04
8.156606851549755679e-04
7.600474566216817865e-04
7.971229423105443074e-04
8.156606851549755679e-04
6.858964852439567448e-04
8.341984279994068283e-04
1.853774284443126044e-05
1.853774284443126044e-05
7.971229423105443074e-04
1.112264570665875762e-04
6.488209995550942239e-04
1.853774284443126044e-05
7.971229423105443074e-04
1.853774284443126044e-05
5.375945424885065528e-04
6.673587423995254843e-04
7.785851994661130470e-04
7.785851994661130470e-04
6.488209995550942239e-04
6.117455138662315946e-04
7.415097137772505261e-04
6.858964852439567448e-04
7.971229423105443074e-04
1.853774284443126044e-05
6.858964852439567448e-04
5.932077710218003341e-04
6.673587423995254843e-04
6.858964852439567448e-04
7.415097137772505261e-04
2.409906569776064128e-04
3.707548568886252630e-04
1.853774284443126044e-05
2.780661426664689066e-04
7.229719709328192656e-04
7.415097137772505261e-04
7.415097137772504177e-05
6.673587423995254843e-04
6.858964852439567448e-04
6.673587423995254843e-04
6.488209995550942239e-04
6.117455138662315946e-04
6.858964852439567448e-04
6.117455138662315946e-04
1.853774284443126044e-05
6.858964852439567448e-04
1.853774284443126044e-05
6.302832567106629634e-04
5.561322853329378132e-04
6.117455138662315946e-04
6.302832567106629634e-04
5.746700281773690737e-04
7.044342280883880052e-04
6.488209995550942239e-04
6.488209995550942239e-04
5.746700281773690737e-04
1.853774284443126044e-05
5.932077710218003341e-04
6.858964852439567448e-04
5.005190567996440319e-04
4.819813139552128257e-04
5.375945424885065528e-04
5.932077710218003341e-04
5.746700281773690737e-04
6.117455138662315946e-04
5.746700281773690737e-04
6.117455138662315946e-04
5.746700281773690737e-04
5.561322853329378810e-05
1.853774284443126044e-05
1.853774284443126044e-05
6.117455138662315946e-04
6.117455138662315946e-04
3.151416283553314817e-04
5.561322853329378810e-05
6.117455138662315946e-04
1.853774284443126044e-05
4.634435711107815653e-04
5.375945424885065528e-04
5.005190567996440319e-04
5.005190567996440319e-04
5.190567996440752924e-04
5.932077710218003341e-04
5.561322853329378132e-04
5.746700281773690737e-04
5.746700281773690737e-04
1.297641999110188231e-04
5.746700281773690737e-04
4.263680854219190444e-04
1.853774284443126044e-05
5.746700281773690737e-04
1.853774284443126044e-05
5.005190567996440319e-04
5.561322853329378132e-04
4.819813139552128257e-04
2.224529141331751524e-04
4.634435711107815653e-04
5.375945424885065528e-04
5.561322853329378132e-04
4.263680854219190444e-04
5.190567996440752924e-04
3.892925997330565235e-04
5.375945424885065528e-04
4.263680854219190444e-04
5.005190567996440319e-04
5.190567996440752924e-04
3.336793711997627422e-04
1.853774284443126044e-05
5.375945424885065528e-04
4.449058282663503048e-04
4.078303425774877839e-04
9.268871422215631576e-05
1.853774284443126044e-05
5.190567996440752924e-04
4.819813139552128257e-04
5.005190567996440319e-04
4.263680854219190444e-04
4.263680854219190444e-04
5.005190567996440319e-04
5.005190567996440319e-04
4.634435711107815653e-04
5.005190567996440319e-04
9.268871422215631576e-05
3.151416283553314817e-04
3.522171140441940026e-04
3.522171140441940026e-04
4.819813139552128257e-04
4.819813139552128257e-04
4.449058282663503048e-04
3.892925997330565235e-04
3.892925997330565235e-04
4.449058282663503048e-04
1.483019427554500835e-04
4.634435711107815653e-04
4.078303425774877839e-04
1.853774284443126044e-05
1.853774284443126044e-05
2.780661426664689066e-04
3.522171140441940026e-04
1.853774284443126044e-05
4.078303425774877839e-04
4.263680854219190444e-04
3.707548568886252630e-04
1.853774284443126044e-05
4.078303425774877839e-04
4.078303425774877839e-04
2.409906569776064128e-04
1.668396855998813711e-04
4.263680854219190444e-04
3.892925997330565235e-04
3.892925997330565235e-04
1.853774284443126044e-05
3.151416283553314817e-04
1.297641999110188231e-04
4.263680854219190444e-04
3.707548568886252630e-04
4.263680854219190444e-04
3.522171140441940026e-04
3.892925997330565235e-04
3.336793711997627422e-04
1.853774284443126044e-05
3.151416283553314817e-04
3.892925997330565235e-04
3.707548568886252630e-04
3.892925997330565235e-04
1.853774284443126044e-05
3.151416283553314817e-04
2.780661426664689066e-04
3.892925997330565235e-04
1.853774284443126044e-05
3.522171140441940026e-04
3.151416283553314817e-04
3.336793711997627422e-04
3.522171140441940026e-04
3.707548568886252630e-04
3.707548568886252630e-04
1.853774284443126044e-05
3.336793711997627422e-04
3.151416283553314817e-04
1.853774284443126044e-05
3.522171140441940026e-04
2.780661426664689066e-04
3.151416283553314817e-04
3.522171140441940026e-04
2.595283998220376462e-04
3.151416283553314817e-04
3.522171140441940026e-04
3.522171140441940026e-04
3.522171140441940026e-04
3.151416283553314817e-04
3.522171140441940026e-04
3.336793711997627422e-04
2.039151712887438920e-04
3.151416283553314817e-04
2.966038855109001671e-04
3.151416283553314817e-04
3.522171140441940026e-04
1.853774284443126044e-05
3.522171140441940026e-04
3.522171140441940026e-04
3.522171140441940026e-04
3.151416283553314817e-04
3.522171140441940026e-04
3.336793711997627422e-04
2.409906569776064128e-04
3.336793711997627422e-04
3.151416283553314817e-04
2.966038855109001671e-04
3.151416283553314817e-04
2.966038855109001671e-04
1.297641999110188231e-04
3.336793711997627422e-04
3.336793711997627422e-04
3.151416283553314817e-04
3.336793711997627422e-04
3.151416283553314817e-04
2.966038855109001671e-04
3.151416283553314817e-04
3.151416283553314817e-04
3.151416283553314817e-04
2.409906569776064128e-04
3.151416283553314817e-04
3.151416283553314817e-04
2.780661426664689066e-04
2.780661426664689066e-04
2.780661426664689066e-04
3.151416283553314817e-04
3.151416283553314817e-04
3.151416283553314817e-04
3.151416283553314817e-04
3.151416283553314817e-04
1.853774284443126044e-05
2.780661426664689066e-04
2.039151712887438920e-04
2.409906569776064128e-04
2.039151712887438920e-04
3.151416283553314817e-04
2.039151712887438920e-04
3.151416283553314817e-04
3.151416283553314817e-04
2.780661426664689066e-04
3.151416283553314817e-04
2.595283998220376462e-04
1.853774284443126044e-05
2.595283998220376462e-04
2.966038855109001671e-04
2.595283998220376462e-04
1.853774284443126044e-05
2.780661426664689066e-04
1.297641999110188231e-04
1.853774284443126044e-05
2.780661426664689066e-04
2.780661426664689066e-04
2.780661426664689066e-04
2.780661426664689066e-04
2.780661426664689066e-04
2.780661426664689066e-04
2.409906569776064128e-04
1.853774284443126315e-04
2.780661426664689066e-04
2.780661426664689066e-04
2.780661426664689066e-04
2.780661426664689066e-04
2.409906569776064128e-04
2.595283998220376462e-04
2.595283998220376462e-04
1.853774284443126044e-05
1.853774284443126044e-05
2.780661426664689066e-04
2.039151712887438920e-04
2.409906569776064128e-04
2.409906569776064128e-04
9.268871422215631576e-05
2.595283998220376462e-04
2.595283998220376462e-04
2.595283998220376462e-04
2.595283998220376462e-04
2.595283998220376462e-04
1.853774284443126044e-05
2.409906569776064128e-04
2.039151712887438920e-04
2.595283998220376462e-04
2.595283998220376462e-04
2.224529141331751524e-04
2.595283998220376462e-04
1.668396855998813711e-04
5.561322853329378810e-05
1.853774284443126044e-05
1.853774284443126044e-05
1.297641999110188231e-04
2.409906569776064128e-04
1.668396855998813711e-04
2.224529141331751524e-04
2.409906569776064128e-04
2.039151712887438920e-04
1.297641999110188231e-04
2.409906569776064128e-04
1.668396855998813711e-04
2.409906569776064128e-04
2.039151712887438920e-04
2.039151712887438920e-04
2.409906569776064128e-04
2.409906569776064128e-04
2.409906569776064128e-04
1.853774284443126044e-05
2.409906569776064128e-04
1.668396855998813711e-04
2.409906569776064128e-04
1.297641999110188231e-04
2.409906569776064128e-04
2.409906569776064128e-04
2.409906569776064128e-04
1.853774284443126044e-05
2.224529141331751524e-04
2.039151712887438920e-04
2.039151712887438920e-04
7.415097137772504177e-05
2.224529141331751524e-04
1.853774284443126315e-04
2.224529141331751524e-04
7.415097137772504177e-05
2.224529141331751524e-04
2.224529141331751524e-04
2.039151712887438920e-04
2.224529141331751524e-04
2.224529141331751524e-04
2.224529141331751524e-04
2.039151712887438920e-04
3.707548568886252088e-05
1.668396855998813711e-04
2.039151712887438920e-04
1.853774284443126315e-04
1.853774284443126315e-04
2.039151712887438920e-04
2.039151712887438920e-04
2.039151712887438920e-04
2.039151712887438920e-04
1.853774284443126044e-05
1.853774284443126315e-04
2.039151712887438920e-04
5.561322853329378810e-05
1.853774284443126044e-05
1.668396855998813711e-04
1.853774284443126044e-05
1.853774284443126315e-04
1.297641999110188231e-04
2.039151712887438920e-04
2.039151712887438920e-04
2.039151712887438920e-04
1.297641999110188231e-04
2.039151712887438920e-04
2.039151712887438920e-04
1.668396855998813711e-04
1.297641999110188231e-04
2.039151712887438920e-04
5.561322853329378810e-05
2.039151712887438920e-04
1.853774284443126044e-05
1.853774284443126044e-05
2.039151712887438920e-04
1.853774284443126315e-04
1.853774284443126315e-04
1.668396855998813711e-04
3.707548568886252088e-05
1.668396855998813711e-04
1.668396855998813711e-04
1.668396855998813711e-04
1.853774284443126315e-04
3.707548568886252088e-05
1.483019427554500835e-04
1.668396855998813711e-04
1.483019427554500835e-04
1.668396855998813711e-04
1.853774284443126315e-04
1.853774284443126044e-05
1.483019427554500835e-04
1.853774284443126044e-05
1.668396855998813711e-04
1.853774284443126044e-05
5.561322853329378810e-05
1.668396855998813711e-04
1.668396855998813711e-04
1.668396855998813711e-04
1.668396855998813711e-04
1.668396855998813711e-04
1.668396855998813711e-04
1.853774284443126044e-05
1.668396855998813711e-04
1.297641999110188231e-04
1.668396855998813711e-04
1.668396855998813711e-04
1.853774284443126044e-05
1.297641999110188231e-04
1.853774284443126044e-05
1.853774284443126044e-05
1.668396855998813711e-04
1.668396855998813711e-04
1.668396855998813711e-04
1.668396855998813711e-04
9.268871422215631576e-05
1.668396855998813711e-04
1.668396855998813711e-04
1.668396855998813711e-04
1.668396855998813711e-04
1.853774284443126044e-05
1.668396855998813711e-04
1.668396855998813711e-04
1.668396855998813711e-04
1.668396855998813711e-04
1.853774284443126044e-05
1.668396855998813711e-04
1.668396855998813711e-04
1.668396855998813711e-04
1.668396855998813711e-04
1.668396855998813711e-04
1.668396855998813711e-04
1.853774284443126044e-05
1.297641999110188231e-04
1.668396855998813711e-04
1.668396855998813711e-04
9.268871422215631576e-05
1.668396855998813711e-04
1.668396855998813711e-04
1.483019427554500835e-04
1.297641999110188231e-04
1.668396855998813711e-04
1.853774284443126044e-05
1.668396855998813711e-04
1.853774284443126044e-05
1.668396855998813711e-04
1.853774284443126044e-05
1.483019427554500835e-04
1.483019427554500835e-04
1.297641999110188231e-04
1.483019427554500835e-04
1.483019427554500835e-04
1.483019427554500835e-04
1.853774284443126044e-05
1.483019427554500835e-04
1.483019427554500835e-04
1.297641999110188231e-04
1.853774284443126044e-05
1.483019427554500835e-04
1.853774284443126044e-05
1.483019427554500835e-04
1.112264570665875762e-04
1.112264570665875762e-04
1.483019427554500835e-04
1.483019427554500835e-04
1.297641999110188231e-04
1.297641999110188231e-04
1.297641999110188231e-04
1.297641999110188231e-04
1.297641999110188231e-04
1.297641999110188231e-04
1.297641999110188231e-04
9.268871422215631576e-05
1.297641999110188231e-04
1.853774284443126044e-05
1.297641999110188231e-04
1.112264570665875762e-04
1.853774284443126044e-05
1.297641999110188231e-04
9.268871422215631576e-05
1.297641999110188231e-04
1.297641999110188231e-04
1.297641999110188231e-04
1.297641999110188231e-04
1.853774284443126044e-05
9.268871422215631576e-05
1.297641999110188231e-04
1.853774284443126044e-05
1.297641999110188231e-04
1.297641999110188231e-04
9.268871422215631576e-05
1.297641999110188231e-04
1.297641999110188231e-04
1.297641999110188231e-04
9.268871422215631576e-05
1.297641999110188231e-04
1.297641999110188231e-04
9.268871422215631576e-05
1.853774284443126044e-05
1.297641999110188231e-04
1.297641999110188231e-04
1.297641999110188231e-04
1.297641999110188231e-04
1.853774284443126044e-05
1.297641999110188231e-04
1.297641999110188231e-04
1.297641999110188231e-04
1.297641999110188231e-04
1.297641999110188231e-04
1.297641999110188231e-04
1.112264570665875762e-04
1.112264570665875762e-04
1.297641999110188231e-04
1.297641999110188231e-04
1.297641999110188231e-04
9.268871422215631576e-05
1.297641999110188231e-04
9.268871422215631576e-05
1.297641999110188231e-04
1.297641999110188231e-04
1.112264570665875762e-04
1.112264570665875762e-04
1.853774284443126044e-05
1.112264570665875762e-04
5.561322853329378810e-05
1.112264570665875762e-04
7.415097137772504177e-05
3.707548568886252088e-05
1.853774284443126044e-05
5.561322853329378810e-05
3.707548568886252088e-05
1.112264570665875762e-04
1.112264570665875762e-04
1.112264570665875762e-04
9.268871422215631576e-05
1.853774284443126044e-05
1.112264570665875762e-04
1.112264570665875762e-04
9.268871422215631576e-05
1.853774284443126044e-05
1.853774284443126044e-05
9.268871422215631576e-05
9.268871422215631576e-05
1.112264570665875762e-04
9.268871422215631576e-05
3.707548568886252088e-05
1.112264570665875762e-04
1.112264570665875762e-04
9.268871422215631576e-05
7.415097137772504177e-05
1.853774284443126044e-05
1.112264570665875762e-04
9.268871422215631576e-05
1.853774284443126044e-05
9.268871422215631576e-05
9.268871422215631576e-05
1.853774284443126044e-05
9.268871422215631576e-05
5.561322853329378810e-05
9.268871422215631576e-05
9.268871422215631576e-05
9.268871422215631576e-05
9.268871422215631576e-05
9.268871422215631576e-05
9.268871422215631576e-05
9.268871422215631576e-05
1.853774284443126044e-05
9.268871422215631576e-05
9.268871422215631576e-05
9.268871422215631576e-05
9.268871422215631576e-05
7.415097137772504177e-05
9.268871422215631576e-05
9.268871422215631576e-05
9.268871422215631576e-05
1.853774284443126044e-05
9.268871422215631576e-05
9.268871422215631576e-05
1.853774284443126044e-05
9.268871422215631576e-05
9.268871422215631576e-05
9.268871422215631576e-05
9.268871422215631576e-05
9.268871422215631576e-05
5.561322853329378810e-05
9.268871422215631576e-05
9.268871422215631576e-05
9.268871422215631576e-05
9.268871422215631576e-05
9.268871422215631576e-05
1.853774284443126044e-05
9.268871422215631576e-05
1.853774284443126044e-05
9.268871422215631576e-05
1.853774284443126044e-05
9.268871422215631576e-05
9.268871422215631576e-05
9.268871422215631576e-05
9.268871422215631576e-05
5.561322853329378810e-05
9.268871422215631576e-05
1.853774284443126044e-05
9.268871422215631576e-05
9.268871422215631576e-05
9.268871422215631576e-05
9.268871422215631576e-05
9.268871422215631576e-05
9.268871422215631576e-05
9.268871422215631576e-05
9.268871422215631576e-05
1.853774284443126044e-05
9.268871422215631576e-05
9.268871422215631576e-05
9.268871422215631576e-05
9.268871422215631576e-05
1.853774284443126044e-05
9.268871422215631576e-05
9.268871422215631576e-05
1.853774284443126044e-05
9.268871422215631576e-05
9.268871422215631576e-05
9.268871422215631576e-05
5.561322853329378810e-05
9.268871422215631576e-05
9.268871422215631576e-05
9.268871422215631576e-05
9.268871422215631576e-05
9.268871422215631576e-05
7.415097137772504177e-05
9.268871422215631576e-05
