3.590011301250021353e-02
3.427089727335830976e-02
2.775977099192849726e-02
2.734673038200519796e-02
2.213782935686135073e-02
9.276203697860793684e-03
1.522513581578388737e-02
1.428432109318081462e-02
7.015953693558287310e-03
2.489717009815451201e-03
1.128403999609906005e-02
1.201259773860266153e-02
1.211012121594566213e-02
1.172002730657365627e-02
9.339307124376854119e-03
5.449841380932439645e-04
1.113488644251564748e-02
1.155940040271459524e-02
1.038338199946075256e-02
5.920248742233976021e-03
1.135861677289076764e-03
9.717927683473213257e-03
9.304887073549912221e-03
9.918711313297039547e-03
9.591720830441092388e-03
2.547083761193687408e-03
9.499934028235915151e-03
9.316360423825558942e-03
8.817269686834904030e-03
9.488460677960268430e-03
9.436830601719854716e-03
8.909056489040083002e-03
1.898839470619618185e-03
7.509307755411118862e-03
8.668116133251489719e-03
4.262349627402949384e-03
6.115295696919978950e-03
8.438649127738544892e-03
8.438649127738544892e-03
6.924166891353109206e-03
8.082975269193480930e-03
3.556738585450644387e-03
7.176580597417349210e-03
7.297050775311644984e-03
7.021690368696111538e-03
6.511126281429809037e-03
1.795579318138793143e-03
6.683226535564517658e-03
3.275641503697287148e-03
4.824543790909664731e-03
5.426894680381144469e-03
6.034982244990448434e-03
2.168463202097328270e-03
4.331189729056833179e-03
5.375264604140732490e-03
3.677208763344940595e-03
3.396111681591583355e-03
5.696518411858854554e-03
5.381001279278555850e-03
5.231847725695141539e-03
5.432631355518968697e-03
3.212538077181227147e-03
5.272004451659906797e-03
2.776550766706632235e-03
5.461314731208086366e-03
7.629777933305415287e-04
5.214637700281670590e-03
4.967960669355254814e-03
5.180217649454728693e-03
5.254794426246435848e-03
4.841753816323135680e-03
5.065484146698256279e-03
4.715546963291015678e-03
3.493635158934584820e-03
4.572130084845425595e-03
4.503289983191541800e-03
4.440186556675482232e-03
3.378901656178112407e-03
4.331189729056833179e-03
6.310342651605982476e-05
2.466770309264156892e-03
3.883729068306590679e-03
3.671472088207117126e-04
1.560375637488024738e-03
5.736675137823620510e-06
3.579685286001939130e-03
3.619842011966704388e-03
3.912412443995708783e-03
2.656080588812336028e-03
3.246958128008169044e-03
1.979152922549149134e-03
3.619842011966704388e-03
3.178118026354285683e-03
2.954387695979164216e-03
3.333008255075523354e-03
3.677208763344940595e-03
3.298588204248581457e-03
3.396111681591583355e-03
3.344481605351170509e-03
3.155171325802990832e-04
3.464951783245466717e-03
2.483980334677627407e-03
1.124388327013429610e-03
3.344481605351170509e-03
2.254513329164682580e-03
3.206801402043403786e-03
3.292851529110758096e-03
3.206801402043403786e-03
3.183854701492109043e-03
1.428432109318081376e-03
3.000281097081753268e-03
2.633133888261041718e-03
2.633133888261041718e-03
2.243039978889035425e-03
3.137961300389520425e-03
6.310342651605982476e-05
1.778369292725322248e-04
2.925704320290046113e-03
3.958305845098298160e-04
2.627397213123217924e-03
5.736675137823620510e-06
2.851127543498339391e-03
2.862600893773986546e-03
2.633133888261041718e-03
2.283196704853800683e-03
2.983071071668282428e-04
5.392474629554202788e-04
1.221911804356431075e-03
2.736394040741866977e-03
7.916611690196596321e-04
2.535610410918040254e-03
5.736675137823620510e-06
2.638870563398865079e-03
1.634952414279731677e-03
2.529873735780216459e-03
1.348118657388550643e-03
2.047993024203032496e-03
1.227648479494254652e-03
2.174199877235152064e-03
6.310342651605982476e-05
8.260812198466013128e-04
2.380720182196802582e-03
1.732475891622733358e-03
2.346300131369860684e-03
2.346300131369860684e-03
1.336645307112903488e-03
1.319435281699432539e-04
1.887366120343971030e-03
1.944732871722207237e-03
1.893102795481794607e-04
1.164545052978194868e-03
1.554638962350201161e-03
1.916049496033089133e-03
5.736675137823620510e-06
2.197146577786446373e-03
1.325171956837256334e-03
2.174199877235152064e-03
1.439905459593728747e-03
1.439905459593728747e-03
2.174199877235152064e-03
2.042256349065208702e-03
2.059466374478679650e-03
1.921786171170912711e-03
5.736675137823620510e-06
1.973416247411325340e-03
1.227648479494254652e-03
7.285577425035997395e-04
1.675109140244497152e-03
5.736675137823620510e-06
1.967679572273501546e-03
1.898839470619618185e-03
1.933259521446560082e-03
5.736675137823620510e-06
1.927522846308736288e-03
1.795579318138793143e-03
1.795579318138793143e-03
1.870156094930500081e-03
1.738212566760556936e-03
1.554638962350201161e-03
6.884010165388344273e-05
5.736675137823620510e-06
5.736675137823620510e-06
1.692319165657967884e-03
1.657899114831026203e-03
1.480062185558494005e-03
1.537428936936730212e-03
3.040437823046518743e-04
1.646425764555379048e-03
1.646425764555379048e-03
1.680845815382320729e-03
1.457115485007199479e-03
5.736675137823620510e-06
1.112914976737782238e-03
1.566112312625848315e-03
9.867081237056626701e-04
5.736675137823620510e-06
5.736675137823620510e-06
1.457115485007199479e-03
1.508745561247612109e-03
1.325171956837256334e-03
9.580247480165445667e-04
9.637614231543681440e-04
8.662379458113666792e-04
1.296488581148138230e-03
8.891846463626610969e-04
5.736675137823620510e-06
5.736675137823620510e-06
1.348118657388550643e-03
4.073039347854770249e-04
7.744511436061886833e-04
1.371065357939845169e-03
5.736675137823620510e-06
1.290751906010314436e-03
5.736675137823620510e-06
1.835736044103558563e-04
1.244858504907725601e-03
5.736675137823620510e-06
1.313698606561608962e-03
1.394012058491139695e-03
5.736675137823620510e-06
1.244858504907725601e-03
1.307961931423785385e-03
1.118651651875606032e-03
5.736675137823620510e-06
1.101441626462135084e-03
1.153071702702547713e-03
1.055548225359546032e-03
1.176018403253842239e-03
9.121313469139556230e-04
1.176018403253842239e-03
3.614105336828880811e-04
6.310342651605982476e-05
6.310342651605982476e-05
5.564574883688911192e-04
3.040437823046518743e-04
1.107178301599958661e-03
1.038338199946075300e-03
1.095704951324311506e-03
1.107178301599958661e-03
2.237303303751211957e-04
1.021128174532604351e-03
4.531973358880659686e-04
8.891846463626610969e-04
8.318178949844248901e-04
6.367709402984218520e-04
1.015391499394780774e-03
1.003918149119133619e-03
9.063946717761319372e-04
1.107178301599958661e-03
1.061284900497369826e-03
5.736675137823620510e-06
8.031345192953067867e-04
5.736675137823620510e-06
8.949213215004847826e-04
5.736675137823620510e-06
1.015391499394780774e-03
7.687144684683651060e-04
8.031345192953067867e-04
6.195609148849510117e-04
8.777112960870139423e-04
8.777112960870139423e-04
5.736675137823620510e-06
8.547645955357194162e-04
5.736675137823620510e-06
9.522880728787209894e-04
8.662379458113666792e-04
6.195609148849510117e-04
9.580247480165445667e-04
1.491535535834141214e-04
1.204701778942960180e-04
8.834479712248375196e-04
9.465513977408973037e-04
8.031345192953067867e-04
7.515044430548942656e-04
2.352036806507684316e-04
7.113477170901288992e-04
6.884010165388344273e-05
8.891846463626610969e-04
8.547645955357194162e-04
7.629777933305415287e-04
6.310342651605982476e-05
8.203445447087777355e-04
8.375545701222485758e-04
5.736675137823620510e-06
3.843572342341825530e-04
7.285577425035997395e-04
5.736675137823620510e-06
5.736675137823620510e-06
5.736675137823620510e-06
8.031345192953067867e-04
7.973978441574832094e-04
4.876173867150077035e-04
7.056110419523053219e-04
5.736675137823620510e-06
5.794041889201856452e-04
5.794041889201856452e-04
3.384638331315936092e-04
7.457677679170705799e-04
4.818807115771840720e-04
7.056110419523053219e-04
7.113477170901288992e-04
3.040437823046518743e-04
3.040437823046518743e-04
7.342944176414234253e-04
1.893102795481794607e-04
7.572411181927178429e-04
7.629777933305415287e-04
4.761440364393604947e-04
3.327271579937699777e-04
4.818807115771840720e-04
5.105640872663021754e-04
7.285577425035997395e-04
2.122569800994739597e-04
7.170843922279524765e-04
4.761440364393604947e-04
5.736675137823620510e-06
6.711909911253635327e-04
4.704073613015368632e-04
6.941376916766580588e-04
7.285577425035997395e-04
7.056110419523053219e-04
6.826643414010107958e-04
6.252975900227745890e-04
7.400310927792470026e-04
7.629777933305415287e-04
6.941376916766580588e-04
6.941376916766580588e-04
5.736675137823620510e-06
5.736675137823620510e-06
6.654543159875399554e-04
5.335107878175967015e-04
5.736675137823620510e-06
4.761440364393604947e-04
5.105640872663021754e-04
5.966142143336564856e-04
5.736675137823620510e-06
5.736675137823620510e-06
5.736675137823620510e-06
2.122569800994739597e-04
4.876173867150077035e-04
5.736675137823620510e-06
4.876173867150077035e-04
5.851408640580092226e-04
1.089968276186487821e-04
5.621941635067148049e-04
5.736675137823620510e-06
6.138242397471273260e-04
2.409403557885920360e-04
5.736675137823620510e-06
5.736675137823620510e-06
6.138242397471273260e-04
5.736675137823620510e-06
5.736675137823620510e-06
5.736675137823620510e-06
5.105640872663021754e-04
4.073039347854770249e-04
5.794041889201856452e-04
6.367709402984218520e-04
6.023508894714801713e-04
5.966142143336564856e-04
5.966142143336564856e-04
6.138242397471273260e-04
4.073039347854770249e-04
5.966142143336564856e-04
6.023508894714801713e-04
5.736675137823620510e-06
5.736675137823620510e-06
5.736675137823620510e-06
5.736675137823620510e-06
5.048274121284785981e-04
5.277741126797730158e-04
4.876173867150077035e-04
4.818807115771840720e-04
5.736675137823620510e-06
5.736675137823620510e-06
5.220374375419494384e-04
6.310342651605982476e-05
3.442005082694171865e-04
2.352036806507684316e-04
1.204701778942960180e-04
5.220374375419494384e-04
1.147335027564724000e-04
4.015672596476533933e-04
4.187772850611242879e-04
5.736675137823620510e-06
5.392474629554202788e-04
5.736675137823620510e-06
2.122569800994739597e-04
4.589340110258896001e-04
4.876173867150077035e-04
4.646706861637132317e-04
4.646706861637132317e-04
4.646706861637132317e-04
1.147335027564724000e-04
5.736675137823620510e-06
4.130406099233006564e-04
4.302506353367714967e-04
4.187772850611242879e-04
5.736675137823620510e-06
3.269904828559463462e-04
5.736675137823620510e-06
5.736675137823620510e-06
5.736675137823620510e-06
4.876173867150077035e-04
4.646706861637132317e-04
4.302506353367714967e-04
4.761440364393604947e-04
4.704073613015368632e-04
4.704073613015368632e-04
4.646706861637132317e-04
4.761440364393604947e-04
4.933540618528313351e-04
4.818807115771840720e-04
4.646706861637132317e-04
4.302506353367714967e-04
4.130406099233006564e-04
2.868337568911810340e-04
3.384638331315936092e-04
3.843572342341825530e-04
4.187772850611242879e-04
5.736675137823620510e-06
5.736675137823620510e-06
3.614105336828880811e-04
4.130406099233006564e-04
1.319435281699432539e-04
5.736675137823620510e-06
6.310342651605982476e-05
3.499371834072408181e-04
5.736675137823620510e-06
5.736675137823620510e-06
5.736675137823620510e-06
5.736675137823620510e-06
5.736675137823620510e-06
5.736675137823620510e-06
3.384638331315936092e-04
5.736675137823620510e-06
3.958305845098298160e-04
5.736675137823620510e-06
5.736675137823620510e-06
5.736675137823620510e-06
4.130406099233006564e-04
2.925704320290046113e-04
4.130406099233006564e-04
5.736675137823620510e-06
2.753604066155337709e-04
5.736675137823620510e-06
3.728838839585352899e-04
3.327271579937699777e-04
2.753604066155337709e-04
2.409403557885920360e-04
3.384638331315936092e-04
3.614105336828880811e-04
3.786205590963589215e-04
3.614105336828880811e-04
2.466770309264156675e-04
5.736675137823620510e-06
3.614105336828880811e-04
3.384638331315936092e-04
3.728838839585352899e-04
3.728838839585352899e-04
1.204701778942960180e-04
3.155171325802990832e-04
5.736675137823620510e-06
3.499371834072408181e-04
5.736675137823620510e-06
2.294670055129448001e-04
5.736675137823620510e-06
5.736675137823620510e-06
5.736675137823620510e-06
5.736675137823620510e-06
2.294670055129448001e-04
2.925704320290046113e-04
3.499371834072408181e-04
3.499371834072408181e-04
3.155171325802990832e-04
5.736675137823620510e-06
3.384638331315936092e-04
3.499371834072408181e-04
3.384638331315936092e-04
3.499371834072408181e-04
3.384638331315936092e-04
3.155171325802990832e-04
3.499371834072408181e-04
3.614105336828880811e-04
3.155171325802990832e-04
2.352036806507684316e-04
5.736675137823620510e-06
5.736675137823620510e-06
5.736675137823620510e-06
5.736675137823620510e-06
5.736675137823620510e-06
5.736675137823620510e-06
5.736675137823620510e-06
5.736675137823620510e-06
2.237303303751211957e-04
3.097804574424755058e-04
5.736675137823620510e-06
2.352036806507684316e-04
1.950469546860030923e-04
2.581503812020629306e-04
5.736675137823620510e-06
1.893102795481794607e-04
5.736675137823620510e-06
1.319435281699432539e-04
2.581503812020629306e-04
2.753604066155337709e-04
2.122569800994739597e-04
2.638870563398865079e-04
5.736675137823620510e-06
5.736675137823620510e-06
2.409403557885920360e-04
5.736675137823620510e-06
1.663635789968849889e-04
3.212538077181227147e-04
5.736675137823620510e-06
5.736675137823620510e-06
2.753604066155337709e-04
6.310342651605982476e-05
1.663635789968849889e-04
5.736675137823620510e-06
5.736675137823620510e-06
2.237303303751211957e-04
1.606269038590613573e-04
6.310342651605982476e-05
2.409403557885920360e-04
2.466770309264156675e-04
5.736675137823620510e-06
5.736675137823620510e-06
2.352036806507684316e-04
2.237303303751211957e-04
1.721002541347085933e-04
5.736675137823620510e-06
5.736675137823620510e-06
5.736675137823620510e-06
5.736675137823620510e-06
2.466770309264156675e-04
2.352036806507684316e-04
2.466770309264156675e-04
1.950469546860030923e-04
2.352036806507684316e-04
2.352036806507684316e-04
1.319435281699432539e-04
2.122569800994739597e-04
2.352036806507684316e-04
1.721002541347085933e-04
2.352036806507684316e-04
2.352036806507684316e-04
2.352036806507684316e-04
2.581503812020629306e-04
1.548902287212377529e-04
5.736675137823620510e-06
1.950469546860030923e-04
2.237303303751211957e-04
5.736675137823620510e-06
5.736675137823620510e-06
2.122569800994739597e-04
5.736675137823620510e-06
5.736675137823620510e-06
2.466770309264156675e-04
1.663635789968849889e-04
1.089968276186487821e-04
5.736675137823620510e-06
2.581503812020629306e-04
5.736675137823620510e-06
2.122569800994739597e-04
2.581503812020629306e-04
2.237303303751211957e-04
1.778369292725322248e-04
5.736675137823620510e-06
5.736675137823620510e-06
2.122569800994739597e-04
2.122569800994739597e-04
5.736675137823620510e-06
2.122569800994739597e-04
2.466770309264156675e-04
2.352036806507684316e-04
2.581503812020629306e-04
2.352036806507684316e-04
2.581503812020629306e-04
2.122569800994739597e-04
5.736675137823620510e-06
2.581503812020629306e-04
2.122569800994739597e-04
2.237303303751211957e-04
2.352036806507684316e-04
2.122569800994739597e-04
2.352036806507684316e-04
2.179936552372975641e-04
2.466770309264156675e-04
2.122569800994739597e-04
2.409403557885920360e-04
2.294670055129448001e-04
2.122569800994739597e-04
1.835736044103558563e-04
2.007836298238266967e-04
2.122569800994739597e-04
2.466770309264156675e-04
2.466770309264156675e-04
2.237303303751211957e-04
2.352036806507684316e-04
2.581503812020629306e-04
2.122569800994739597e-04
2.122569800994739597e-04
2.409403557885920360e-04
2.581503812020629306e-04
2.122569800994739597e-04
5.736675137823620510e-06
5.736675137823620510e-06
5.736675137823620510e-06
5.736675137823620510e-06
5.736675137823620510e-06
5.736675137823620510e-06
1.778369292725322248e-04
6.884010165388344273e-05
5.736675137823620510e-06
5.736675137823620510e-06
5.736675137823620510e-06
5.736675137823620510e-06
5.736675137823620510e-06
1.721002541347085933e-04
5.736675137823620510e-06
5.736675137823620510e-06
5.736675137823620510e-06
5.736675137823620510e-06
5.736675137823620510e-06
1.835736044103558563e-04
5.736675137823620510e-06
5.736675137823620510e-06
5.736675137823620510e-06
5.736675137823620510e-06
5.736675137823620510e-06
5.736675137823620510e-06
8.605012706735429664e-05
5.736675137823620510e-06
5.736675137823620510e-06
5.163007624041258205e-05
5.736675137823620510e-06
5.736675137823620510e-06
5.736675137823620510e-06
1.721002541347085933e-04
5.736675137823620510e-06
1.548902287212377529e-04
1.319435281699432539e-04
5.736675137823620510e-06
5.736675137823620510e-06
5.736675137823620510e-06
5.736675137823620510e-06
5.736675137823620510e-06
5.736675137823620510e-06
1.606269038590613573e-04
1.606269038590613573e-04
5.736675137823620510e-06
5.736675137823620510e-06
5.736675137823620510e-06
5.736675137823620510e-06
5.736675137823620510e-06
5.736675137823620510e-06
5.736675137823620510e-06
5.736675137823620510e-06
5.736675137823620510e-06
5.736675137823620510e-06
5.736675137823620510e-06
5.736675137823620510e-06
5.736675137823620510e-06
5.736675137823620510e-06
1.262068530321196495e-04
1.950469546860030923e-04
1.893102795481794607e-04
5.736675137823620510e-06
1.835736044103558563e-04
1.835736044103558563e-04
1.319435281699432539e-04
1.262068530321196495e-04
5.736675137823620510e-06
5.736675137823620510e-06
5.736675137823620510e-06
5.736675137823620510e-06
5.736675137823620510e-06
5.736675137823620510e-06
5.736675137823620510e-06
5.736675137823620510e-06
8.605012706735429664e-05
1.319435281699432539e-04
1.319435281699432539e-04
5.163007624041258205e-05
5.736675137823620510e-06
5.736675137823620510e-06
5.736675137823620510e-06
1.319435281699432539e-04
5.736675137823620510e-06
5.736675137823620510e-06
5.736675137823620510e-06
5.736675137823620510e-06
9.752347734300154613e-05
6.884010165388344273e-05
5.736675137823620510e-06
5.736675137823620510e-06
1.262068530321196495e-04
5.736675137823620510e-06
1.089968276186487821e-04
5.736675137823620510e-06
5.736675137823620510e-06
6.884010165388344273e-05
5.736675137823620510e-06
5.736675137823620510e-06
1.319435281699432539e-04
1.319435281699432539e-04
1.089968276186487821e-04
5.736675137823620510e-06
5.736675137823620510e-06
5.736675137823620510e-06
6.884010165388344273e-05
5.736675137823620510e-06
5.736675137823620510e-06
5.736675137823620510e-06
5.736675137823620510e-06
5.736675137823620510e-06
1.319435281699432539e-04
5.736675137823620510e-06
5.736675137823620510e-06
1.089968276186487821e-04
1.089968276186487821e-04
1.089968276186487821e-04
1.319435281699432539e-04
1.089968276186487821e-04
1.089968276186487821e-04
1.089968276186487821e-04
1.089968276186487821e-04
5.736675137823620510e-06
9.752347734300154613e-05
1.147335027564724000e-04
1.204701778942960180e-04
1.089968276186487821e-04
1.319435281699432539e-04
1.319435281699432539e-04
5.736675137823620510e-06
1.319435281699432539e-04
1.262068530321196495e-04
1.089968276186487821e-04
1.089968276186487821e-04
5.736675137823620002e-05
1.089968276186487821e-04
1.089968276186487821e-04
1.089968276186487821e-04
1.089968276186487821e-04
1.089968276186487821e-04
1.089968276186487821e-04
5.736675137823620510e-06
1.319435281699432539e-04
1.089968276186487821e-04
1.089968276186487821e-04
1.204701778942960180e-04
5.736675137823620510e-06
5.736675137823620510e-06
5.736675137823620510e-06
5.736675137823620510e-06
5.736675137823620510e-06
5.736675137823620510e-06
5.736675137823620510e-06
1.262068530321196495e-04
1.204701778942960180e-04
5.736675137823620510e-06
1.319435281699432539e-04
1.204701778942960180e-04
1.204701778942960180e-04
1.319435281699432539e-04
1.204701778942960180e-04
1.089968276186487821e-04
1.204701778942960180e-04
1.204701778942960180e-04
1.204701778942960180e-04
1.319435281699432539e-04
1.319435281699432539e-04
1.319435281699432539e-04
9.752347734300154613e-05
1.204701778942960180e-04
1.147335027564724000e-04
1.204701778942960180e-04
1.089968276186487821e-04
5.736675137823620510e-06
1.204701778942960180e-04
1.319435281699432539e-04
1.204701778942960180e-04
1.147335027564724000e-04
1.319435281699432539e-04
1.262068530321196495e-04
1.319435281699432539e-04
1.319435281699432539e-04
1.319435281699432539e-04
1.204701778942960180e-04
1.204701778942960180e-04
5.736675137823620510e-06
5.736675137823620510e-06
6.310342651605982476e-05
5.736675137823620510e-06
5.736675137823620510e-06
5.736675137823620510e-06
5.736675137823620510e-06
5.736675137823620510e-06
5.736675137823620510e-06
5.736675137823620510e-06
5.736675137823620510e-06
5.736675137823620510e-06
5.736675137823620510e-06
5.736675137823620510e-06
5.736675137823620510e-06
5.736675137823620510e-06
5.736675137823620510e-06
5.736675137823620510e-06
5.736675137823620510e-06
5.736675137823620510e-06
6.884010165388344273e-05
6.310342651605982476e-05
5.736675137823620510e-06
5.736675137823620510e-06
5.736675137823620510e-06
5.736675137823620510e-06
5.736675137823620002e-05
5.736675137823620510e-06
5.736675137823620510e-06
5.736675137823620510e-06
5.736675137823620510e-06
5.736675137823620510e-06
5.736675137823620510e-06
5.736675137823620510e-06
5.736675137823620510e-06
5.736675137823620510e-06
5.736675137823620510e-06
5.736675137823620510e-06
5.736675137823620510e-06
5.736675137823620510e-06
5.736675137823620510e-06
5.736675137823620510e-06
5.736675137823620510e-06
5.163007624041258205e-05
5.736675137823620510e-06
5.736675137823620510e-06
5.736675137823620510e-06
5.736675137823620510e-06
5.736675137823620510e-06
5.736675137823620510e-06
5.736675137823620510e-06
6.310342651605982476e-05
5.736675137823620510e-06
5.736675137823620510e-06
5.736675137823620510e-06
5.736675137823620510e-06
6.310342651605982476e-05
5.736675137823620510e-06
5.736675137823620510e-06
5.736675137823620002e-05
6.310342651605982476e-05
5.736675137823620510e-06
5.736675137823620510e-06
5.736675137823620510e-06
5.736675137823620510e-06
5.736675137823620510e-06
5.736675137823620510e-06
5.736675137823620002e-05
5.736675137823620510e-06
5.736675137823620002e-05
6.884010165388344273e-05
5.736675137823620002e-05
5.736675137823620002e-05
5.736675137823620002e-05
5.736675137823620002e-05
5.736675137823620002e-05
6.884010165388344273e-05
5.736675137823620510e-06
5.163007624041258205e-05
5.736675137823620002e-05
5.736675137823620510e-06
6.884010165388344273e-05
5.736675137823620002e-05
6.884010165388344273e-05
5.736675137823620002e-05
5.163007624041258205e-05
5.736675137823620002e-05
5.736675137823620002e-05
5.736675137823620002e-05
6.884010165388344273e-05
5.736675137823620002e-05
5.736675137823620510e-06
5.736675137823620002e-05
5.736675137823620510e-06
5.736675137823620002e-05
5.736675137823620002e-05
5.736675137823620510e-06
5.736675137823620002e-05
6.310342651605982476e-05
5.163007624041258205e-05
5.736675137823620510e-06
6.884010165388344273e-05
5.736675137823620510e-06
6.884010165388344273e-05
5.736675137823620510e-06
5.736675137823620002e-05
5.736675137823620510e-06
6.884010165388344273e-05
6.310342651605982476e-05
