2.511279272397412207e-02
2.406244778114630806e-02
2.046979064715571256e-02
2.110238476044973971e-02
2.095915590460958183e-02
2.014752572151536081e-02
1.772457091021937756e-02
1.704423384497863458e-02
1.624453939987109338e-02
1.176863765486619966e-02
1.124346518345229265e-02
1.074216418801174529e-02
1.062280680814494706e-02
1.089732878183858125e-02
9.799240887064047945e-03
8.975674965983147097e-03
8.295337900742402390e-03
8.032751665035449753e-03
8.331145114702441859e-03
8.020815927048769930e-03
7.805972643288534851e-03
7.638872311475018197e-03
7.424029027714783985e-03
6.994342460194313826e-03
6.684013272540641031e-03
6.314005394953569987e-03
6.063354897233296306e-03
6.242390967033491916e-03
6.636270320593922606e-03
5.526246687832708608e-03
5.836575875486381404e-03
5.800768661526341935e-03
6.015611945286577014e-03
5.764961447566303333e-03
5.848511613473061227e-03
5.585925377766106856e-03
5.633668329712826148e-03
5.335274880045833175e-03
4.810102408631925300e-03
5.192046024205677034e-03
5.013009954405480556e-03
5.048817168365520025e-03
4.905588312525363016e-03
5.072688644338879671e-03
5.048817168365520025e-03
4.678809290778448982e-03
4.607194862858370911e-03
4.762359456685206875e-03
4.559451910911651619e-03
4.583323386885011265e-03
4.523644696951612150e-03
4.631066338831729690e-03
4.428158793058174433e-03
4.320737151178057761e-03
4.153636819364541106e-03
3.628464347950633665e-03
4.010407963524384965e-03
4.046215177484423567e-03
4.022343701511064788e-03
4.523644696951612150e-03
3.509106968083836736e-03
3.891050583657587603e-03
3.902986321644267426e-03
3.473299754123797267e-03
3.652335823923993311e-03
3.485235492110477090e-03
3.532978444057195948e-03
3.532978444057195948e-03
3.353942374257000338e-03
3.544914182043875771e-03
3.461364016137117878e-03
3.270392208350242445e-03
3.306199422310281480e-03
3.210713518416843763e-03
3.151034828483445082e-03
3.210713518416843763e-03
3.103291876536726224e-03
3.198777780430163940e-03
3.007805972643288507e-03
3.127163352510085870e-03
3.007805972643288507e-03
2.900384330763170967e-03
3.019741710629968330e-03
2.757155474923014393e-03
3.055548924590007365e-03
2.995870234656608684e-03
2.912320068749850790e-03
2.912320068749850790e-03
2.745219736936334570e-03
2.434890549282662207e-03
2.864577116803131932e-03
2.769091212909694216e-03
2.781026950896374039e-03
2.828769902843092897e-03
2.554247929149459136e-03
2.697476784989615711e-03
2.697476784989615711e-03
2.637798095056217464e-03
2.172304313575708270e-03
2.327468907402544668e-03
2.184240051562388093e-03
2.351340383375904314e-03
2.375211859349263526e-03
2.327468907402544668e-03
2.231983003509106951e-03
2.208111527535747739e-03
2.148432837602349058e-03
2.315533169415864845e-03
2.076818409682270553e-03
2.005203981762192483e-03
1.909718077868754549e-03
2.184240051562388093e-03
2.160368575589028881e-03
2.064882671695590730e-03
2.076818409682270553e-03
1.969396767802153014e-03
2.029075457735551695e-03
1.861975125922035691e-03
1.933589553842113978e-03
1.921653815855434372e-03
1.933589553842113978e-03
1.909718077868754549e-03
1.909718077868754549e-03
1.885846601895395120e-03
1.885846601895395120e-03
1.706810532095199510e-03
1.885846601895395120e-03
1.766489222028597974e-03
1.802296435988637226e-03
1.694874794108519687e-03
1.730682008068558939e-03
1.814232173975316833e-03
1.671003318135160258e-03
1.826167911961996656e-03
1.861975125922035691e-03
1.826167911961996656e-03
1.850039387935356085e-03
1.623260366188441399e-03
1.730682008068558939e-03
1.730682008068558939e-03
1.766489222028597974e-03
1.718746270081879116e-03
1.635196104175121222e-03
1.515838724308324077e-03
1.635196104175121222e-03
1.682939056121840081e-03
1.599388890215081970e-03
1.671003318135160258e-03
1.611324628201761793e-03
1.623260366188441399e-03
1.515838724308324077e-03
1.611324628201761793e-03
1.671003318135160258e-03
1.563581676255042935e-03
1.420352820414886360e-03
1.360674130481487679e-03
1.480031510348284824e-03
1.456160034374925395e-03
1.348738392494807856e-03
1.420352820414886360e-03
1.515838724308324077e-03
1.253252488601370139e-03
1.491967248334964647e-03
1.348738392494807856e-03
1.527774462295003683e-03
1.420352820414886360e-03
1.432288558401565966e-03
1.420352820414886360e-03
1.396481344441526714e-03
1.420352820414886360e-03
1.432288558401565966e-03
1.277123964574729568e-03
1.384545606454847108e-03
1.312931178534768820e-03
1.277123964574729568e-03
1.205509536654651281e-03
1.372609868468167285e-03
1.396481344441526714e-03
1.277123964574729568e-03
1.300995440548088997e-03
1.229381012628010710e-03
1.265188226588049962e-03
1.277123964574729568e-03
1.312931178534768820e-03
1.300995440548088997e-03
1.217445274641331104e-03
1.217445274641331104e-03
1.086152156787854135e-03
1.217445274641331104e-03
1.253252488601370139e-03
1.193573798667971675e-03
1.277123964574729568e-03
1.289059702561409391e-03
1.098087894774533958e-03
1.110023632761213564e-03
1.169702322694612245e-03
1.121959370747893387e-03
1.133895108734572993e-03
1.133895108734572993e-03
1.074216418801174529e-03
1.074216418801174529e-03
1.098087894774533958e-03
1.181638060681291852e-03
1.121959370747893387e-03
1.110023632761213564e-03
1.110023632761213564e-03
6.445298512807046956e-04
1.086152156787854135e-03
1.002601990881096241e-03
9.309875629610178454e-04
8.951803490009787017e-04
1.038409204841135277e-03
1.050344942827815100e-03
1.074216418801174529e-03
9.787305149077368122e-04
9.906662528944164183e-04
9.667947769210569892e-04
1.002601990881096241e-03
9.787305149077368122e-04
9.906662528944164183e-04
9.906662528944164183e-04
9.787305149077368122e-04
9.548590389343772746e-04
9.071160869876584163e-04
8.116301830942206997e-04
9.429233009476975600e-04
9.548590389343772746e-04
9.429233009476975600e-04
9.548590389343772746e-04
8.951803490009787017e-04
9.787305149077368122e-04
9.667947769210569892e-04
8.474373970542598434e-04
9.548590389343772746e-04
9.548590389343772746e-04
8.116301830942206997e-04
7.638872311475018414e-04
9.429233009476975600e-04
9.429233009476975600e-04
9.309875629610178454e-04
8.235659210809004142e-04
9.309875629610178454e-04
8.355016590675801288e-04
9.190518249743381309e-04
9.190518249743381309e-04
8.832446110142989871e-04
8.593731350409395580e-04
8.474373970542598434e-04
7.519514931608221268e-04
7.996944451075409851e-04
8.355016590675801288e-04
7.280800171874626976e-04
8.593731350409395580e-04
7.877587071208612705e-04
6.803370652407438393e-04
8.355016590675801288e-04
7.400157551741424122e-04
7.877587071208612705e-04
6.684013272540641247e-04
7.400157551741424122e-04
8.116301830942206997e-04
6.564655892673844102e-04
7.638872311475018414e-04
7.280800171874626976e-04
7.877587071208612705e-04
7.638872311475018414e-04
7.280800171874626976e-04
6.684013272540641247e-04
6.684013272540641247e-04
7.042085412141032685e-04
6.803370652407438393e-04
6.922728032274235539e-04
7.638872311475018414e-04
6.922728032274235539e-04
6.684013272540641247e-04
6.684013272540641247e-04
7.161442792007829830e-04
6.087226373206655518e-04
7.042085412141032685e-04
6.922728032274235539e-04
6.564655892673844102e-04
6.803370652407438393e-04
6.445298512807046956e-04
6.803370652407438393e-04
6.684013272540641247e-04
7.042085412141032685e-04
6.445298512807046956e-04
7.042085412141032685e-04
5.729154233606264081e-04
6.325941132940249810e-04
6.564655892673844102e-04
6.684013272540641247e-04
6.325941132940249810e-04
5.967868993339858373e-04
6.445298512807046956e-04
5.609796853739466935e-04
6.087226373206655518e-04
6.087226373206655518e-04
5.371082094005872644e-04
6.206583753073452664e-04
6.087226373206655518e-04
5.967868993339858373e-04
5.848511613473061227e-04
6.206583753073452664e-04
5.848511613473061227e-04
5.967868993339858373e-04
6.206583753073452664e-04
6.087226373206655518e-04
5.729154233606264081e-04
5.729154233606264081e-04
5.967868993339858373e-04
4.893652574538684061e-04
5.490439473872669790e-04
5.490439473872669790e-04
5.132367334272278352e-04
5.490439473872669790e-04
5.729154233606264081e-04
5.490439473872669790e-04
5.609796853739466935e-04
4.654937814805089227e-04
5.251724714139075498e-04
5.013009954405481207e-04
5.490439473872669790e-04
5.609796853739466935e-04
5.609796853739466935e-04
5.609796853739466935e-04
5.251724714139075498e-04
4.058150915471103498e-04
4.893652574538684061e-04
5.371082094005872644e-04
5.132367334272278352e-04
5.132367334272278352e-04
5.490439473872669790e-04
4.774295194671886373e-04
5.371082094005872644e-04
5.013009954405481207e-04
4.774295194671886373e-04
4.774295194671886373e-04
4.296865675204697790e-04
4.058150915471103498e-04
5.251724714139075498e-04
5.251724714139075498e-04
5.013009954405481207e-04
5.132367334272278352e-04
4.774295194671886373e-04
4.654937814805089227e-04
5.013009954405481207e-04
4.535580434938292081e-04
4.058150915471103498e-04
5.013009954405481207e-04
4.535580434938292081e-04
5.013009954405481207e-04
5.013009954405481207e-04
4.535580434938292081e-04
4.416223055071494936e-04
5.013009954405481207e-04
4.774295194671886373e-04
4.416223055071494936e-04
4.774295194671886373e-04
4.893652574538684061e-04
3.580721396003914915e-04
4.535580434938292081e-04
4.774295194671886373e-04
4.296865675204697790e-04
4.058150915471103498e-04
4.058150915471103498e-04
4.296865675204697790e-04
4.416223055071494936e-04
2.625862357069537749e-04
4.177508295337900644e-04
4.416223055071494936e-04
4.654937814805089227e-04
4.296865675204697790e-04
4.654937814805089227e-04
4.296865675204697790e-04
4.535580434938292081e-04
4.654937814805089227e-04
4.296865675204697790e-04
4.296865675204697790e-04
4.058150915471103498e-04
4.296865675204697790e-04
3.819436155737509207e-04
3.103291876536726332e-04
3.819436155737509207e-04
4.416223055071494936e-04
4.416223055071494936e-04
3.938793535604306353e-04
4.416223055071494936e-04
4.296865675204697790e-04
3.938793535604306353e-04
4.416223055071494936e-04
4.296865675204697790e-04
4.296865675204697790e-04
3.819436155737509207e-04
3.103291876536726332e-04
4.296865675204697790e-04
4.296865675204697790e-04
3.700078775870712061e-04
4.058150915471103498e-04
4.177508295337900644e-04
3.819436155737509207e-04
4.177508295337900644e-04
3.938793535604306353e-04
3.938793535604306353e-04
4.177508295337900644e-04
4.177508295337900644e-04
4.177508295337900644e-04
4.177508295337900644e-04
4.177508295337900644e-04
3.342006636270320624e-04
3.819436155737509207e-04
3.461364016137117769e-04
3.819436155737509207e-04
3.938793535604306353e-04
3.103291876536726332e-04
4.058150915471103498e-04
3.938793535604306353e-04
3.819436155737509207e-04
3.580721396003914915e-04
3.580721396003914915e-04
2.864577116803132041e-04
3.819436155737509207e-04
3.819436155737509207e-04
3.819436155737509207e-04
3.819436155737509207e-04
3.819436155737509207e-04
2.983934496669929186e-04
3.700078775870712061e-04
3.580721396003914915e-04
3.819436155737509207e-04
3.580721396003914915e-04
3.222649256403523478e-04
3.580721396003914915e-04
3.461364016137117769e-04
2.148432837602348895e-04
3.580721396003914915e-04
3.580721396003914915e-04
2.387147597335943186e-04
3.342006636270320624e-04
2.625862357069537749e-04
2.983934496669929186e-04
3.342006636270320624e-04
3.222649256403523478e-04
3.461364016137117769e-04
3.461364016137117769e-04
2.864577116803132041e-04
3.461364016137117769e-04
3.103291876536726332e-04
3.461364016137117769e-04
3.461364016137117769e-04
3.461364016137117769e-04
3.342006636270320624e-04
3.103291876536726332e-04
3.342006636270320624e-04
3.103291876536726332e-04
2.983934496669929186e-04
3.103291876536726332e-04
3.103291876536726332e-04
3.222649256403523478e-04
3.103291876536726332e-04
3.342006636270320624e-04
3.342006636270320624e-04
3.222649256403523478e-04
3.222649256403523478e-04
2.983934496669929186e-04
2.983934496669929186e-04
3.222649256403523478e-04
2.983934496669929186e-04
2.983934496669929186e-04
2.745219736936334895e-04
1.909718077868754603e-04
3.103291876536726332e-04
2.745219736936334895e-04
2.983934496669929186e-04
3.103291876536726332e-04
2.983934496669929186e-04
2.745219736936334895e-04
2.625862357069537749e-04
2.864577116803132041e-04
2.864577116803132041e-04
2.387147597335943186e-04
2.983934496669929186e-04
2.625862357069537749e-04
2.745219736936334895e-04
2.983934496669929186e-04
2.864577116803132041e-04
2.864577116803132041e-04
2.983934496669929186e-04
2.983934496669929186e-04
2.983934496669929186e-04
2.864577116803132041e-04
2.864577116803132041e-04
2.864577116803132041e-04
2.864577116803132041e-04
2.864577116803132041e-04
2.864577116803132041e-04
2.387147597335943186e-04
2.506504977202740603e-04
2.745219736936334895e-04
2.745219736936334895e-04
2.506504977202740603e-04
2.745219736936334895e-04
2.625862357069537749e-04
2.745219736936334895e-04
2.745219736936334895e-04
2.267790217469146041e-04
2.506504977202740603e-04
1.909718077868754603e-04
1.909718077868754603e-04
2.625862357069537749e-04
2.625862357069537749e-04
2.267790217469146041e-04
2.625862357069537749e-04
2.506504977202740603e-04
2.267790217469146041e-04
2.506504977202740603e-04
2.625862357069537749e-04
2.267790217469146041e-04
2.267790217469146041e-04
1.909718077868754603e-04
2.387147597335943186e-04
2.506504977202740603e-04
2.387147597335943186e-04
2.148432837602348895e-04
1.909718077868754603e-04
2.387147597335943186e-04
2.387147597335943186e-04
2.029075457735551749e-04
2.148432837602348895e-04
2.387147597335943186e-04
2.029075457735551749e-04
2.387147597335943186e-04
4.774295194671886508e-05
2.148432837602348895e-04
2.387147597335943186e-04
1.790360698001957458e-04
2.387147597335943186e-04
2.148432837602348895e-04
2.267790217469146041e-04
2.267790217469146041e-04
1.671003318135160312e-04
2.267790217469146041e-04
2.267790217469146041e-04
1.551645938268363166e-04
2.267790217469146041e-04
2.148432837602348895e-04
2.029075457735551749e-04
1.909718077868754603e-04
2.148432837602348895e-04
2.029075457735551749e-04
1.671003318135160312e-04
1.790360698001957458e-04
1.909718077868754603e-04
2.029075457735551749e-04
2.148432837602348895e-04
7.161442792007830101e-05
2.029075457735551749e-04
1.671003318135160312e-04
1.909718077868754603e-04
2.148432837602348895e-04
2.148432837602348895e-04
1.671003318135160312e-04
2.148432837602348895e-04
1.909718077868754603e-04
1.909718077868754603e-04
1.790360698001957458e-04
1.909718077868754603e-04
2.148432837602348895e-04
2.148432837602348895e-04
1.551645938268363166e-04
1.432288558401566020e-04
1.909718077868754603e-04
1.909718077868754603e-04
1.909718077868754603e-04
1.671003318135160312e-04
2.029075457735551749e-04
1.671003318135160312e-04
2.029075457735551749e-04
2.029075457735551749e-04
1.790360698001957458e-04
1.909718077868754603e-04
1.790360698001957458e-04
1.432288558401566020e-04
1.909718077868754603e-04
1.790360698001957458e-04
1.909718077868754603e-04
1.551645938268363166e-04
1.671003318135160312e-04
1.909718077868754603e-04
1.909718077868754603e-04
1.909718077868754603e-04
1.790360698001957458e-04
1.909718077868754603e-04
1.790360698001957458e-04
1.909718077868754603e-04
1.909718077868754603e-04
1.671003318135160312e-04
1.671003318135160312e-04
1.909718077868754603e-04
1.909718077868754603e-04
1.671003318135160312e-04
1.671003318135160312e-04
1.671003318135160312e-04
1.909718077868754603e-04
1.909718077868754603e-04
1.671003318135160312e-04
1.790360698001957458e-04
1.671003318135160312e-04
1.551645938268363166e-04
1.790360698001957458e-04
1.790360698001957458e-04
1.671003318135160312e-04
1.074216418801174447e-04
1.432288558401566020e-04
1.790360698001957458e-04
1.551645938268363166e-04
1.671003318135160312e-04
1.551645938268363166e-04
1.312931178534768875e-04
1.671003318135160312e-04
1.551645938268363166e-04
1.551645938268363166e-04
8.355016590675801559e-05
1.671003318135160312e-04
1.671003318135160312e-04
1.432288558401566020e-04
1.193573798667971593e-04
1.671003318135160312e-04
1.671003318135160312e-04
1.551645938268363166e-04
1.671003318135160312e-04
1.432288558401566020e-04
1.671003318135160312e-04
1.551645938268363166e-04
0.000000000000000000e+00
1.432288558401566020e-04
1.551645938268363166e-04
1.312931178534768875e-04
1.432288558401566020e-04
1.551645938268363166e-04
1.551645938268363166e-04
1.551645938268363166e-04
1.432288558401566020e-04
1.312931178534768875e-04
1.312931178534768875e-04
1.551645938268363166e-04
1.432288558401566020e-04
1.432288558401566020e-04
1.551645938268363166e-04
1.312931178534768875e-04
1.551645938268363166e-04
1.432288558401566020e-04
1.432288558401566020e-04
1.432288558401566020e-04
1.432288558401566020e-04
1.432288558401566020e-04
1.193573798667971593e-04
1.432288558401566020e-04
1.432288558401566020e-04
1.312931178534768875e-04
1.432288558401566020e-04
1.312931178534768875e-04
1.312931178534768875e-04
9.548590389343773017e-05
1.312931178534768875e-04
1.312931178534768875e-04
9.548590389343773017e-05
1.432288558401566020e-04
1.312931178534768875e-04
1.432288558401566020e-04
1.432288558401566020e-04
1.432288558401566020e-04
1.193573798667971593e-04
1.193573798667971593e-04
1.432288558401566020e-04
1.193573798667971593e-04
1.193573798667971593e-04
1.312931178534768875e-04
1.312931178534768875e-04
1.312931178534768875e-04
9.548590389343773017e-05
1.193573798667971593e-04
1.193573798667971593e-04
1.312931178534768875e-04
1.193573798667971593e-04
1.312931178534768875e-04
1.312931178534768875e-04
1.074216418801174447e-04
1.312931178534768875e-04
1.312931178534768875e-04
1.312931178534768875e-04
1.074216418801174447e-04
1.074216418801174447e-04
1.193573798667971593e-04
1.193573798667971593e-04
1.193573798667971593e-04
1.193573798667971593e-04
1.193573798667971593e-04
1.193573798667971593e-04
1.193573798667971593e-04
1.193573798667971593e-04
1.193573798667971593e-04
1.193573798667971593e-04
9.548590389343773017e-05
1.193573798667971593e-04
1.193573798667971593e-04
1.193573798667971593e-04
8.355016590675801559e-05
1.193573798667971593e-04
1.193573798667971593e-04
1.193573798667971593e-04
1.193573798667971593e-04
7.161442792007830101e-05
9.548590389343773017e-05
8.355016590675801559e-05
1.193573798667971593e-04
9.548590389343773017e-05
1.193573798667971593e-04
9.548590389343773017e-05
1.193573798667971593e-04
8.355016590675801559e-05
1.193573798667971593e-04
7.161442792007830101e-05
7.161442792007830101e-05
9.548590389343773017e-05
1.193573798667971593e-04
1.074216418801174447e-04
1.074216418801174447e-04
1.193573798667971593e-04
9.548590389343773017e-05
1.074216418801174447e-04
5.967868993339857966e-05
1.074216418801174447e-04
1.074216418801174447e-04
1.074216418801174447e-04
9.548590389343773017e-05
9.548590389343773017e-05
8.355016590675801559e-05
1.074216418801174447e-04
8.355016590675801559e-05
9.548590389343773017e-05
9.548590389343773017e-05
9.548590389343773017e-05
1.074216418801174447e-04
9.548590389343773017e-05
9.548590389343773017e-05
9.548590389343773017e-05
7.161442792007830101e-05
9.548590389343773017e-05
8.355016590675801559e-05
9.548590389343773017e-05
8.355016590675801559e-05
9.548590389343773017e-05
8.355016590675801559e-05
8.355016590675801559e-05
8.355016590675801559e-05
9.548590389343773017e-05
9.548590389343773017e-05
9.548590389343773017e-05
8.355016590675801559e-05
9.548590389343773017e-05
9.548590389343773017e-05
9.548590389343773017e-05
8.355016590675801559e-05
4.774295194671886508e-05
8.355016590675801559e-05
9.548590389343773017e-05
9.548590389343773017e-05
9.548590389343773017e-05
9.548590389343773017e-05
8.355016590675801559e-05
9.548590389343773017e-05
4.774295194671886508e-05
9.548590389343773017e-05
8.355016590675801559e-05
9.548590389343773017e-05
8.355016590675801559e-05
7.161442792007830101e-05
7.161442792007830101e-05
9.548590389343773017e-05
9.548590389343773017e-05
9.548590389343773017e-05
9.548590389343773017e-05
9.548590389343773017e-05
9.548590389343773017e-05
7.161442792007830101e-05
9.548590389343773017e-05
9.548590389343773017e-05
9.548590389343773017e-05
9.548590389343773017e-05
9.548590389343773017e-05
9.548590389343773017e-05
9.548590389343773017e-05
7.161442792007830101e-05
4.774295194671886508e-05
7.161442792007830101e-05
7.161442792007830101e-05
9.548590389343773017e-05
8.355016590675801559e-05
8.355016590675801559e-05
8.355016590675801559e-05
8.355016590675801559e-05
8.355016590675801559e-05
8.355016590675801559e-05
7.161442792007830101e-05
8.355016590675801559e-05
8.355016590675801559e-05
7.161442792007830101e-05
5.967868993339857966e-05
8.355016590675801559e-05
7.161442792007830101e-05
8.355016590675801559e-05
8.355016590675801559e-05
8.355016590675801559e-05
5.967868993339857966e-05
8.355016590675801559e-05
8.355016590675801559e-05
8.355016590675801559e-05
7.161442792007830101e-05
7.161442792007830101e-05
7.161442792007830101e-05
5.967868993339857966e-05
4.774295194671886508e-05
7.161442792007830101e-05
7.161442792007830101e-05
7.161442792007830101e-05
7.161442792007830101e-05
7.161442792007830101e-05
7.161442792007830101e-05
7.161442792007830101e-05
7.161442792007830101e-05
4.774295194671886508e-05
7.161442792007830101e-05
7.161442792007830101e-05
7.161442792007830101e-05
5.967868993339857966e-05
7.161442792007830101e-05
7.161442792007830101e-05
7.161442792007830101e-05
7.161442792007830101e-05
7.161442792007830101e-05
7.161442792007830101e-05
5.967868993339857966e-05
7.161442792007830101e-05
7.161442792007830101e-05
7.161442792007830101e-05
4.774295194671886508e-05
7.161442792007830101e-05
7.161442792007830101e-05
7.161442792007830101e-05
7.161442792007830101e-05
7.161442792007830101e-05
7.161442792007830101e-05
7.161442792007830101e-05
7.161442792007830101e-05
7.161442792007830101e-05
7.161442792007830101e-05
7.161442792007830101e-05
7.161442792007830101e-05
7.161442792007830101e-05
7.161442792007830101e-05
5.967868993339857966e-05
7.161442792007830101e-05
7.161442792007830101e-05
7.161442792007830101e-05
7.161442792007830101e-05
7.161442792007830101e-05
7.161442792007830101e-05
7.161442792007830101e-05
7.161442792007830101e-05
7.161442792007830101e-05
7.161442792007830101e-05
7.161442792007830101e-05
7.161442792007830101e-05
7.161442792007830101e-05
7.161442792007830101e-05
4.774295194671886508e-05
5.967868993339857966e-05
5.967868993339857966e-05
7.161442792007830101e-05
7.161442792007830101e-05
7.161442792007830101e-05
4.774295194671886508e-05
7.161442792007830101e-05
7.161442792007830101e-05
5.967868993339857966e-05
5.967868993339857966e-05
5.967868993339857966e-05
5.967868993339857966e-05
5.967868993339857966e-05
4.774295194671886508e-05
5.967868993339857966e-05
5.967868993339857966e-05
5.967868993339857966e-05
3.580721396003915051e-05
5.967868993339857966e-05
5.967868993339857966e-05
5.967868993339857966e-05
4.774295194671886508e-05
4.774295194671886508e-05
