1.744125636420312125e-02
1.658032626282117741e-02
6.649942852053614996e-03
3.191378824088230304e-03
1.647642090575784013e-03
2.305214564562335644e-02
2.063263518829135112e-03
2.493728569520105732e-03
2.030607549466371606e-02
3.014739717080556353e-02
6.531193872552657972e-03
4.141370660095889528e-03
2.671852038771541701e-03
2.894506375335836879e-03
7.377280351496979041e-03
2.950912140598791616e-02
1.350769641823390587e-03
5.195267853166887122e-04
2.211699743205332042e-03
1.285457703097864050e-02
2.576852855170775822e-02
3.013255354836794336e-03
3.488251272840624164e-03
1.261707907197672602e-03
1.870296427140079190e-03
2.078107141266754762e-02
9.796790808828986959e-04
1.766391070076741470e-03
2.003889029078656167e-03
1.068740815508616680e-03
6.679630096928854252e-04
1.321082396948151331e-03
2.036544998441419674e-02
5.581202036544998316e-03
1.514049488637207036e-03
1.242411198028766858e-02
6.917128055930769383e-03
7.421811218809838359e-05
1.484362243761967706e-05
3.666374742092060133e-03
1.484362243761967706e-05
1.129599667502857382e-02
5.640576526295477044e-04
8.906173462571806572e-05
7.421811218809837817e-04
8.163992340690822466e-04
1.270614080660244401e-02
3.414033160652525808e-04
8.327272187504638698e-03
4.675741067850198301e-03
2.478884947082485996e-03
1.261707907197672602e-03
1.004913239026852118e-02
5.135893363416407960e-03
2.315605100268669763e-03
6.145259689174546562e-03
7.035877035431726406e-03
2.968724487523935411e-05
1.024209948195757688e-03
1.632798468138164493e-03
1.232020662322433130e-03
6.130416066736926392e-03
9.648354584452789595e-04
7.451498463685077289e-03
2.820288263147738522e-04
1.350769641823390543e-02
8.460864789443216108e-04
8.015556116314625102e-04
8.906173462571806572e-05
1.484362243761967706e-05
9.499918360076593316e-04
2.671852038771541701e-04
6.085885199424066966e-04
3.621843874779200924e-03
6.828066321305051615e-04
1.128115305259095409e-03
8.015556116314625102e-04
3.310127803589187762e-03
5.492140301919280765e-04
1.088037524677522294e-02
5.536671169232139540e-03
9.203045911324199673e-04
1.007881963514375978e-02
7.065564280306965879e-03
1.042022295120901242e-02
1.276551529635292122e-03
8.460864789443216108e-04
1.187489795009574164e-04
3.280440558713948723e-03
1.543736733512446292e-03
5.091362496103549184e-03
1.632798468138164493e-04
9.351482135700395952e-04
1.662485713013403749e-03
7.421811218809837817e-04
7.421811218809838359e-05
8.906173462571806030e-04
3.710905609404918908e-04
3.562469385028722629e-04
8.475708411880835194e-03
2.968724487523935411e-05
3.087473467024892584e-03
6.471819382802179027e-03
1.484362243761967706e-05
3.102317089462512320e-03
2.968724487523935343e-04
4.007778058157312551e-04
1.335926019385770850e-04
4.304650506909706194e-04
4.690584690287817604e-03
4.007778058157312551e-04
1.321082396948151331e-03
1.514049488637207036e-03
2.523415814395345205e-03
1.484362243761967706e-05
8.030399738752245706e-03
7.362436729059359738e-03
2.968724487523935411e-05
6.798379076429812359e-03
7.273374994433641537e-04
8.267897697754159753e-03
1.484362243761967706e-05
1.484362243761967706e-05
5.343704077543083401e-04
1.172646172571954401e-03
6.753848209116952717e-03
5.907761730172631648e-03
4.616366578099719356e-03
1.484362243761967706e-05
4.764802802475915852e-03
3.562469385028722629e-04
7.273374994433641320e-03
2.523415814395344879e-04
2.523415814395345205e-03
1.484362243761967706e-05
2.939037242648696088e-03
1.083584437946236417e-03
3.176535201650611002e-03
7.867119891938428823e-04
5.774169128234054454e-03
4.349181374222564969e-03
8.906173462571806572e-05
1.736703825201502214e-03
2.968724487523935411e-05
1.484362243761967706e-05
2.627321171458682925e-03
5.878074485297392175e-03
1.039053570633377424e-03
9.054609686948002310e-04
5.388234944855943044e-03
3.087473467024892584e-03
1.766391070076741470e-03
5.937448975047870687e-04
5.566358414107379013e-03
1.484362243761967706e-05
2.211699743205332042e-03
1.484362243761967706e-05
1.974201784203417128e-03
1.974201784203417128e-03
1.632798468138164493e-04
1.632798468138164493e-04
1.484362243761967706e-05
4.453086731285903015e-04
5.432765812168801819e-03
1.781234692514361314e-04
2.152325253454853097e-03
3.191378824088230304e-03
7.867119891938428823e-04
5.640576526295477261e-03
4.453086731285903286e-05
2.968724487523935411e-05
1.484362243761967706e-05
4.809333669788775495e-03
1.484362243761967706e-05
1.484362243761967706e-05
1.484362243761967706e-05
1.484362243761967706e-05
1.781234692514361314e-04
6.828066321305051615e-04
4.571835710786860581e-03
4.453086731285902690e-03
4.809333669788775495e-03
4.453086731285903286e-05
1.632798468138164493e-04
1.484362243761967672e-04
3.117160711900132165e-04
3.740592854280158381e-03
1.484362243761967706e-05
1.484362243761967706e-05
1.484362243761967706e-05
1.335926019385770850e-04
4.096839792783030752e-03
1.232020662322433130e-03
1.484362243761967706e-05
1.321082396948151331e-03
4.007778058157312334e-03
4.022621680594932504e-03
1.929670916890557865e-04
1.484362243761967706e-05
4.156214282533509372e-04
1.380456886698629843e-03
1.083584437946236417e-03
1.558580355950066028e-03
1.632798468138164493e-04
1.321082396948151331e-03
3.666374742092060133e-03
3.577313007466342148e-03
3.562469385028722629e-04
2.374979590019148275e-03
1.395300509136249579e-03
4.453086731285903286e-05
3.725749231842538645e-03
1.484362243761967706e-05
3.607000252341581621e-03
3.057786222149653545e-03
5.937448975047870822e-05
3.324971426026807498e-03
1.484362243761967706e-05
1.484362243761967706e-05
3.013255354836794336e-03
1.484362243761967706e-05
1.484362243761967706e-05
1.335926019385770850e-04
3.354658670902046971e-03
2.671852038771541701e-04
1.187489795009574164e-04
3.414033160652525808e-04
4.453086731285903286e-05
6.085885199424066966e-04
1.484362243761967706e-05
2.122638008579613624e-03
2.775757395834879421e-03
2.760913773397259685e-03
1.380456886698629843e-03
2.092950763704374585e-03
2.968724487523935411e-05
1.781234692514361314e-04
1.632798468138164493e-04
1.484362243761967706e-05
2.018732651516275903e-03
1.781234692514361314e-04
1.632798468138164493e-03
5.343704077543083401e-04
7.124938770057445258e-04
1.068740815508616680e-03
1.929670916890557865e-04
1.484362243761967706e-05
3.265596936276328986e-04
1.484362243761967706e-05
1.484362243761967706e-05
2.122638008579613624e-03
5.640576526295477044e-04
2.389823212456768011e-03
1.929670916890557865e-04
2.686695661209161437e-03
2.968724487523935411e-05
6.234321423800264330e-04
4.749959180038296658e-04
9.351482135700395952e-04
1.335926019385770850e-04
1.335926019385770850e-04
2.464041324644866259e-03
1.039053570633377343e-04
2.493728569520105732e-03
7.421811218809838359e-05
1.484362243761967672e-04
8.460864789443216108e-04
1.484362243761967706e-05
2.018732651516275903e-03
1.974201784203417128e-03
2.968724487523935411e-05
1.484362243761967706e-05
3.117160711900132165e-04
4.156214282533509372e-04
1.484362243761967563e-03
5.046831628790689759e-04
2.271074232955810554e-03
1.484362243761967706e-05
1.484362243761967706e-05
1.484362243761967706e-05
1.929670916890557919e-03
1.632798468138164493e-04
1.187489795009574164e-04
2.122638008579613624e-03
1.217177039884813393e-03
4.453086731285903286e-05
2.315605100268669763e-03
2.315605100268669763e-03
1.944514539328177655e-03
1.484362243761967706e-05
1.632798468138164493e-04
9.648354584452789595e-04
1.039053570633377343e-04
2.122638008579613624e-03
5.789012750671674408e-04
5.046831628790689759e-04
1.142958927696715145e-03
4.453086731285903286e-05
8.015556116314625102e-04
4.453086731285903286e-05
1.484362243761967672e-04
1.113271682821475672e-03
1.113271682821475672e-03
2.968724487523935411e-05
1.484362243761967563e-03
1.484362243761967706e-05
1.484362243761967706e-05
6.085885199424066966e-04
1.113271682821475672e-03
7.421811218809837817e-04
5.789012750671674408e-04
1.187489795009574164e-04
1.321082396948151331e-03
7.421811218809838359e-05
5.343704077543083401e-04
1.736703825201502214e-03
2.968724487523935411e-05
5.937448975047870687e-04
2.968724487523935411e-05
1.484362243761967706e-05
1.484362243761967706e-05
1.484362243761967706e-05
8.906173462571806572e-05
1.484362243761967706e-05
1.484362243761967706e-05
1.484362243761967706e-05
1.484362243761967706e-05
1.736703825201502214e-03
1.721860202763882478e-03
1.484362243761967672e-04
3.859341833781115730e-04
1.855452804702459671e-03
5.492140301919280765e-04
4.304650506909706194e-04
2.374979590019148329e-04
1.736703825201502214e-03
1.796078314951980942e-03
1.870296427140079190e-03
1.039053570633377424e-03
5.492140301919280765e-04
1.766391070076741470e-03
4.749959180038296658e-04
1.484362243761967706e-05
1.276551529635292122e-03
8.906173462571806572e-05
1.454674998886728307e-03
1.039053570633377343e-04
8.757737238195609751e-04
1.439831376449108571e-03
1.707016580326262741e-03
1.039053570633377343e-04
1.617954845700544757e-03
1.573423978387685765e-03
1.528893111074826772e-03
4.453086731285903286e-05
4.453086731285903015e-04
2.968724487523935411e-05
1.484362243761967706e-05
1.484362243761967706e-05
1.484362243761967706e-05
1.484362243761967706e-05
1.484362243761967706e-05
4.898395404414493479e-04
1.484362243761967706e-05
1.484362243761967706e-05
1.484362243761967563e-03
1.454674998886728307e-03
1.617954845700544757e-03
1.603111223262925020e-03
8.906173462571806572e-05
8.906173462571806572e-05
2.820288263147738522e-04
2.523415814395344879e-04
1.424987754011489052e-03
1.484362243761967563e-03
7.421811218809838359e-05
1.113271682821475672e-03
4.749959180038296658e-04
6.531193872552657972e-04
1.187489795009574137e-03
2.968724487523935411e-05
1.172646172571954401e-03
1.781234692514361314e-04
1.929670916890557865e-04
1.291395152072911858e-03
1.484362243761967706e-05
1.335926019385770850e-03
6.679630096928854252e-04
8.906173462571806572e-05
7.421811218809838359e-05
7.421811218809838359e-05
1.039053570633377343e-04
1.039053570633377343e-04
1.009366325758137952e-03
1.053897193070996944e-03
2.226543365642951508e-04
7.421811218809838359e-05
4.453086731285903286e-05
1.276551529635292122e-03
3.710905609404918908e-04
1.306238774510531594e-03
1.335926019385770850e-03
1.128115305259095409e-03
1.484362243761967706e-05
1.484362243761967706e-05
1.484362243761967706e-05
1.484362243761967706e-05
1.484362243761967706e-05
1.484362243761967706e-05
1.484362243761967706e-05
1.484362243761967706e-05
1.484362243761967706e-05
1.484362243761967706e-05
1.484362243761967706e-05
1.484362243761967706e-05
1.632798468138164493e-04
3.710905609404918908e-04
2.671852038771541701e-04
2.968724487523935343e-04
8.906173462571806572e-05
1.083584437946236417e-03
1.202333417447193874e-03
5.937448975047870822e-05
1.039053570633377343e-04
9.351482135700395952e-04
1.172646172571954401e-03
1.068740815508616680e-03
2.374979590019148329e-04
1.157802550134334882e-03
1.202333417447193874e-03
1.202333417447193874e-03
1.113271682821475672e-03
1.187489795009574137e-03
1.187489795009574137e-03
1.929670916890557865e-04
8.460864789443216108e-04
1.484362243761967706e-05
1.157802550134334882e-03
1.157802550134334882e-03
9.796790808828986959e-04
1.484362243761967706e-05
1.632798468138164493e-04
1.484362243761967706e-05
1.128115305259095409e-03
2.523415814395344879e-04
1.068740815508616680e-03
1.039053570633377343e-04
5.937448975047870822e-05
2.226543365642951508e-04
3.710905609404918908e-04
7.421811218809838359e-05
5.937448975047870822e-05
1.039053570633377343e-04
5.937448975047870822e-05
4.007778058157312551e-04
1.083584437946236417e-03
5.937448975047870822e-05
7.421811218809838359e-05
7.421811218809838359e-05
7.421811218809838359e-05
7.124938770057445258e-04
7.421811218809838359e-05
8.757737238195609751e-04
7.421811218809838359e-05
1.009366325758137952e-03
3.710905609404918908e-04
1.024209948195757688e-03
1.009366325758137952e-03
9.054609686948002310e-04
7.867119891938428823e-04
3.265596936276328986e-04
1.632798468138164493e-04
2.968724487523935411e-05
1.484362243761967706e-05
1.484362243761967706e-05
8.757737238195609751e-04
1.484362243761967706e-05
1.484362243761967706e-05
1.484362243761967706e-05
1.484362243761967706e-05
1.484362243761967706e-05
1.484362243761967706e-05
1.484362243761967706e-05
1.484362243761967706e-05
1.484362243761967706e-05
2.374979590019148329e-04
8.163992340690822466e-04
7.273374994433641537e-04
7.570247443186035180e-04
9.203045911324199673e-04
8.609301013819412388e-04
8.906173462571806030e-04
7.867119891938428823e-04
8.460864789443216108e-04
2.820288263147738522e-04
5.937448975047870822e-05
8.015556116314625102e-04
1.484362243761967672e-04
3.859341833781115730e-04
2.374979590019148329e-04
8.906173462571806030e-04
4.007778058157312551e-04
8.906173462571806030e-04
5.492140301919280765e-04
2.226543365642951508e-04
4.453086731285903286e-05
1.781234692514361314e-04
2.968724487523935411e-05
7.570247443186035180e-04
7.718683667562231459e-04
1.929670916890557865e-04
8.163992340690822466e-04
3.414033160652525808e-04
1.484362243761967706e-05
7.570247443186035180e-04
7.867119891938428823e-04
1.484362243761967706e-05
6.085885199424066966e-04
3.265596936276328986e-04
8.163992340690822466e-04
7.273374994433641537e-04
1.335926019385770850e-04
3.265596936276328986e-04
6.234321423800264330e-04
1.335926019385770850e-04
1.335926019385770850e-04
7.124938770057445258e-04
7.867119891938428823e-04
1.335926019385770850e-04
1.039053570633377343e-04
2.820288263147738522e-04
7.273374994433641537e-04
5.937448975047870687e-04
7.421811218809837817e-04
6.679630096928854252e-04
7.421811218809838359e-05
4.453086731285903286e-05
4.453086731285903286e-05
2.078107141266754686e-04
4.453086731285903286e-05
4.453086731285903286e-05
4.007778058157312551e-04
4.453086731285903286e-05
4.453086731285903286e-05
2.226543365642951508e-04
4.453086731285903286e-05
4.453086731285903286e-05
4.453086731285903286e-05
4.453086731285903286e-05
2.078107141266754686e-04
7.124938770057445258e-04
1.781234692514361314e-04
5.937448975047870822e-05
6.828066321305051615e-04
5.046831628790689759e-04
4.453086731285903286e-05
6.828066321305051615e-04
6.234321423800264330e-04
4.453086731285903286e-05
2.078107141266754686e-04
2.968724487523935343e-04
6.828066321305051615e-04
4.453086731285903286e-05
6.976502545681247894e-04
4.453086731285903286e-05
4.453086731285903286e-05
1.484362243761967706e-05
1.632798468138164493e-04
5.937448975047870687e-04
5.789012750671674408e-04
1.484362243761967706e-05
1.484362243761967706e-05
5.789012750671674408e-04
1.484362243761967706e-05
1.484362243761967706e-05
1.484362243761967706e-05
1.484362243761967706e-05
1.484362243761967706e-05
1.484362243761967706e-05
1.484362243761967706e-05
6.234321423800264330e-04
1.484362243761967706e-05
1.484362243761967706e-05
1.484362243761967706e-05
1.484362243761967706e-05
1.484362243761967706e-05
1.484362243761967706e-05
1.484362243761967706e-05
1.484362243761967706e-05
1.484362243761967706e-05
1.484362243761967706e-05
1.484362243761967706e-05
1.484362243761967706e-05
1.781234692514361314e-04
1.484362243761967706e-05
1.484362243761967706e-05
1.484362243761967706e-05
1.484362243761967706e-05
1.484362243761967706e-05
1.484362243761967706e-05
1.484362243761967706e-05
1.484362243761967706e-05
1.484362243761967706e-05
1.484362243761967706e-05
1.484362243761967706e-05
1.484362243761967706e-05
6.531193872552657972e-04
6.531193872552657972e-04
6.382757648176460609e-04
6.382757648176460609e-04
6.382757648176460609e-04
6.382757648176460609e-04
1.484362243761967672e-04
4.749959180038296658e-04
5.343704077543083401e-04
5.937448975047870687e-04
5.789012750671674408e-04
6.234321423800264330e-04
5.640576526295477044e-04
1.187489795009574164e-04
6.085885199424066966e-04
5.492140301919280765e-04
4.007778058157312551e-04
4.601522955662099837e-04
5.046831628790689759e-04
1.187489795009574164e-04
5.937448975047870687e-04
5.492140301919280765e-04
5.937448975047870687e-04
5.937448975047870687e-04
5.937448975047870687e-04
4.601522955662099837e-04
1.039053570633377343e-04
5.789012750671674408e-04
4.601522955662099837e-04
3.859341833781115730e-04
5.195267853166887122e-04
5.640576526295477044e-04
4.601522955662099837e-04
5.937448975047870822e-05
5.195267853166887122e-04
2.968724487523935411e-05
1.781234692514361314e-04
5.492140301919280765e-04
4.749959180038296658e-04
5.343704077543083401e-04
5.046831628790689759e-04
4.304650506909706194e-04
4.007778058157312551e-04
5.937448975047870822e-05
5.937448975047870822e-05
5.343704077543083401e-04
5.343704077543083401e-04
5.343704077543083401e-04
5.195267853166887122e-04
4.898395404414493479e-04
5.343704077543083401e-04
5.343704077543083401e-04
5.343704077543083401e-04
4.898395404414493479e-04
4.749959180038296658e-04
4.007778058157312551e-04
4.898395404414493479e-04
4.601522955662099837e-04
5.195267853166887122e-04
1.781234692514361314e-04
1.484362243761967706e-05
1.484362243761967706e-05
4.749959180038296658e-04
1.484362243761967706e-05
1.484362243761967706e-05
1.632798468138164493e-04
1.484362243761967706e-05
4.453086731285903015e-04
4.453086731285903015e-04
3.859341833781115730e-04
4.898395404414493479e-04
4.749959180038296658e-04
4.453086731285903015e-04
4.453086731285903015e-04
4.304650506909706194e-04
1.484362243761967672e-04
1.335926019385770850e-04
1.335926019385770850e-04
2.523415814395344879e-04
3.562469385028722629e-04
4.453086731285903015e-04
4.601522955662099837e-04
1.187489795009574164e-04
4.453086731285903015e-04
4.453086731285903015e-04
4.453086731285903015e-04
3.562469385028722629e-04
1.039053570633377343e-04
2.523415814395344879e-04
2.226543365642951508e-04
3.710905609404918908e-04
1.039053570633377343e-04
4.007778058157312551e-04
8.906173462571806572e-05
4.007778058157312551e-04
4.156214282533509372e-04
2.226543365642951508e-04
3.859341833781115730e-04
3.710905609404918908e-04
4.453086731285903286e-05
7.421811218809838359e-05
5.937448975047870822e-05
4.007778058157312551e-04
3.414033160652525808e-04
3.859341833781115730e-04
1.929670916890557865e-04
3.859341833781115730e-04
3.859341833781115730e-04
3.859341833781115730e-04
3.859341833781115730e-04
3.859341833781115730e-04
2.968724487523935411e-05
3.562469385028722629e-04
3.562469385028722629e-04
2.968724487523935411e-05
2.968724487523935411e-05
2.968724487523935411e-05
2.968724487523935411e-05
4.453086731285903286e-05
4.453086731285903286e-05
4.453086731285903286e-05
4.453086731285903286e-05
3.710905609404918908e-04
1.484362243761967706e-05
2.968724487523935411e-05
4.453086731285903286e-05
2.968724487523935411e-05
2.968724487523935411e-05
2.968724487523935411e-05
3.562469385028722629e-04
2.968724487523935411e-05
4.453086731285903286e-05
4.453086731285903286e-05
2.968724487523935411e-05
2.078107141266754686e-04
2.968724487523935411e-05
2.968724487523935411e-05
2.968724487523935411e-05
2.968724487523935411e-05
2.968724487523935411e-05
4.453086731285903286e-05
3.562469385028722629e-04
4.453086731285903286e-05
2.968724487523935411e-05
4.453086731285903286e-05
1.484362243761967706e-05
3.265596936276328986e-04
3.265596936276328986e-04
3.562469385028722629e-04
3.562469385028722629e-04
3.265596936276328986e-04
2.968724487523935343e-04
3.562469385028722629e-04
1.484362243761967706e-05
1.484362243761967706e-05
2.968724487523935343e-04
1.484362243761967706e-05
1.484362243761967706e-05
1.484362243761967706e-05
1.484362243761967706e-05
1.484362243761967706e-05
1.484362243761967706e-05
1.484362243761967706e-05
1.484362243761967706e-05
1.484362243761967706e-05
1.484362243761967706e-05
1.484362243761967706e-05
1.484362243761967706e-05
1.484362243761967706e-05
1.484362243761967706e-05
1.484362243761967706e-05
1.484362243761967706e-05
1.484362243761967706e-05
3.414033160652525808e-04
1.484362243761967706e-05
1.484362243761967706e-05
1.484362243761967706e-05
1.484362243761967706e-05
1.484362243761967706e-05
1.484362243761967706e-05
1.484362243761967706e-05
1.484362243761967706e-05
1.484362243761967706e-05
1.484362243761967706e-05
1.484362243761967706e-05
2.523415814395344879e-04
2.671852038771541701e-04
1.335926019385770850e-04
2.671852038771541701e-04
3.117160711900132165e-04
2.968724487523935343e-04
3.117160711900132165e-04
2.523415814395344879e-04
2.374979590019148329e-04
2.671852038771541701e-04
2.523415814395344879e-04
2.820288263147738522e-04
2.523415814395344879e-04
2.523415814395344879e-04
2.820288263147738522e-04
2.523415814395344879e-04
2.820288263147738522e-04
2.820288263147738522e-04
2.820288263147738522e-04
2.226543365642951508e-04
1.039053570633377343e-04
8.906173462571806572e-05
2.374979590019148329e-04
2.226543365642951508e-04
2.671852038771541701e-04
2.226543365642951508e-04
1.039053570633377343e-04
4.453086731285903286e-05
2.523415814395344879e-04
2.226543365642951508e-04
2.226543365642951508e-04
2.523415814395344879e-04
1.781234692514361314e-04
1.929670916890557865e-04
2.523415814395344879e-04
2.523415814395344879e-04
2.374979590019148329e-04
1.929670916890557865e-04
1.929670916890557865e-04
2.523415814395344879e-04
2.523415814395344879e-04
4.453086731285903286e-05
1.929670916890557865e-04
7.421811218809838359e-05
2.226543365642951508e-04
2.374979590019148329e-04
1.929670916890557865e-04
2.226543365642951508e-04
2.078107141266754686e-04
1.484362243761967706e-05
2.226543365642951508e-04
4.453086731285903286e-05
1.929670916890557865e-04
2.078107141266754686e-04
4.453086731285903286e-05
1.484362243761967706e-05
5.937448975047870822e-05
1.781234692514361314e-04
2.078107141266754686e-04
4.453086731285903286e-05
4.453086731285903286e-05
1.929670916890557865e-04
1.781234692514361314e-04
1.781234692514361314e-04
2.078107141266754686e-04
1.929670916890557865e-04
1.039053570633377343e-04
2.968724487523935411e-05
1.484362243761967672e-04
2.968724487523935411e-05
2.968724487523935411e-05
2.968724487523935411e-05
2.968724487523935411e-05
2.968724487523935411e-05
2.968724487523935411e-05
2.968724487523935411e-05
2.968724487523935411e-05
1.929670916890557865e-04
1.484362243761967706e-05
2.968724487523935411e-05
1.039053570633377343e-04
2.968724487523935411e-05
2.968724487523935411e-05
1.484362243761967706e-05
2.968724487523935411e-05
1.484362243761967706e-05
2.968724487523935411e-05
2.968724487523935411e-05
2.968724487523935411e-05
2.968724487523935411e-05
2.968724487523935411e-05
1.929670916890557865e-04
2.968724487523935411e-05
1.781234692514361314e-04
2.968724487523935411e-05
2.968724487523935411e-05
1.187489795009574164e-04
2.968724487523935411e-05
2.968724487523935411e-05
1.484362243761967706e-05
1.632798468138164493e-04
1.484362243761967706e-05
1.781234692514361314e-04
1.484362243761967706e-05
1.484362243761967672e-04
1.484362243761967706e-05
1.781234692514361314e-04
1.484362243761967706e-05
1.484362243761967706e-05
