1.782531194295900075e-03
5.941770647653000972e-04
5.941770647653000972e-04
1.782531194295900075e-03
5.941770647653000972e-04
1.901366607248960311e-02
5.941770647653000972e-04
1.366607248960190202e-02
5.347593582887700224e-03
5.941770647653000972e-04
1.841948900772430106e-02
1.782531194295900075e-03
1.782531194295900075e-03
5.941770647653000972e-04
3.565062388591800149e-03
5.941770647653000972e-04
1.901366607248960311e-02
5.941770647653000972e-04
5.941770647653000972e-04
2.554961378490790136e-02
1.782531194295900075e-03
5.941770647653000972e-04
5.941770647653000972e-04
1.188354129530600194e-03
5.941770647653000972e-04
5.941770647653000972e-04
5.941770647653000972e-04
2.376708259061200389e-03
2.614379084967320341e-02
5.941770647653000972e-04
5.941770647653000972e-04
5.941770647653000972e-04
5.941770647653000972e-04
5.941770647653000972e-04
7.130124777183600299e-03
7.427213309566250976e-02
5.941770647653000972e-04
5.941770647653000972e-04
5.941770647653000972e-04
5.941770647653000972e-04
5.941770647653000972e-04
1.782531194295900075e-03
5.941770647653000972e-04
1.188354129530600194e-03
5.941770647653000972e-04
5.941770647653000972e-04
5.941770647653000972e-04
5.941770647653000972e-04
5.941770647653000972e-04
1.663695781342840185e-02
4.159239453357100463e-03
5.941770647653000972e-04
5.941770647653000972e-04
5.941770647653000972e-04
5.347593582887700224e-03
5.941770647653000972e-04
5.941770647653000972e-04
5.941770647653000972e-04
5.941770647653000972e-04
5.941770647653000972e-04
5.941770647653000972e-04
1.782531194295900075e-03
5.941770647653000972e-04
2.376708259061200389e-03
5.941770647653000972e-04
5.941770647653000972e-04
5.941770647653000972e-04
1.188354129530600194e-03
5.941770647653000972e-04
5.941770647653000972e-04
5.941770647653000972e-04
5.941770647653000972e-04
5.941770647653000972e-04
5.941770647653000972e-04
5.941770647653000972e-04
5.941770647653000972e-04
5.941770647653000972e-04
5.941770647653000972e-04
5.941770647653000972e-04
5.941770647653000972e-04
5.941770647653000972e-04
5.941770647653000972e-04
5.941770647653000972e-04
5.941770647653000972e-04
5.941770647653000972e-04
5.941770647653000972e-04
1.960784313725490169e-02
5.941770647653000972e-04
5.941770647653000972e-04
5.941770647653000972e-04
5.941770647653000972e-04
5.941770647653000972e-04
5.941770647653000972e-04
5.941770647653000972e-04
5.941770647653000972e-04
5.941770647653000972e-04
5.941770647653000972e-04
5.941770647653000972e-04
5.941770647653000972e-04
5.941770647653000972e-04
5.941770647653000972e-04
5.941770647653000972e-04
4.159239453357100463e-03
5.941770647653000972e-04
5.941770647653000972e-04
5.941770647653000972e-04
5.941770647653000972e-04
1.188354129530600194e-03
5.941770647653000972e-04
5.941770647653000972e-04
5.941770647653000972e-04
5.941770647653000972e-04
5.941770647653000972e-04
5.941770647653000972e-04
5.941770647653000972e-04
4.159239453357100463e-03
5.941770647653000972e-04
5.941770647653000972e-04
5.941770647653000972e-04
1.188354129530600194e-03
5.941770647653000972e-04
5.941770647653000972e-04
1.782531194295900075e-03
5.941770647653000972e-04
5.941770647653000972e-04
5.941770647653000972e-04
5.941770647653000972e-04
5.941770647653000972e-04
5.941770647653000972e-04
5.941770647653000972e-04
5.941770647653000972e-04
5.941770647653000972e-04
5.941770647653000972e-04
5.941770647653000972e-04
5.941770647653000972e-04
5.941770647653000972e-04
5.941770647653000972e-04
5.941770647653000972e-04
5.941770647653000972e-04
5.941770647653000972e-04
5.941770647653000972e-04
5.941770647653000972e-04
5.941770647653000972e-04
5.941770647653000972e-04
5.941770647653000972e-04
5.941770647653000972e-04
5.941770647653000972e-04
5.941770647653000972e-04
1.188354129530600194e-03
5.941770647653000972e-04
5.941770647653000972e-04
5.941770647653000972e-04
1.188354129530600194e-03
7.130124777183600299e-03
5.941770647653000972e-04
5.941770647653000972e-04
5.941770647653000972e-04
5.941770647653000972e-04
5.941770647653000972e-04
5.347593582887700224e-03
5.941770647653000972e-04
5.941770647653000972e-04
5.941770647653000972e-04
1.782531194295900075e-03
5.941770647653000972e-04
5.941770647653000972e-04
5.941770647653000972e-04
5.941770647653000972e-04
5.941770647653000972e-04
5.941770647653000972e-04
5.941770647653000972e-04
5.941770647653000972e-04
5.941770647653000972e-04
5.941770647653000972e-04
5.941770647653000972e-04
5.941770647653000972e-04
5.941770647653000972e-04
5.941770647653000972e-04
5.941770647653000972e-04
5.941770647653000972e-04
5.941770647653000972e-04
5.941770647653000972e-04
5.941770647653000972e-04
5.941770647653000972e-04
5.941770647653000972e-04
5.941770647653000972e-04
5.941770647653000972e-04
5.941770647653000972e-04
5.941770647653000972e-04
5.941770647653000972e-04
5.941770647653000972e-04
5.941770647653000972e-04
5.941770647653000972e-04
5.941770647653000972e-04
5.941770647653000972e-04
5.941770647653000972e-04
5.941770647653000972e-04
5.941770647653000972e-04
5.941770647653000972e-04
5.941770647653000972e-04
5.941770647653000972e-04
5.941770647653000972e-04
5.941770647653000972e-04
5.941770647653000972e-04
5.941770647653000972e-04
5.941770647653000972e-04
5.941770647653000972e-04
5.941770647653000972e-04
5.941770647653000972e-04
5.941770647653000972e-04
5.941770647653000972e-04
5.941770647653000972e-04
5.941770647653000972e-04
5.941770647653000972e-04
5.941770647653000972e-04
5.941770647653000972e-04
5.941770647653000972e-04
5.941770647653000972e-04
5.941770647653000972e-04
5.941770647653000972e-04
5.941770647653000972e-04
5.941770647653000972e-04
5.941770647653000972e-04
5.941770647653000972e-04
5.941770647653000972e-04
5.941770647653000972e-04
5.941770647653000972e-04
5.941770647653000972e-04
5.941770647653000972e-04
5.941770647653000972e-04
5.941770647653000972e-04
5.941770647653000972e-04
5.941770647653000972e-04
5.941770647653000972e-04
1.366607248960190202e-02
5.941770647653000972e-04
5.941770647653000972e-04
5.941770647653000972e-04
5.941770647653000972e-04
5.941770647653000972e-04
3.565062388591800149e-03
5.941770647653000972e-04
5.941770647653000972e-04
5.941770647653000972e-04
5.941770647653000972e-04
5.941770647653000972e-04
5.941770647653000972e-04
5.941770647653000972e-04
5.941770647653000972e-04
5.941770647653000972e-04
5.941770647653000972e-04
5.941770647653000972e-04
4.159239453357100463e-03
5.941770647653000972e-04
5.941770647653000972e-04
5.941770647653000972e-04
5.941770647653000972e-04
5.941770647653000972e-04
5.941770647653000972e-04
5.941770647653000972e-04
5.941770647653000972e-04
5.941770647653000972e-04
5.941770647653000972e-04
5.941770647653000972e-04
5.941770647653000972e-04
5.941770647653000972e-04
5.941770647653000972e-04
5.941770647653000972e-04
1.782531194295900075e-03
5.941770647653000972e-04
5.941770647653000972e-04
5.941770647653000972e-04
5.941770647653000972e-04
5.941770647653000972e-04
5.941770647653000972e-04
5.941770647653000972e-04
5.941770647653000972e-04
5.941770647653000972e-04
5.941770647653000972e-04
5.941770647653000972e-04
5.941770647653000972e-04
5.941770647653000972e-04
5.941770647653000972e-04
5.941770647653000972e-04
5.941770647653000972e-04
5.941770647653000972e-04
5.941770647653000972e-04
5.941770647653000972e-04
5.941770647653000972e-04
5.941770647653000972e-04
5.941770647653000972e-04
5.941770647653000972e-04
1.960784313725490169e-02
5.941770647653000972e-04
5.941770647653000972e-04
5.941770647653000972e-04
5.941770647653000972e-04
5.941770647653000972e-04
5.941770647653000972e-04
5.941770647653000972e-04
5.941770647653000972e-04
5.941770647653000972e-04
5.941770647653000972e-04
5.941770647653000972e-04
5.941770647653000972e-04
5.941770647653000972e-04
5.941770647653000972e-04
5.941770647653000972e-04
5.941770647653000972e-04
5.941770647653000972e-04
5.941770647653000972e-04
5.941770647653000972e-04
5.941770647653000972e-04
3.565062388591800149e-03
5.941770647653000972e-04
5.941770647653000972e-04
5.941770647653000972e-04
5.941770647653000972e-04
5.941770647653000972e-04
5.941770647653000972e-04
5.941770647653000972e-04
5.941770647653000972e-04
5.941770647653000972e-04
5.941770647653000972e-04
5.941770647653000972e-04
5.941770647653000972e-04
2.376708259061200389e-03
5.941770647653000972e-04
5.941770647653000972e-04
5.941770647653000972e-04
5.941770647653000972e-04
5.941770647653000972e-04
5.941770647653000972e-04
5.941770647653000972e-04
5.941770647653000972e-04
5.941770647653000972e-04
5.941770647653000972e-04
5.941770647653000972e-04
5.941770647653000972e-04
5.941770647653000972e-04
5.941770647653000972e-04
5.941770647653000972e-04
5.941770647653000972e-04
5.941770647653000972e-04
5.941770647653000972e-04
5.941770647653000972e-04
5.941770647653000972e-04
5.941770647653000972e-04
5.941770647653000972e-04
5.941770647653000972e-04
5.941770647653000972e-04
5.941770647653000972e-04
5.941770647653000972e-04
5.941770647653000972e-04
1.782531194295900075e-03
5.941770647653000972e-04
5.941770647653000972e-04
5.941770647653000972e-04
5.941770647653000972e-04
5.941770647653000972e-04
5.941770647653000972e-04
5.941770647653000972e-04
5.941770647653000538e-03
5.941770647653000972e-04
5.941770647653000972e-04
1.723113487819370043e-02
5.941770647653000972e-04
5.941770647653000972e-04
3.565062388591800149e-03
5.941770647653000972e-04
5.941770647653000972e-04
5.941770647653000972e-04
5.941770647653000972e-04
5.941770647653000972e-04
5.941770647653000972e-04
5.941770647653000972e-04
2.970885323826500269e-03
5.941770647653000972e-04
5.941770647653000972e-04
5.941770647653000972e-04
5.941770647653000972e-04
5.941770647653000972e-04
5.941770647653000538e-03
5.941770647653000972e-04
1.188354129530600194e-03
5.941770647653000972e-04
5.941770647653000972e-04
5.941770647653000972e-04
5.941770647653000972e-04
5.941770647653000972e-04
5.941770647653000972e-04
5.941770647653000972e-04
5.941770647653000972e-04
5.941770647653000972e-04
5.941770647653000972e-04
5.941770647653000972e-04
5.941770647653000972e-04
5.941770647653000972e-04
5.941770647653000972e-04
5.941770647653000972e-04
5.941770647653000972e-04
5.941770647653000972e-04
5.941770647653000972e-04
5.941770647653000972e-04
5.941770647653000972e-04
5.941770647653000972e-04
5.941770647653000972e-04
5.941770647653000972e-04
1.188354129530600194e-03
1.188354129530600194e-03
5.941770647653000972e-04
5.941770647653000972e-04
5.941770647653000972e-04
5.941770647653000972e-04
5.941770647653000972e-04
5.941770647653000972e-04
5.941770647653000972e-04
3.565062388591800149e-03
5.941770647653000972e-04
5.941770647653000972e-04
5.941770647653000972e-04
5.941770647653000972e-04
5.941770647653000972e-04
5.941770647653000972e-04
5.941770647653000972e-04
5.941770647653000972e-04
5.941770647653000972e-04
5.941770647653000972e-04
5.941770647653000972e-04
4.159239453357100463e-03
5.941770647653000972e-04
5.941770647653000972e-04
5.941770647653000972e-04
5.941770647653000972e-04
5.941770647653000972e-04
5.941770647653000972e-04
5.941770647653000972e-04
5.941770647653000972e-04
5.941770647653000972e-04
5.941770647653000972e-04
5.941770647653000972e-04
5.941770647653000972e-04
5.941770647653000972e-04
5.941770647653000972e-04
5.941770647653000972e-04
5.941770647653000972e-04
5.941770647653000972e-04
5.941770647653000972e-04
5.941770647653000972e-04
5.941770647653000972e-04
5.941770647653000972e-04
5.941770647653000972e-04
5.941770647653000972e-04
5.941770647653000972e-04
5.941770647653000972e-04
5.941770647653000972e-04
5.941770647653000972e-04
5.941770647653000972e-04
5.941770647653000972e-04
5.941770647653000972e-04
5.941770647653000972e-04
5.941770647653000972e-04
5.941770647653000972e-04
5.941770647653000972e-04
5.941770647653000972e-04
5.941770647653000972e-04
5.941770647653000972e-04
6.535947712418300852e-03
5.941770647653000972e-04
5.941770647653000972e-04
5.941770647653000972e-04
5.941770647653000972e-04
5.941770647653000972e-04
5.941770647653000972e-04
5.941770647653000972e-04
5.941770647653000972e-04
5.941770647653000972e-04
5.941770647653000972e-04
5.941770647653000972e-04
5.941770647653000972e-04
5.941770647653000972e-04
5.941770647653000972e-04
5.941770647653000972e-04
5.941770647653000972e-04
5.941770647653000972e-04
5.941770647653000972e-04
1.782531194295900075e-03
5.941770647653000972e-04
5.941770647653000972e-04
1.188354129530600194e-03
5.941770647653000972e-04
5.941770647653000972e-04
5.941770647653000972e-04
5.941770647653000972e-04
5.941770647653000972e-04
5.941770647653000972e-04
5.941770647653000972e-04
5.941770647653000972e-04
5.941770647653000972e-04
5.941770647653000972e-04
5.941770647653000972e-04
5.941770647653000972e-04
5.941770647653000972e-04
5.941770647653000972e-04
5.941770647653000972e-04
5.941770647653000972e-04
5.941770647653000972e-04
5.941770647653000972e-04
5.941770647653000972e-04
5.941770647653000972e-04
5.941770647653000972e-04
5.941770647653000972e-04
5.941770647653000972e-04
5.941770647653000972e-04
5.941770647653000972e-04
5.941770647653000972e-04
5.941770647653000972e-04
5.941770647653000972e-04
5.941770647653000972e-04
5.941770647653000972e-04
5.941770647653000972e-04
5.941770647653000972e-04
5.941770647653000972e-04
5.941770647653000972e-04
5.941770647653000972e-04
5.941770647653000972e-04
5.941770647653000972e-04
5.941770647653000972e-04
5.941770647653000972e-04
5.941770647653000972e-04
5.941770647653000972e-04
5.941770647653000972e-04
5.941770647653000972e-04
5.941770647653000972e-04
5.941770647653000972e-04
5.941770647653000972e-04
7.130124777183600299e-03
5.941770647653000972e-04
5.941770647653000972e-04
5.941770647653000972e-04
5.941770647653000972e-04
5.941770647653000972e-04
5.941770647653000972e-04
5.941770647653000972e-04
5.941770647653000972e-04
5.941770647653000972e-04
4.753416518122400777e-03
5.941770647653000972e-04
5.941770647653000972e-04
5.941770647653000972e-04
5.941770647653000972e-04
5.941770647653000972e-04
5.941770647653000972e-04
5.941770647653000972e-04
5.941770647653000972e-04
5.941770647653000972e-04
5.941770647653000972e-04
5.941770647653000972e-04
5.941770647653000972e-04
5.941770647653000972e-04
5.941770647653000972e-04
5.941770647653000972e-04
1.188354129530600194e-03
5.941770647653000972e-04
8.318478906714200927e-03
5.941770647653000972e-04
1.188354129530600194e-03
5.941770647653000972e-04
5.941770647653000538e-03
5.941770647653000972e-04
5.941770647653000972e-04
5.941770647653000972e-04
5.941770647653000972e-04
5.941770647653000972e-04
5.941770647653000972e-04
5.941770647653000972e-04
5.941770647653000972e-04
1.782531194295900075e-03
5.941770647653000972e-04
5.941770647653000972e-04
5.941770647653000972e-04
5.941770647653000972e-04
5.941770647653000972e-04
5.941770647653000972e-04
5.941770647653000972e-04
5.941770647653000972e-04
5.941770647653000972e-04
5.941770647653000972e-04
5.941770647653000972e-04
5.941770647653000972e-04
1.782531194295900075e-03
5.941770647653000972e-04
5.941770647653000972e-04
5.941770647653000972e-04
5.941770647653000972e-04
5.941770647653000972e-04
5.941770647653000972e-04
5.941770647653000972e-04
8.318478906714200927e-03
8.318478906714200927e-03
5.941770647653000972e-04
8.318478906714200927e-03
5.941770647653000972e-04
5.941770647653000972e-04
5.941770647653000972e-04
5.941770647653000972e-04
5.941770647653000972e-04
2.376708259061200389e-03
5.941770647653000972e-04
8.318478906714200927e-03
5.941770647653000972e-04
3.565062388591800149e-03
5.941770647653000972e-04
5.941770647653000972e-04
5.941770647653000972e-04
5.941770647653000972e-04
5.941770647653000972e-04
5.941770647653000972e-04
5.941770647653000972e-04
5.941770647653000972e-04
5.941770647653000972e-04
5.941770647653000972e-04
5.941770647653000972e-04
5.941770647653000972e-04
5.941770647653000972e-04
5.941770647653000972e-04
5.941770647653000972e-04
5.941770647653000972e-04
5.941770647653000972e-04
5.941770647653000972e-04
5.941770647653000972e-04
5.941770647653000972e-04
5.941770647653000972e-04
5.941770647653000972e-04
5.941770647653000972e-04
5.941770647653000972e-04
5.941770647653000972e-04
5.941770647653000972e-04
5.941770647653000972e-04
5.941770647653000972e-04
5.941770647653000972e-04
5.941770647653000972e-04
5.941770647653000972e-04
5.941770647653000972e-04
5.941770647653000972e-04
5.941770647653000972e-04
5.941770647653000972e-04
5.941770647653000972e-04
5.941770647653000972e-04
5.941770647653000972e-04
5.941770647653000972e-04
5.941770647653000972e-04
5.941770647653000972e-04
5.941770647653000972e-04
5.941770647653000972e-04
5.941770647653000972e-04
5.941770647653000972e-04
5.941770647653000972e-04
5.941770647653000972e-04
5.941770647653000972e-04
5.941770647653000972e-04
5.941770647653000972e-04
5.941770647653000972e-04
5.941770647653000972e-04
5.941770647653000972e-04
5.941770647653000972e-04
5.941770647653000972e-04
5.941770647653000972e-04
5.941770647653000972e-04
5.941770647653000972e-04
5.941770647653000972e-04
5.941770647653000972e-04
5.941770647653000972e-04
5.941770647653000972e-04
5.941770647653000972e-04
5.941770647653000972e-04
4.159239453357100463e-03
5.941770647653000972e-04
5.941770647653000972e-04
5.941770647653000972e-04
5.941770647653000972e-04
5.941770647653000972e-04
5.941770647653000972e-04
5.941770647653000972e-04
5.941770647653000972e-04
5.941770647653000972e-04
5.941770647653000972e-04
5.941770647653000972e-04
5.941770647653000972e-04
5.941770647653000972e-04
5.941770647653000972e-04
5.941770647653000972e-04
5.941770647653000972e-04
5.941770647653000972e-04
5.941770647653000972e-04
5.941770647653000972e-04
5.941770647653000972e-04
5.941770647653000972e-04
5.941770647653000972e-04
2.376708259061200389e-03
5.941770647653000972e-04
5.941770647653000972e-04
5.941770647653000972e-04
5.941770647653000972e-04
5.941770647653000972e-04
5.941770647653000972e-04
5.941770647653000972e-04
5.941770647653000972e-04
5.941770647653000972e-04
5.941770647653000972e-04
5.941770647653000972e-04
5.941770647653000972e-04
5.941770647653000972e-04
5.941770647653000972e-04
5.941770647653000972e-04
5.941770647653000972e-04
5.941770647653000972e-04
5.941770647653000972e-04
5.941770647653000972e-04
5.941770647653000972e-04
5.941770647653000972e-04
5.941770647653000972e-04
5.941770647653000972e-04
5.941770647653000972e-04
5.941770647653000972e-04
5.941770647653000972e-04
5.941770647653000972e-04
5.941770647653000972e-04
5.941770647653000972e-04
5.941770647653000972e-04
5.941770647653000972e-04
5.941770647653000972e-04
5.941770647653000972e-04
1.782531194295900075e-03
5.941770647653000972e-04
5.941770647653000972e-04
5.941770647653000972e-04
5.941770647653000972e-04
5.941770647653000972e-04
5.941770647653000972e-04
5.941770647653000972e-04
5.941770647653000972e-04
5.941770647653000972e-04
5.941770647653000972e-04
5.941770647653000972e-04
5.941770647653000972e-04
5.941770647653000972e-04
5.941770647653000972e-04
5.941770647653000972e-04
5.941770647653000972e-04
5.941770647653000972e-04
5.941770647653000972e-04
5.941770647653000972e-04
5.941770647653000972e-04
5.941770647653000972e-04
1.188354129530600194e-03
5.941770647653000972e-04
5.941770647653000972e-04
5.941770647653000972e-04
5.941770647653000972e-04
5.941770647653000972e-04
5.941770647653000972e-04
5.941770647653000972e-04
4.159239453357100463e-03
5.941770647653000972e-04
5.941770647653000972e-04
5.941770647653000972e-04
5.941770647653000972e-04
5.941770647653000972e-04
5.941770647653000972e-04
5.941770647653000972e-04
5.941770647653000972e-04
5.941770647653000972e-04
5.941770647653000972e-04
5.941770647653000972e-04
2.376708259061200389e-03
5.941770647653000972e-04
1.782531194295900075e-03
5.941770647653000972e-04
5.941770647653000972e-04
5.941770647653000972e-04
5.941770647653000972e-04
5.941770647653000972e-04
5.941770647653000972e-04
5.941770647653000972e-04
5.941770647653000972e-04
5.941770647653000972e-04
5.941770647653000972e-04
5.941770647653000972e-04
5.941770647653000972e-04
5.941770647653000972e-04
5.941770647653000972e-04
5.941770647653000972e-04
5.941770647653000972e-04
5.941770647653000972e-04
5.941770647653000972e-04
5.941770647653000972e-04
5.941770647653000972e-04
5.941770647653000972e-04
5.941770647653000972e-04
5.941770647653000972e-04
5.941770647653000972e-04
5.941770647653000972e-04
5.941770647653000972e-04
5.941770647653000972e-04
5.941770647653000972e-04
5.941770647653000972e-04
5.941770647653000972e-04
4.159239453357100463e-03
5.941770647653000972e-04
5.941770647653000972e-04
5.941770647653000972e-04
5.941770647653000972e-04
5.941770647653000972e-04
5.941770647653000972e-04
5.941770647653000972e-04
5.941770647653000972e-04
5.941770647653000972e-04
5.941770647653000972e-04
5.941770647653000972e-04
5.941770647653000972e-04
5.941770647653000972e-04
5.941770647653000972e-04
2.970885323826500269e-03
5.941770647653000972e-04
5.941770647653000972e-04
5.941770647653000972e-04
5.941770647653000972e-04
5.941770647653000972e-04
5.941770647653000972e-04
5.941770647653000972e-04
5.941770647653000972e-04
5.941770647653000972e-04
5.941770647653000972e-04
5.941770647653000972e-04
5.941770647653000972e-04
5.941770647653000972e-04
5.941770647653000972e-04
5.941770647653000972e-04
5.941770647653000972e-04
5.941770647653000972e-04
1.188354129530600194e-03
5.941770647653000972e-04
5.941770647653000972e-04
5.941770647653000972e-04
5.941770647653000972e-04
5.941770647653000972e-04
5.941770647653000972e-04
5.941770647653000972e-04
5.941770647653000972e-04
5.941770647653000972e-04
5.941770647653000972e-04
5.941770647653000972e-04
5.941770647653000972e-04
5.941770647653000972e-04
5.941770647653000972e-04
5.941770647653000972e-04
5.941770647653000972e-04
5.941770647653000972e-04
5.941770647653000972e-04
5.941770647653000972e-04
5.941770647653000972e-04
5.941770647653000972e-04
5.941770647653000972e-04
5.941770647653000972e-04
5.941770647653000972e-04
5.941770647653000972e-04
5.941770647653000972e-04
5.941770647653000972e-04
5.941770647653000972e-04
5.941770647653000972e-04
5.941770647653000972e-04
5.941770647653000972e-04
5.941770647653000972e-04
5.941770647653000972e-04
5.941770647653000972e-04
5.941770647653000972e-04
5.941770647653000972e-04
5.941770647653000972e-04
5.941770647653000972e-04
5.941770647653000972e-04
5.941770647653000972e-04
5.941770647653000972e-04
5.941770647653000972e-04
5.941770647653000972e-04
5.941770647653000972e-04
1.782531194295900075e-03
5.941770647653000972e-04
5.941770647653000972e-04
5.941770647653000972e-04
5.941770647653000972e-04
5.941770647653000972e-04
5.941770647653000972e-04
5.941770647653000972e-04
5.941770647653000972e-04
5.941770647653000972e-04
5.941770647653000972e-04
5.941770647653000972e-04
5.941770647653000972e-04
5.941770647653000972e-04
