8.049535603715169893e-03
3.095975232198142600e-03
6.191950464396285200e-04
6.191950464396285200e-04
6.191950464396285200e-04
6.191950464396285200e-04
6.191950464396285200e-04
3.095975232198142600e-03
3.715170278637770686e-03
6.191950464396285200e-04
1.857585139318885387e-02
6.191950464396285200e-04
1.857585139318885343e-03
6.191950464396285200e-04
2.476780185758514080e-03
2.476780185758514080e-03
6.191950464396285200e-04
6.191950464396285200e-04
6.191950464396285200e-04
1.857585139318885343e-03
6.191950464396285200e-04
6.191950464396285200e-04
6.191950464396285200e-04
3.715170278637770686e-03
6.191950464396285200e-04
1.857585139318885343e-03
4.334365325077399640e-03
6.191950464396285200e-04
6.191950464396285200e-04
6.191950464396285200e-04
6.191950464396285200e-04
6.191950464396285200e-04
2.476780185758514080e-03
6.191950464396285200e-04
6.191950464396285200e-04
6.191950464396285200e-04
6.191950464396285200e-04
6.191950464396285200e-04
6.191950464396285200e-04
3.095975232198142600e-03
6.191950464396285200e-04
6.191950464396285200e-04
6.191950464396285200e-04
1.857585139318885343e-03
6.191950464396285200e-04
6.191950464396285200e-04
6.191950464396285200e-04
6.191950464396285200e-04
6.191950464396285200e-04
2.476780185758514080e-03
3.591331269349844896e-02
6.191950464396285200e-04
1.238390092879257040e-03
1.362229102167182744e-02
1.609907120743033979e-02
6.191950464396285200e-04
6.191950464396285200e-04
1.362229102167182744e-02
6.191950464396285200e-04
6.191950464396285200e-04
6.191950464396285200e-04
6.191950464396285200e-04
6.191950464396285200e-04
6.811145510835913720e-03
6.191950464396285200e-04
6.191950464396285200e-04
3.715170278637770686e-03
6.191950464396285200e-04
6.191950464396285200e-04
3.591331269349844896e-02
6.191950464396285200e-04
3.095975232198142600e-03
6.191950464396285200e-04
6.191950464396285200e-04
6.191950464396285200e-04
6.191950464396285200e-04
6.191950464396285200e-04
6.191950464396285200e-04
6.191950464396285200e-04
6.191950464396285200e-04
6.191950464396285200e-04
6.191950464396285200e-04
6.191950464396285200e-04
6.191950464396285200e-04
6.191950464396285200e-04
6.191950464396285200e-04
9.287925696594426933e-03
6.191950464396285200e-04
6.191950464396285200e-04
6.191950464396285200e-04
6.191950464396285200e-04
6.191950464396285200e-04
6.191950464396285200e-04
6.191950464396285200e-04
6.191950464396285200e-04
6.191950464396285200e-04
6.191950464396285200e-04
6.191950464396285200e-04
6.191950464396285200e-04
6.191950464396285200e-04
6.191950464396285200e-04
6.191950464396285200e-04
6.191950464396285200e-04
3.095975232198142600e-03
6.191950464396285200e-04
6.191950464396285200e-04
3.095975232198142600e-03
4.334365325077399640e-03
6.191950464396285200e-04
6.191950464396285200e-04
6.191950464396285200e-04
6.191950464396285200e-04
6.191950464396285200e-04
6.191950464396285200e-04
6.191950464396285200e-04
6.191950464396285200e-04
6.191950464396285200e-04
6.191950464396285200e-04
6.191950464396285200e-04
6.191950464396285200e-04
6.191950464396285200e-04
6.191950464396285200e-04
6.191950464396285200e-04
6.191950464396285200e-04
6.191950464396285200e-04
6.191950464396285200e-04
6.191950464396285200e-04
6.191950464396285200e-04
6.191950464396285200e-04
6.191950464396285200e-04
6.191950464396285200e-04
6.191950464396285200e-04
6.191950464396285200e-04
6.191950464396285200e-04
6.191950464396285200e-04
6.191950464396285200e-04
6.191950464396285200e-04
6.191950464396285200e-04
6.191950464396285200e-04
6.191950464396285200e-04
6.191950464396285200e-04
6.191950464396285200e-04
6.191950464396285200e-04
6.191950464396285200e-04
6.191950464396285200e-04
6.191950464396285200e-04
2.476780185758514080e-03
6.191950464396285200e-04
6.191950464396285200e-04
6.191950464396285200e-04
6.191950464396285200e-04
6.191950464396285200e-04
6.191950464396285200e-04
6.191950464396285200e-04
6.191950464396285200e-04
6.191950464396285200e-04
6.191950464396285200e-04
6.191950464396285200e-04
6.191950464396285200e-04
6.191950464396285200e-04
6.191950464396285200e-04
6.191950464396285200e-04
6.191950464396285200e-04
6.191950464396285200e-04
6.191950464396285200e-04
6.191950464396285200e-04
6.191950464396285200e-04
6.191950464396285200e-04
6.191950464396285200e-04
6.191950464396285200e-04
6.191950464396285200e-04
6.191950464396285200e-04
6.191950464396285200e-04
6.191950464396285200e-04
6.191950464396285200e-04
1.857585139318885343e-03
6.191950464396285200e-04
6.191950464396285200e-04
6.191950464396285200e-04
6.191950464396285200e-04
6.191950464396285200e-04
6.191950464396285200e-04
2.476780185758514080e-03
6.191950464396285200e-04
6.191950464396285200e-04
6.191950464396285200e-04
6.191950464396285200e-04
6.191950464396285200e-04
6.191950464396285200e-04
6.191950464396285200e-04
6.191950464396285200e-04
6.191950464396285200e-04
6.191950464396285200e-04
6.191950464396285200e-04
6.191950464396285200e-04
6.191950464396285200e-04
6.191950464396285200e-04
1.362229102167182744e-02
6.191950464396285200e-04
6.191950464396285200e-04
1.114551083591331336e-02
6.191950464396285200e-04
6.191950464396285200e-04
2.476780185758514080e-03
6.191950464396285200e-04
3.591331269349844896e-02
6.191950464396285200e-04
1.609907120743033979e-02
6.191950464396285200e-04
6.191950464396285200e-04
6.191950464396285200e-04
6.191950464396285200e-04
6.191950464396285200e-04
6.191950464396285200e-04
6.191950464396285200e-04
6.191950464396285200e-04
6.191950464396285200e-04
6.191950464396285200e-04
6.191950464396285200e-04
6.191950464396285200e-04
6.191950464396285200e-04
6.191950464396285200e-04
6.191950464396285200e-04
6.191950464396285200e-04
6.191950464396285200e-04
6.191950464396285200e-04
6.191950464396285200e-04
2.476780185758514080e-03
6.191950464396285200e-04
6.191950464396285200e-04
6.191950464396285200e-04
6.191950464396285200e-04
1.857585139318885343e-03
6.191950464396285200e-04
6.191950464396285200e-04
6.191950464396285200e-04
8.668730650154799280e-03
6.191950464396285200e-04
6.191950464396285200e-04
6.191950464396285200e-04
6.191950464396285200e-04
6.191950464396285200e-04
6.191950464396285200e-04
6.191950464396285200e-04
3.591331269349844896e-02
6.191950464396285200e-04
6.191950464396285200e-04
6.191950464396285200e-04
6.191950464396285200e-04
6.191950464396285200e-04
6.191950464396285200e-04
6.191950464396285200e-04
6.191950464396285200e-04
6.191950464396285200e-04
6.191950464396285200e-04
3.900928792569659243e-02
6.191950464396285200e-04
6.191950464396285200e-04
6.191950464396285200e-04
6.191950464396285200e-04
6.191950464396285200e-04
6.191950464396285200e-04
6.191950464396285200e-04
6.191950464396285200e-04
6.191950464396285200e-04
6.191950464396285200e-04
6.191950464396285200e-04
7.430340557275541373e-03
6.191950464396285200e-04
6.191950464396285200e-04
6.191950464396285200e-04
6.191950464396285200e-04
6.191950464396285200e-04
6.191950464396285200e-04
6.191950464396285200e-04
6.191950464396285200e-04
6.191950464396285200e-04
6.191950464396285200e-04
6.191950464396285200e-04
6.191950464396285200e-04
6.191950464396285200e-04
6.191950464396285200e-04
6.191950464396285200e-04
6.191950464396285200e-04
6.191950464396285200e-04
6.191950464396285200e-04
6.191950464396285200e-04
6.191950464396285200e-04
6.191950464396285200e-04
6.191950464396285200e-04
6.191950464396285200e-04
6.191950464396285200e-04
6.191950464396285200e-04
6.191950464396285200e-04
6.191950464396285200e-04
6.191950464396285200e-04
6.191950464396285200e-04
6.191950464396285200e-04
6.191950464396285200e-04
6.191950464396285200e-04
6.191950464396285200e-04
6.191950464396285200e-04
6.191950464396285200e-04
6.191950464396285200e-04
6.191950464396285200e-04
6.191950464396285200e-04
6.191950464396285200e-04
6.191950464396285200e-04
6.191950464396285200e-04
6.191950464396285200e-04
6.191950464396285200e-04
6.191950464396285200e-04
6.191950464396285200e-04
6.191950464396285200e-04
6.191950464396285200e-04
6.191950464396285200e-04
6.191950464396285200e-04
6.191950464396285200e-04
6.191950464396285200e-04
6.191950464396285200e-04
6.191950464396285200e-04
6.191950464396285200e-04
6.191950464396285200e-04
6.191950464396285200e-04
6.191950464396285200e-04
6.191950464396285200e-04
6.191950464396285200e-04
6.191950464396285200e-04
6.191950464396285200e-04
6.191950464396285200e-04
6.191950464396285200e-04
6.191950464396285200e-04
6.191950464396285200e-04
6.191950464396285200e-04
6.191950464396285200e-04
6.191950464396285200e-04
6.191950464396285200e-04
1.857585139318885343e-03
6.191950464396285200e-04
6.191950464396285200e-04
6.191950464396285200e-04
6.191950464396285200e-04
6.191950464396285200e-04
6.191950464396285200e-04
6.191950464396285200e-04
6.191950464396285200e-04
6.191950464396285200e-04
6.191950464396285200e-04
6.191950464396285200e-04
6.191950464396285200e-04
6.191950464396285200e-04
6.191950464396285200e-04
6.191950464396285200e-04
6.191950464396285200e-04
6.191950464396285200e-04
6.191950464396285200e-04
6.191950464396285200e-04
6.191950464396285200e-04
6.191950464396285200e-04
6.191950464396285200e-04
6.191950464396285200e-04
6.191950464396285200e-04
6.191950464396285200e-04
6.191950464396285200e-04
6.191950464396285200e-04
6.191950464396285200e-04
6.191950464396285200e-04
6.191950464396285200e-04
6.191950464396285200e-04
6.191950464396285200e-04
6.191950464396285200e-04
6.191950464396285200e-04
6.191950464396285200e-04
6.191950464396285200e-04
6.191950464396285200e-04
6.191950464396285200e-04
6.191950464396285200e-04
6.191950464396285200e-04
6.191950464396285200e-04
6.191950464396285200e-04
6.191950464396285200e-04
6.191950464396285200e-04
6.191950464396285200e-04
6.191950464396285200e-04
6.191950464396285200e-04
6.191950464396285200e-04
6.191950464396285200e-04
6.191950464396285200e-04
2.043343653250773856e-02
6.191950464396285200e-04
6.191950464396285200e-04
6.191950464396285200e-04
6.191950464396285200e-04
6.191950464396285200e-04
6.191950464396285200e-04
6.191950464396285200e-04
6.191950464396285200e-04
6.191950464396285200e-04
6.191950464396285200e-04
6.191950464396285200e-04
6.191950464396285200e-04
6.191950464396285200e-04
6.191950464396285200e-04
6.191950464396285200e-04
6.191950464396285200e-04
6.191950464396285200e-04
6.191950464396285200e-04
6.191950464396285200e-04
8.668730650154799280e-03
6.191950464396285200e-04
6.191950464396285200e-04
6.191950464396285200e-04
6.191950464396285200e-04
6.191950464396285200e-04
6.191950464396285200e-04
6.191950464396285200e-04
6.191950464396285200e-04
6.191950464396285200e-04
6.191950464396285200e-04
6.191950464396285200e-04
6.191950464396285200e-04
6.191950464396285200e-04
6.191950464396285200e-04
6.191950464396285200e-04
6.191950464396285200e-04
1.671826625386996917e-02
6.191950464396285200e-04
6.191950464396285200e-04
6.191950464396285200e-04
6.191950464396285200e-04
6.191950464396285200e-04
6.191950464396285200e-04
6.191950464396285200e-04
6.191950464396285200e-04
6.191950464396285200e-04
6.191950464396285200e-04
6.191950464396285200e-04
6.191950464396285200e-04
6.191950464396285200e-04
6.191950464396285200e-04
6.191950464396285200e-04
6.191950464396285200e-04
6.191950464396285200e-04
1.609907120743033979e-02
6.191950464396285200e-04
6.191950464396285200e-04
6.191950464396285200e-04
6.191950464396285200e-04
6.191950464396285200e-04
6.191950464396285200e-04
6.191950464396285200e-04
6.191950464396285200e-04
6.191950464396285200e-04
6.191950464396285200e-04
6.191950464396285200e-04
6.191950464396285200e-04
6.191950464396285200e-04
6.191950464396285200e-04
6.191950464396285200e-04
6.191950464396285200e-04
6.191950464396285200e-04
6.191950464396285200e-04
6.191950464396285200e-04
6.191950464396285200e-04
6.191950464396285200e-04
6.191950464396285200e-04
1.238390092879257040e-03
6.191950464396285200e-04
6.191950464396285200e-04
6.191950464396285200e-04
6.191950464396285200e-04
6.191950464396285200e-04
6.191950464396285200e-04
6.191950464396285200e-04
6.191950464396285200e-04
6.191950464396285200e-04
6.191950464396285200e-04
6.191950464396285200e-04
6.191950464396285200e-04
6.191950464396285200e-04
6.191950464396285200e-04
6.191950464396285200e-04
6.191950464396285200e-04
6.191950464396285200e-04
6.191950464396285200e-04
6.191950464396285200e-04
6.191950464396285200e-04
6.191950464396285200e-04
6.191950464396285200e-04
6.191950464396285200e-04
6.191950464396285200e-04
6.191950464396285200e-04
6.191950464396285200e-04
6.191950464396285200e-04
6.191950464396285200e-04
6.191950464396285200e-04
6.191950464396285200e-04
6.191950464396285200e-04
6.191950464396285200e-04
6.191950464396285200e-04
6.191950464396285200e-04
6.191950464396285200e-04
6.191950464396285200e-04
6.191950464396285200e-04
6.191950464396285200e-04
6.191950464396285200e-04
6.191950464396285200e-04
6.191950464396285200e-04
6.191950464396285200e-04
6.191950464396285200e-04
6.191950464396285200e-04
6.191950464396285200e-04
6.191950464396285200e-04
4.334365325077399640e-03
6.191950464396285200e-04
6.191950464396285200e-04
6.191950464396285200e-04
6.191950464396285200e-04
6.191950464396285200e-04
6.191950464396285200e-04
6.191950464396285200e-04
6.191950464396285200e-04
6.191950464396285200e-04
6.191950464396285200e-04
6.191950464396285200e-04
6.191950464396285200e-04
6.191950464396285200e-04
6.191950464396285200e-04
6.191950464396285200e-04
6.191950464396285200e-04
6.191950464396285200e-04
6.191950464396285200e-04
6.191950464396285200e-04
6.191950464396285200e-04
6.191950464396285200e-04
6.191950464396285200e-04
6.191950464396285200e-04
6.191950464396285200e-04
6.191950464396285200e-04
6.191950464396285200e-04
6.191950464396285200e-04
6.191950464396285200e-04
6.191950464396285200e-04
2.476780185758514080e-03
6.191950464396285200e-04
6.191950464396285200e-04
6.191950464396285200e-04
6.191950464396285200e-04
6.191950464396285200e-04
6.191950464396285200e-04
6.191950464396285200e-04
6.191950464396285200e-04
6.191950464396285200e-04
6.191950464396285200e-04
6.191950464396285200e-04
6.191950464396285200e-04
6.191950464396285200e-04
6.191950464396285200e-04
6.191950464396285200e-04
6.191950464396285200e-04
6.191950464396285200e-04
6.191950464396285200e-04
6.191950464396285200e-04
6.191950464396285200e-04
6.191950464396285200e-04
6.191950464396285200e-04
6.191950464396285200e-04
6.191950464396285200e-04
6.191950464396285200e-04
6.191950464396285200e-04
6.191950464396285200e-04
6.191950464396285200e-04
6.191950464396285200e-04
6.191950464396285200e-04
6.191950464396285200e-04
6.191950464396285200e-04
6.191950464396285200e-04
6.191950464396285200e-04
6.191950464396285200e-04
6.191950464396285200e-04
6.191950464396285200e-04
6.191950464396285200e-04
6.191950464396285200e-04
6.191950464396285200e-04
6.191950464396285200e-04
6.191950464396285200e-04
6.191950464396285200e-04
6.191950464396285200e-04
6.191950464396285200e-04
6.191950464396285200e-04
6.191950464396285200e-04
6.191950464396285200e-04
6.191950464396285200e-04
6.191950464396285200e-04
6.191950464396285200e-04
6.191950464396285200e-04
6.191950464396285200e-04
6.191950464396285200e-04
6.191950464396285200e-04
6.191950464396285200e-04
6.191950464396285200e-04
6.191950464396285200e-04
6.191950464396285200e-04
6.191950464396285200e-04
6.191950464396285200e-04
6.191950464396285200e-04
6.191950464396285200e-04
6.191950464396285200e-04
6.191950464396285200e-04
6.191950464396285200e-04
6.191950464396285200e-04
6.191950464396285200e-04
6.191950464396285200e-04
6.191950464396285200e-04
6.191950464396285200e-04
6.191950464396285200e-04
6.191950464396285200e-04
6.191950464396285200e-04
6.191950464396285200e-04
6.191950464396285200e-04
6.191950464396285200e-04
6.191950464396285200e-04
6.191950464396285200e-04
6.191950464396285200e-04
6.191950464396285200e-04
6.191950464396285200e-04
6.191950464396285200e-04
6.191950464396285200e-04
6.191950464396285200e-04
6.191950464396285200e-04
6.191950464396285200e-04
6.191950464396285200e-04
6.191950464396285200e-04
6.191950464396285200e-04
6.191950464396285200e-04
6.191950464396285200e-04
6.191950464396285200e-04
6.191950464396285200e-04
6.191950464396285200e-04
6.191950464396285200e-04
6.191950464396285200e-04
6.191950464396285200e-04
6.191950464396285200e-04
6.191950464396285200e-04
6.191950464396285200e-04
6.191950464396285200e-04
6.191950464396285200e-04
6.191950464396285200e-04
6.191950464396285200e-04
6.191950464396285200e-04
6.191950464396285200e-04
6.191950464396285200e-04
6.191950464396285200e-04
6.191950464396285200e-04
6.191950464396285200e-04
6.191950464396285200e-04
6.191950464396285200e-04
6.191950464396285200e-04
6.191950464396285200e-04
6.191950464396285200e-04
6.191950464396285200e-04
6.191950464396285200e-04
6.191950464396285200e-04
6.191950464396285200e-04
1.238390092879257040e-03
6.191950464396285200e-04
6.191950464396285200e-04
6.191950464396285200e-04
6.191950464396285200e-04
6.191950464396285200e-04
6.191950464396285200e-04
6.191950464396285200e-04
6.191950464396285200e-04
6.191950464396285200e-04
6.191950464396285200e-04
6.191950464396285200e-04
6.191950464396285200e-04
6.191950464396285200e-04
6.191950464396285200e-04
6.191950464396285200e-04
6.191950464396285200e-04
6.191950464396285200e-04
6.191950464396285200e-04
6.191950464396285200e-04
6.191950464396285200e-04
6.191950464396285200e-04
6.191950464396285200e-04
6.191950464396285200e-04
6.191950464396285200e-04
6.191950464396285200e-04
6.191950464396285200e-04
6.191950464396285200e-04
6.191950464396285200e-04
6.191950464396285200e-04
6.191950464396285200e-04
6.191950464396285200e-04
6.191950464396285200e-04
6.191950464396285200e-04
6.191950464396285200e-04
6.191950464396285200e-04
6.191950464396285200e-04
6.191950464396285200e-04
6.191950464396285200e-04
6.191950464396285200e-04
6.191950464396285200e-04
6.191950464396285200e-04
6.191950464396285200e-04
6.191950464396285200e-04
6.191950464396285200e-04
6.191950464396285200e-04
6.191950464396285200e-04
6.191950464396285200e-04
6.191950464396285200e-04
6.191950464396285200e-04
6.191950464396285200e-04
6.191950464396285200e-04
6.191950464396285200e-04
6.191950464396285200e-04
6.191950464396285200e-04
6.191950464396285200e-04
6.191950464396285200e-04
6.191950464396285200e-04
6.191950464396285200e-04
6.191950464396285200e-04
6.191950464396285200e-04
6.191950464396285200e-04
6.191950464396285200e-04
6.191950464396285200e-04
6.191950464396285200e-04
6.191950464396285200e-04
6.191950464396285200e-04
6.191950464396285200e-04
6.191950464396285200e-04
6.191950464396285200e-04
6.191950464396285200e-04
6.191950464396285200e-04
6.191950464396285200e-04
6.191950464396285200e-04
6.191950464396285200e-04
6.191950464396285200e-04
6.191950464396285200e-04
6.191950464396285200e-04
6.191950464396285200e-04
6.191950464396285200e-04
6.191950464396285200e-04
6.191950464396285200e-04
6.191950464396285200e-04
6.191950464396285200e-04
6.191950464396285200e-04
6.191950464396285200e-04
6.191950464396285200e-04
6.191950464396285200e-04
6.191950464396285200e-04
6.191950464396285200e-04
6.191950464396285200e-04
6.191950464396285200e-04
6.191950464396285200e-04
6.191950464396285200e-04
6.191950464396285200e-04
6.191950464396285200e-04
6.191950464396285200e-04
6.191950464396285200e-04
6.191950464396285200e-04
6.191950464396285200e-04
6.191950464396285200e-04
1.857585139318885343e-03
6.191950464396285200e-04
6.191950464396285200e-04
6.191950464396285200e-04
6.191950464396285200e-04
6.191950464396285200e-04
6.191950464396285200e-04
6.191950464396285200e-04
6.191950464396285200e-04
6.191950464396285200e-04
6.191950464396285200e-04
6.191950464396285200e-04
6.191950464396285200e-04
6.191950464396285200e-04
6.191950464396285200e-04
6.191950464396285200e-04
6.191950464396285200e-04
6.191950464396285200e-04
6.191950464396285200e-04
6.191950464396285200e-04
6.191950464396285200e-04
6.191950464396285200e-04
6.191950464396285200e-04
6.191950464396285200e-04
6.191950464396285200e-04
6.191950464396285200e-04
6.191950464396285200e-04
6.191950464396285200e-04
6.191950464396285200e-04
6.191950464396285200e-04
6.191950464396285200e-04
6.191950464396285200e-04
6.191950464396285200e-04
6.191950464396285200e-04
6.191950464396285200e-04
6.191950464396285200e-04
6.191950464396285200e-04
6.191950464396285200e-04
6.191950464396285200e-04
6.191950464396285200e-04
6.191950464396285200e-04
6.191950464396285200e-04
6.191950464396285200e-04
6.191950464396285200e-04
6.191950464396285200e-04
6.191950464396285200e-04
6.191950464396285200e-04
6.191950464396285200e-04
6.191950464396285200e-04
6.191950464396285200e-04
6.191950464396285200e-04
6.191950464396285200e-04
6.191950464396285200e-04
6.191950464396285200e-04
6.191950464396285200e-04
6.191950464396285200e-04
6.191950464396285200e-04
6.191950464396285200e-04
6.191950464396285200e-04
6.191950464396285200e-04
6.191950464396285200e-04
6.191950464396285200e-04
6.191950464396285200e-04
6.191950464396285200e-04
6.191950464396285200e-04
6.191950464396285200e-04
6.191950464396285200e-04
6.191950464396285200e-04
6.191950464396285200e-04
2.476780185758514080e-03
6.191950464396285200e-04
6.191950464396285200e-04
6.191950464396285200e-04
6.191950464396285200e-04
6.191950464396285200e-04
1.238390092879257040e-03
6.191950464396285200e-04
6.191950464396285200e-04
6.191950464396285200e-04
6.191950464396285200e-04
6.191950464396285200e-04
6.191950464396285200e-04
6.191950464396285200e-04
6.191950464396285200e-04
6.191950464396285200e-04
6.191950464396285200e-04
6.191950464396285200e-04
6.191950464396285200e-04
6.191950464396285200e-04
6.191950464396285200e-04
6.191950464396285200e-04
6.191950464396285200e-04
6.191950464396285200e-04
6.191950464396285200e-04
6.191950464396285200e-04
2.476780185758514080e-03
6.191950464396285200e-04
6.191950464396285200e-04
6.191950464396285200e-04
6.191950464396285200e-04
6.191950464396285200e-04
6.191950464396285200e-04
6.191950464396285200e-04
6.191950464396285200e-04
6.191950464396285200e-04
6.191950464396285200e-04
6.191950464396285200e-04
6.191950464396285200e-04
6.191950464396285200e-04
6.191950464396285200e-04
6.191950464396285200e-04
6.191950464396285200e-04
6.191950464396285200e-04
6.191950464396285200e-04
6.191950464396285200e-04
6.191950464396285200e-04
6.191950464396285200e-04
6.191950464396285200e-04
6.191950464396285200e-04
6.191950464396285200e-04
6.191950464396285200e-04
6.191950464396285200e-04
6.191950464396285200e-04
6.191950464396285200e-04
6.191950464396285200e-04
6.191950464396285200e-04
6.191950464396285200e-04
6.191950464396285200e-04
6.191950464396285200e-04
6.191950464396285200e-04
6.191950464396285200e-04
6.191950464396285200e-04
6.191950464396285200e-04
6.191950464396285200e-04
6.191950464396285200e-04
