3.001491705214941186e-02
2.801090903611734920e-02
2.193861407024575577e-02
2.233037503578585645e-02
1.601699639881266207e-02
2.338511609685536494e-02
2.151671764581795238e-02
1.957298054756128822e-02
1.301851823948649116e-02
1.289797640393569068e-02
1.378697244112284635e-02
1.163228713065228223e-02
1.161721940120843261e-02
1.122545843566832846e-02
9.763888679614869670e-03
5.936685400876941590e-03
9.522805008513266986e-03
7.262645591935751148e-03
9.251585878523965051e-03
9.402263172962466511e-03
5.138095740352886277e-03
7.548932451368903576e-03
8.106438440791357072e-03
5.650398541443790029e-03
8.091370711347507447e-03
6.659936414181747040e-03
7.594135639700453320e-03
7.277713321379601641e-03
6.072294965871592558e-03
5.153163469796735903e-03
5.469585788117588450e-03
7.187306944716500418e-03
4.324438350384980471e-03
5.620263082556089911e-03
6.373649554748594612e-03
6.675004143625596666e-03
6.690071873069447159e-03
5.695601729775339774e-03
6.072294965871592558e-03
5.454518058673738824e-03
5.710669459219190267e-03
4.218964244278029622e-03
4.595657480374282407e-03
4.716199315925082881e-03
5.273705305347537245e-03
3.872406467069477391e-03
5.409314870342188213e-03
5.394247140898337720e-03
5.243569846459837126e-03
5.499721247005288569e-03
5.017553904802085803e-03
4.987418445914384817e-03
5.318908493679087857e-03
4.520318833155031676e-03
4.460047915379631439e-03
5.107960281465186159e-03
5.107960281465186159e-03
4.475115644823481932e-03
3.601187337080175455e-03
3.149155453764672374e-03
3.872406467069477391e-03
3.314900477647023461e-03
4.354573809272680590e-03
4.294302891497280353e-03
3.932677384844878062e-03
3.088884535989271703e-03
2.350565793240616628e-03
3.119019994876971822e-03
3.782000090406376601e-03
3.375171395422423698e-03
2.561514005454517892e-03
3.977880573176427806e-03
3.405306854310123817e-03
3.586119607636325396e-03
3.375171395422423698e-03
3.224494100983922671e-03
3.149155453764672374e-03
2.802597676556119709e-03
3.631322795967875574e-03
2.712191299893018919e-03
3.299832748203173401e-03
3.299832748203173401e-03
3.179290912652372493e-03
2.606717193786068504e-03
2.230023957689815720e-03
2.953274970994620736e-03
3.269697289315472849e-03
2.877936323775370439e-03
2.335498063796766569e-03
2.109482122139014811e-03
2.531378546566817773e-03
2.772462217668419590e-03
2.546446276010667833e-03
2.019075745475914022e-03
1.597179321048111276e-03
2.636852652673768622e-03
2.742326758780719471e-03
1.838262992149712876e-03
2.787529947112269649e-03
2.365633522684466687e-03
2.561514005454517892e-03
2.682055841005318800e-03
2.139617581026714930e-03
2.546446276010667833e-03
2.561514005454517892e-03
2.501243087679117655e-03
2.456039899347567477e-03
2.094414392695164752e-03
2.486175358235267596e-03
2.019075745475914022e-03
1.823195262705862817e-03
1.356095649946509460e-03
2.004008016032063962e-03
1.491705214941160427e-03
2.260159416577515838e-03
2.124549851582864871e-03
1.702653427155061908e-03
2.109482122139014811e-03
1.823195262705862817e-03
2.260159416577515838e-03
2.245091687133665779e-03
1.943737098256663725e-03
2.290294875465215957e-03
1.958804827700513784e-03
2.214956228245965660e-03
2.124549851582864871e-03
1.431434297165760190e-03
2.169753039914415482e-03
2.199888498802115601e-03
1.928669368812813666e-03
1.160215167176458255e-03
2.094414392695164752e-03
2.034143474919764515e-03
1.341027920502659400e-03
2.064278933807464633e-03
1.853330721593563152e-03
2.094414392695164752e-03
1.943737098256663725e-03
1.461569756053460309e-03
1.853330721593563152e-03
1.672517968267361790e-03
1.476637485497310368e-03
1.717721156598912184e-03
1.868398451037413211e-03
1.672517968267361790e-03
6.328446366417044434e-04
1.521840673828860763e-03
1.747856615486612303e-03
1.762924344930462362e-03
1.657450238823511730e-03
1.823195262705862817e-03
1.551976132716560881e-03
1.506772944385010703e-03
1.687585697711211849e-03
9.191314960748564380e-04
1.446502026609610249e-03
1.657450238823511730e-03
7.081832838609549569e-04
1.672517968267361790e-03
1.506772944385010703e-03
1.084876519957207741e-03
1.597179321048111276e-03
1.356095649946509460e-03
1.145147437732607978e-03
1.416366567721909914e-03
1.491705214941160427e-03
1.250621543839558827e-03
1.597179321048111276e-03
1.325960191058809341e-03
1.401298838278059854e-03
1.551976132716560881e-03
1.235553814395708768e-03
2.561514005454518217e-04
1.491705214941160427e-03
9.492669549625566651e-04
1.371163379390359736e-03
1.341027920502659400e-03
1.235553814395708768e-03
1.310892461614959282e-03
1.009537872737957011e-03
1.280757002727258946e-03
1.175282896620308314e-03
1.250621543839558827e-03
1.295824732171109222e-03
1.235553814395708768e-03
9.040637666310063787e-04
1.250621543839558827e-03
1.386231108834209795e-03
7.232510133048051246e-04
7.684542016363554110e-04
1.235553814395708768e-03
1.265689273283408887e-03
1.190350626064158373e-03
1.250621543839558827e-03
8.287251194117558652e-04
1.115011978844907860e-03
2.410836711016017082e-04
1.069808790513357465e-03
1.190350626064158373e-03
1.190350626064158373e-03
1.130079708288757919e-03
9.794024138502568921e-04
1.039673331625657346e-03
1.145147437732607978e-03
8.287251194117558652e-04
1.039673331625657346e-03
1.039673331625657346e-03
1.130079708288757919e-03
1.054741061069507406e-03
1.099944249401057800e-03
6.328446366417044434e-04
8.136573899679056974e-04
9.191314960748564380e-04
1.115011978844907860e-03
1.054741061069507406e-03
5.273705305347537028e-04
4.821673422032034164e-04
6.328446366417044434e-04
7.985896605240556381e-04
1.115011978844907860e-03
6.931155544171048975e-04
9.944701432941069515e-04
9.944701432941069515e-04
1.009537872737957011e-03
9.040637666310064058e-05
9.944701432941069515e-04
9.492669549625566651e-04
1.039673331625657346e-03
9.794024138502568921e-04
9.341992255187066057e-04
8.287251194117558652e-04
7.684542016363554110e-04
9.794024138502568921e-04
7.081832838609549569e-04
9.492669549625566651e-04
7.533864721925053517e-04
1.506772944385010676e-05
9.040637666310063787e-04
9.794024138502568921e-04
9.191314960748564380e-04
9.643346844064068328e-04
8.889960371871563193e-04
9.643346844064068328e-04
8.588605782994560922e-04
6.931155544171048975e-04
3.917609655401027352e-04
7.835219310802054703e-04
8.136573899679056974e-04
4.218964244278029622e-04
8.437928488556059245e-04
9.341992255187066057e-04
8.287251194117558652e-04
8.136573899679056974e-04
7.684542016363554110e-04
8.588605782994560922e-04
3.013545888770021081e-04
8.136573899679056974e-04
8.588605782994560922e-04
8.588605782994560922e-04
3.465577772085524488e-04
7.985896605240556381e-04
9.040637666310064058e-05
5.424382599786038706e-04
6.479123660855546111e-04
7.835219310802054703e-04
7.383187427486551839e-04
7.383187427486551839e-04
4.670996127593533029e-04
7.533864721925053517e-04
4.068286949839528487e-04
5.725737188663039892e-04
5.725737188663039892e-04
6.931155544171048975e-04
4.068286949839528487e-04
7.985896605240556381e-04
5.273705305347537028e-04
7.081832838609549569e-04
7.081832838609549569e-04
3.314900477647023352e-04
5.575059894224539299e-04
5.876414483101541570e-04
7.232510133048051246e-04
6.780478249732547298e-04
6.027091777540042163e-04
6.780478249732547298e-04
3.164223183208522217e-04
5.876414483101541570e-04
6.177769071978543840e-04
6.479123660855546111e-04
6.629800955294046704e-04
7.081832838609549569e-04
4.218964244278029622e-04
6.780478249732547298e-04
4.821673422032034164e-04
3.465577772085524488e-04
6.479123660855546111e-04
6.479123660855546111e-04
6.479123660855546111e-04
6.177769071978543840e-04
6.629800955294046704e-04
5.876414483101541570e-04
3.917609655401027352e-04
5.876414483101541570e-04
6.027091777540042163e-04
5.575059894224539299e-04
5.273705305347537028e-04
5.876414483101541570e-04
6.479123660855546111e-04
4.068286949839528487e-04
6.177769071978543840e-04
3.766932360962526758e-04
6.027091777540042163e-04
2.862868594331519946e-04
1.958804827700513676e-04
6.177769071978543840e-04
4.369641538716530758e-04
4.972350716470534757e-04
5.273705305347537028e-04
5.273705305347537028e-04
5.424382599786038706e-04
5.123028010909036435e-04
5.273705305347537028e-04
1.356095649946509676e-04
5.876414483101541570e-04
4.972350716470534757e-04
5.424382599786038706e-04
5.876414483101541570e-04
2.862868594331519946e-04
4.670996127593533029e-04
5.424382599786038706e-04
4.369641538716530758e-04
5.876414483101541570e-04
3.465577772085524488e-04
5.273705305347537028e-04
5.273705305347537028e-04
4.821673422032034164e-04
5.123028010909036435e-04
5.575059894224539299e-04
5.575059894224539299e-04
4.670996127593533029e-04
4.520318833155031893e-04
5.575059894224539299e-04
5.424382599786038706e-04
5.273705305347537028e-04
4.821673422032034164e-04
4.972350716470534757e-04
3.465577772085524488e-04
2.712191299893019353e-04
5.123028010909036435e-04
4.821673422032034164e-04
5.273705305347537028e-04
4.670996127593533029e-04
4.670996127593533029e-04
4.972350716470534757e-04
3.164223183208522217e-04
2.862868594331519946e-04
3.164223183208522217e-04
4.670996127593533029e-04
5.123028010909036435e-04
4.520318833155031893e-04
4.670996127593533029e-04
4.218964244278029622e-04
4.972350716470534757e-04
4.520318833155031893e-04
4.218964244278029622e-04
7.533864721925052704e-05
4.670996127593533029e-04
4.520318833155031893e-04
4.369641538716530758e-04
3.917609655401027352e-04
4.821673422032034164e-04
4.520318833155031893e-04
4.218964244278029622e-04
3.465577772085524488e-04
1.958804827700513676e-04
4.670996127593533029e-04
3.164223183208522217e-04
4.670996127593533029e-04
2.712191299893019353e-04
4.520318833155031893e-04
4.218964244278029622e-04
2.712191299893019353e-04
4.520318833155031893e-04
3.766932360962526758e-04
4.218964244278029622e-04
7.533864721925052704e-05
3.465577772085524488e-04
3.766932360962526758e-04
3.766932360962526758e-04
3.766932360962526758e-04
4.369641538716530758e-04
3.917609655401027352e-04
4.068286949839528487e-04
3.766932360962526758e-04
2.109482122139014811e-04
2.410836711016017082e-04
3.917609655401027352e-04
4.218964244278029622e-04
3.766932360962526758e-04
3.766932360962526758e-04
4.068286949839528487e-04
3.314900477647023352e-04
2.561514005454518217e-04
2.862868594331519946e-04
4.068286949839528487e-04
2.862868594331519946e-04
3.465577772085524488e-04
3.013545888770021081e-04
3.465577772085524488e-04
1.506772944385010541e-04
2.862868594331519946e-04
3.766932360962526758e-04
3.164223183208522217e-04
3.766932360962526758e-04
3.766932360962526758e-04
6.027091777540042705e-05
3.465577772085524488e-04
3.917609655401027352e-04
3.164223183208522217e-04
3.766932360962526758e-04
3.314900477647023352e-04
2.862868594331519946e-04
2.260159416577515947e-04
3.314900477647023352e-04
1.657450238823511676e-04
1.205418355508008541e-04
3.616255066524025623e-04
3.013545888770021081e-04
2.862868594331519946e-04
3.013545888770021081e-04
3.465577772085524488e-04
3.164223183208522217e-04
3.465577772085524488e-04
3.465577772085524488e-04
2.712191299893019353e-04
1.657450238823511676e-04
3.164223183208522217e-04
3.465577772085524488e-04
2.260159416577515947e-04
2.862868594331519946e-04
2.862868594331519946e-04
2.712191299893019353e-04
2.712191299893019353e-04
3.465577772085524488e-04
2.410836711016017082e-04
3.164223183208522217e-04
3.164223183208522217e-04
3.164223183208522217e-04
2.561514005454518217e-04
2.410836711016017082e-04
1.356095649946509676e-04
2.260159416577515947e-04
2.862868594331519946e-04
3.164223183208522217e-04
9.040637666310064058e-05
2.410836711016017082e-04
3.164223183208522217e-04
1.506772944385010541e-04
2.109482122139014811e-04
2.712191299893019353e-04
2.862868594331519946e-04
2.862868594331519946e-04
2.862868594331519946e-04
2.862868594331519946e-04
3.013545888770021081e-04
2.862868594331519946e-04
2.862868594331519946e-04
2.712191299893019353e-04
2.410836711016017082e-04
6.027091777540042705e-05
1.506772944385010676e-05
2.561514005454518217e-04
2.109482122139014811e-04
2.712191299893019353e-04
1.808127533262012812e-04
2.862868594331519946e-04
1.356095649946509676e-04
2.109482122139014811e-04
1.506772944385010676e-05
2.561514005454518217e-04
9.040637666310064058e-05
1.356095649946509676e-04
2.862868594331519946e-04
1.054741061069507406e-04
2.109482122139014811e-04
1.657450238823511676e-04
2.410836711016017082e-04
2.260159416577515947e-04
2.862868594331519946e-04
2.712191299893019353e-04
2.862868594331519946e-04
2.712191299893019353e-04
2.561514005454518217e-04
2.561514005454518217e-04
2.260159416577515947e-04
1.808127533262012812e-04
1.205418355508008541e-04
2.260159416577515947e-04
2.410836711016017082e-04
2.410836711016017082e-04
1.657450238823511676e-04
2.712191299893019353e-04
2.260159416577515947e-04
2.260159416577515947e-04
1.506772944385010541e-04
2.561514005454518217e-04
9.040637666310064058e-05
1.958804827700513676e-04
2.561514005454518217e-04
2.260159416577515947e-04
2.561514005454518217e-04
2.260159416577515947e-04
7.533864721925052704e-05
1.958804827700513676e-04
1.054741061069507406e-04
2.109482122139014811e-04
2.109482122139014811e-04
1.054741061069507406e-04
2.410836711016017082e-04
2.561514005454518217e-04
2.561514005454518217e-04
2.561514005454518217e-04
2.561514005454518217e-04
2.260159416577515947e-04
2.260159416577515947e-04
2.561514005454518217e-04
2.561514005454518217e-04
2.410836711016017082e-04
2.260159416577515947e-04
2.109482122139014811e-04
1.506772944385010541e-04
1.808127533262012812e-04
2.410836711016017082e-04
2.260159416577515947e-04
2.109482122139014811e-04
2.410836711016017082e-04
2.109482122139014811e-04
1.506772944385010541e-04
2.260159416577515947e-04
2.109482122139014811e-04
1.808127533262012812e-04
1.958804827700513676e-04
2.260159416577515947e-04
2.260159416577515947e-04
1.657450238823511676e-04
2.260159416577515947e-04
2.260159416577515947e-04
2.260159416577515947e-04
1.506772944385010541e-04
1.958804827700513676e-04
7.533864721925052704e-05
1.356095649946509676e-04
2.260159416577515947e-04
1.205418355508008541e-04
1.958804827700513676e-04
1.506772944385010541e-04
2.109482122139014811e-04
1.958804827700513676e-04
1.808127533262012812e-04
1.506772944385010541e-04
1.356095649946509676e-04
1.958804827700513676e-04
1.808127533262012812e-04
1.205418355508008541e-04
1.054741061069507406e-04
2.109482122139014811e-04
1.958804827700513676e-04
1.958804827700513676e-04
1.657450238823511676e-04
1.808127533262012812e-04
1.506772944385010541e-04
1.657450238823511676e-04
1.958804827700513676e-04
1.958804827700513676e-04
1.958804827700513676e-04
1.958804827700513676e-04
1.958804827700513676e-04
1.958804827700513676e-04
1.958804827700513676e-04
1.657450238823511676e-04
1.808127533262012812e-04
1.958804827700513676e-04
3.013545888770021353e-05
9.040637666310064058e-05
1.958804827700513676e-04
4.520318833155032029e-05
1.958804827700513676e-04
1.958804827700513676e-04
7.533864721925052704e-05
1.657450238823511676e-04
1.958804827700513676e-04
1.808127533262012812e-04
1.958804827700513676e-04
7.533864721925052704e-05
9.040637666310064058e-05
3.013545888770021353e-05
1.657450238823511676e-04
7.533864721925052704e-05
1.657450238823511676e-04
1.808127533262012812e-04
1.808127533262012812e-04
1.808127533262012812e-04
1.054741061069507406e-04
1.657450238823511676e-04
1.506772944385010541e-04
1.808127533262012812e-04
6.027091777540042705e-05
1.506772944385010541e-04
4.520318833155032029e-05
1.506772944385010676e-05
1.657450238823511676e-04
1.808127533262012812e-04
1.808127533262012812e-04
1.657450238823511676e-04
1.657450238823511676e-04
1.657450238823511676e-04
1.657450238823511676e-04
1.657450238823511676e-04
1.657450238823511676e-04
1.657450238823511676e-04
1.356095649946509676e-04
1.657450238823511676e-04
1.356095649946509676e-04
1.657450238823511676e-04
1.657450238823511676e-04
1.657450238823511676e-04
1.506772944385010541e-04
1.054741061069507406e-04
1.657450238823511676e-04
1.657450238823511676e-04
1.657450238823511676e-04
1.657450238823511676e-04
1.657450238823511676e-04
9.040637666310064058e-05
1.657450238823511676e-04
1.657450238823511676e-04
1.356095649946509676e-04
1.657450238823511676e-04
3.013545888770021353e-05
1.356095649946509676e-04
1.657450238823511676e-04
1.657450238823511676e-04
6.027091777540042705e-05
1.506772944385010541e-04
3.013545888770021353e-05
1.657450238823511676e-04
1.506772944385010541e-04
3.013545888770021353e-05
1.356095649946509676e-04
1.506772944385010676e-05
1.506772944385010541e-04
1.506772944385010541e-04
1.506772944385010676e-05
1.506772944385010676e-05
1.205418355508008541e-04
1.506772944385010541e-04
9.040637666310064058e-05
1.356095649946509676e-04
4.520318833155032029e-05
1.506772944385010541e-04
1.356095649946509676e-04
1.356095649946509676e-04
1.506772944385010541e-04
1.356095649946509676e-04
1.356095649946509676e-04
1.356095649946509676e-04
1.356095649946509676e-04
1.054741061069507406e-04
1.205418355508008541e-04
1.356095649946509676e-04
1.356095649946509676e-04
1.356095649946509676e-04
7.533864721925052704e-05
1.356095649946509676e-04
1.054741061069507406e-04
1.356095649946509676e-04
6.027091777540042705e-05
1.054741061069507406e-04
1.356095649946509676e-04
1.356095649946509676e-04
1.054741061069507406e-04
1.356095649946509676e-04
1.356095649946509676e-04
1.356095649946509676e-04
1.356095649946509676e-04
1.356095649946509676e-04
1.356095649946509676e-04
7.533864721925052704e-05
9.040637666310064058e-05
1.356095649946509676e-04
1.356095649946509676e-04
1.356095649946509676e-04
4.520318833155032029e-05
1.356095649946509676e-04
1.356095649946509676e-04
6.027091777540042705e-05
1.356095649946509676e-04
1.356095649946509676e-04
1.356095649946509676e-04
1.356095649946509676e-04
1.356095649946509676e-04
1.356095649946509676e-04
7.533864721925052704e-05
1.205418355508008541e-04
1.356095649946509676e-04
6.027091777540042705e-05
6.027091777540042705e-05
1.356095649946509676e-04
1.356095649946509676e-04
1.205418355508008541e-04
1.356095649946509676e-04
6.027091777540042705e-05
1.356095649946509676e-04
6.027091777540042705e-05
1.356095649946509676e-04
1.356095649946509676e-04
1.356095649946509676e-04
1.054741061069507406e-04
1.054741061069507406e-04
1.205418355508008541e-04
1.054741061069507406e-04
1.205418355508008541e-04
7.533864721925052704e-05
4.520318833155032029e-05
1.205418355508008541e-04
7.533864721925052704e-05
1.205418355508008541e-04
9.040637666310064058e-05
1.205418355508008541e-04
4.520318833155032029e-05
1.054741061069507406e-04
1.054741061069507406e-04
1.205418355508008541e-04
1.205418355508008541e-04
7.533864721925052704e-05
1.054741061069507406e-04
1.054741061069507406e-04
7.533864721925052704e-05
1.054741061069507406e-04
1.054741061069507406e-04
1.506772944385010676e-05
7.533864721925052704e-05
1.054741061069507406e-04
1.506772944385010676e-05
9.040637666310064058e-05
1.054741061069507406e-04
9.040637666310064058e-05
1.054741061069507406e-04
1.054741061069507406e-04
7.533864721925052704e-05
1.054741061069507406e-04
3.013545888770021353e-05
7.533864721925052704e-05
7.533864721925052704e-05
9.040637666310064058e-05
9.040637666310064058e-05
9.040637666310064058e-05
3.013545888770021353e-05
1.054741061069507406e-04
6.027091777540042705e-05
6.027091777540042705e-05
1.054741061069507406e-04
1.054741061069507406e-04
1.054741061069507406e-04
9.040637666310064058e-05
1.054741061069507406e-04
1.054741061069507406e-04
1.054741061069507406e-04
7.533864721925052704e-05
1.054741061069507406e-04
7.533864721925052704e-05
1.054741061069507406e-04
7.533864721925052704e-05
1.054741061069507406e-04
1.054741061069507406e-04
7.533864721925052704e-05
1.054741061069507406e-04
1.506772944385010676e-05
9.040637666310064058e-05
1.054741061069507406e-04
1.054741061069507406e-04
9.040637666310064058e-05
1.054741061069507406e-04
1.054741061069507406e-04
7.533864721925052704e-05
7.533864721925052704e-05
6.027091777540042705e-05
7.533864721925052704e-05
7.533864721925052704e-05
1.054741061069507406e-04
1.054741061069507406e-04
3.013545888770021353e-05
9.040637666310064058e-05
9.040637666310064058e-05
9.040637666310064058e-05
1.506772944385010676e-05
7.533864721925052704e-05
9.040637666310064058e-05
7.533864721925052704e-05
9.040637666310064058e-05
9.040637666310064058e-05
7.533864721925052704e-05
7.533864721925052704e-05
7.533864721925052704e-05
9.040637666310064058e-05
9.040637666310064058e-05
7.533864721925052704e-05
1.506772944385010676e-05
9.040637666310064058e-05
9.040637666310064058e-05
9.040637666310064058e-05
9.040637666310064058e-05
9.040637666310064058e-05
6.027091777540042705e-05
7.533864721925052704e-05
9.040637666310064058e-05
4.520318833155032029e-05
9.040637666310064058e-05
7.533864721925052704e-05
9.040637666310064058e-05
7.533864721925052704e-05
9.040637666310064058e-05
7.533864721925052704e-05
7.533864721925052704e-05
7.533864721925052704e-05
4.520318833155032029e-05
4.520318833155032029e-05
7.533864721925052704e-05
4.520318833155032029e-05
7.533864721925052704e-05
7.533864721925052704e-05
7.533864721925052704e-05
7.533864721925052704e-05
7.533864721925052704e-05
4.520318833155032029e-05
7.533864721925052704e-05
3.013545888770021353e-05
7.533864721925052704e-05
7.533864721925052704e-05
7.533864721925052704e-05
7.533864721925052704e-05
7.533864721925052704e-05
7.533864721925052704e-05
6.027091777540042705e-05
3.013545888770021353e-05
4.520318833155032029e-05
7.533864721925052704e-05
7.533864721925052704e-05
7.533864721925052704e-05
7.533864721925052704e-05
4.520318833155032029e-05
4.520318833155032029e-05
4.520318833155032029e-05
7.533864721925052704e-05
7.533864721925052704e-05
7.533864721925052704e-05
7.533864721925052704e-05
7.533864721925052704e-05
7.533864721925052704e-05
7.533864721925052704e-05
7.533864721925052704e-05
7.533864721925052704e-05
7.533864721925052704e-05
7.533864721925052704e-05
7.533864721925052704e-05
7.533864721925052704e-05
7.533864721925052704e-05
6.027091777540042705e-05
4.520318833155032029e-05
4.520318833155032029e-05
4.520318833155032029e-05
7.533864721925052704e-05
4.520318833155032029e-05
7.533864721925052704e-05
6.027091777540042705e-05
1.506772944385010676e-05
6.027091777540042705e-05
6.027091777540042705e-05
3.013545888770021353e-05
7.533864721925052704e-05
4.520318833155032029e-05
4.520318833155032029e-05
4.520318833155032029e-05
4.520318833155032029e-05
4.520318833155032029e-05
7.533864721925052704e-05
3.013545888770021353e-05
7.533864721925052704e-05
7.533864721925052704e-05
3.013545888770021353e-05
7.533864721925052704e-05
4.520318833155032029e-05
7.533864721925052704e-05
4.520318833155032029e-05
4.520318833155032029e-05
7.533864721925052704e-05
7.533864721925052704e-05
7.533864721925052704e-05
7.533864721925052704e-05
1.506772944385010676e-05
