1.649439190675170471e-03
2.639102705080272754e-03
2.133274686606553838e-02
2.166263470420057291e-02
6.311853969650318974e-02
1.649439190675170471e-03
1.264570046184297289e-02
7.587420277105783734e-03
3.408840994062019118e-03
5.498130635583901209e-04
1.099626127116780269e-04
1.187596217286122739e-02
6.597756762700681885e-04
1.099626127116780269e-04
1.099626127116780269e-04
3.232900813723334210e-02
3.628766219485375037e-03
2.188255992962392926e-02
1.539476577963492512e-03
1.099626127116780269e-04
3.540796129316032409e-02
1.143611172201451469e-02
6.597756762700681885e-04
1.946338244996701286e-02
1.099626127116780242e-03
9.786672531339343784e-03
2.199252254233560538e-04
2.199252254233560538e-04
1.044644820760941284e-02
1.649439190675170558e-02
1.242577523641961654e-02
5.498130635583901209e-04
2.122278425335386021e-02
9.016934242357598286e-03
1.099626127116780269e-04
6.597756762700681885e-04
2.199252254233560538e-04
2.419177479656916836e-03
1.319551352540136377e-03
4.728392346602155495e-03
1.099626127116780269e-04
1.242577523641961654e-02
1.011656036947437831e-02
6.267868924565647357e-03
2.419177479656916836e-03
1.594457884319331470e-02
1.099626127116780269e-04
5.498130635583901209e-04
1.209588739828458418e-03
3.298878381350340942e-04
1.099626127116780269e-04
1.869364416098526606e-03
1.099626127116780269e-04
4.948317572025510980e-03
4.068616670332087307e-03
3.298878381350340942e-04
1.099626127116780269e-04
1.099626127116780269e-04
5.498130635583901860e-03
1.000659775676270014e-02
4.838354959313833671e-03
7.037607213547393721e-03
4.398504508467121076e-04
1.099626127116780269e-04
1.979327028810204565e-03
8.687046404222563759e-03
1.374532658895975291e-02
6.817681988124038236e-03
1.099626127116780269e-04
4.838354959313833671e-03
9.456784693204310990e-03
1.099626127116780269e-04
1.539476577963492512e-03
2.199252254233560538e-04
1.099626127116780269e-04
2.309214866945238660e-03
1.759401803386848430e-03
3.958654057620409131e-03
1.099626127116780269e-04
5.828018473718935520e-03
1.099626127116780269e-04
1.099626127116780269e-04
2.199252254233560538e-04
5.168242797448867332e-03
7.587420277105783734e-03
2.199252254233560484e-03
1.099626127116780269e-04
1.099626127116780242e-03
3.958654057620409131e-03
6.157906311853970048e-03
3.408840994062019118e-03
3.298878381350340942e-04
1.099626127116780269e-04
5.608093248295579168e-03
8.687046404222563759e-03
1.099626127116780269e-04
5.498130635583901209e-04
5.828018473718935520e-03
1.099626127116780269e-04
1.099626127116780242e-03
1.099626127116780269e-04
1.099626127116780269e-04
3.078953155926985024e-03
1.099626127116780269e-04
1.099626127116780242e-03
1.099626127116780269e-04
1.099626127116780269e-04
1.099626127116780269e-04
8.797009016934242151e-04
3.078953155926985024e-03
1.099626127116780269e-04
4.618429733890477319e-03
8.247195953375852789e-03
6.157906311853970048e-03
1.099626127116780242e-03
1.649439190675170471e-03
4.508467121178799143e-03
1.099626127116780242e-03
2.749065317791950930e-03
1.099626127116780269e-04
1.099626127116780269e-04
9.896635144051022827e-04
1.099626127116780269e-04
2.199252254233560538e-04
1.099626127116780269e-04
1.099626127116780269e-04
4.398504508467120967e-03
1.099626127116780269e-04
2.199252254233560538e-04
1.209588739828458418e-03
1.759401803386848430e-03
7.037607213547393721e-03
1.099626127116780269e-04
5.168242797448867332e-03
1.099626127116780269e-04
1.099626127116780269e-04
1.099626127116780269e-04
1.099626127116780269e-04
3.298878381350340942e-04
2.639102705080272754e-03
1.429513965251814336e-03
3.078953155926985024e-03
1.099626127116780269e-04
5.498130635583901209e-04
1.099626127116780269e-04
9.236859467780954638e-03
2.199252254233560538e-04
2.639102705080272754e-03
1.099626127116780269e-04
7.697382889817462560e-04
1.099626127116780269e-04
1.979327028810204565e-03
1.759401803386848430e-03
1.099626127116780269e-04
1.099626127116780269e-04
6.157906311853970048e-03
1.099626127116780269e-04
6.927644600835715545e-03
1.099626127116780269e-04
1.099626127116780269e-04
4.288541895755442791e-03
3.188915768638662766e-03
1.099626127116780269e-04
1.979327028810204565e-03
1.319551352540136377e-03
1.099626127116780269e-04
1.649439190675170471e-03
1.099626127116780269e-04
1.099626127116780269e-04
2.199252254233560538e-04
1.099626127116780269e-04
2.419177479656916836e-03
9.566747305915989166e-03
1.099626127116780269e-04
4.508467121178799143e-03
1.099626127116780269e-04
1.099626127116780269e-04
1.099626127116780269e-04
2.199252254233560538e-04
7.697382889817462560e-04
2.199252254233560484e-03
5.498130635583901209e-04
1.099626127116780269e-04
1.099626127116780269e-04
2.859027930503628672e-03
1.099626127116780269e-04
1.099626127116780269e-04
1.099626127116780269e-04
3.848691444908730955e-03
4.288541895755442791e-03
1.099626127116780269e-04
2.199252254233560538e-04
1.099626127116780269e-04
2.199252254233560538e-04
2.968990543215306848e-03
5.498130635583901209e-04
7.037607213547393721e-03
1.099626127116780269e-04
1.099626127116780269e-04
1.099626127116780269e-04
1.099626127116780269e-04
1.319551352540136377e-03
1.099626127116780269e-04
2.199252254233560484e-03
1.099626127116780269e-04
1.099626127116780269e-04
1.099626127116780269e-04
1.099626127116780269e-04
1.099626127116780269e-04
3.298878381350340942e-04
1.099626127116780269e-04
3.408840994062019118e-03
2.309214866945238660e-03
1.099626127116780269e-04
1.099626127116780269e-04
3.848691444908730955e-03
2.419177479656916836e-03
4.178579283043765483e-03
3.298878381350340942e-04
1.099626127116780269e-04
1.869364416098526606e-03
1.099626127116780269e-04
1.099626127116780269e-04
1.099626127116780269e-04
6.487794149989003709e-03
1.099626127116780269e-04
1.099626127116780269e-04
1.099626127116780269e-04
1.099626127116780269e-04
3.298878381350340942e-04
9.896635144051022827e-04
1.319551352540136377e-03
1.099626127116780269e-04
1.319551352540136377e-03
1.099626127116780269e-04
1.099626127116780242e-03
1.099626127116780269e-04
3.298878381350340942e-04
1.099626127116780269e-04
6.487794149989003709e-03
1.099626127116780269e-04
1.099626127116780269e-04
4.398504508467121076e-04
3.298878381350340942e-04
1.099626127116780242e-03
1.099626127116780269e-04
1.099626127116780269e-04
2.199252254233560538e-04
3.628766219485375037e-03
3.518803606773696861e-03
2.199252254233560538e-04
1.099626127116780269e-04
4.178579283043765483e-03
1.099626127116780269e-04
1.099626127116780269e-04
1.099626127116780269e-04
1.099626127116780269e-04
1.099626127116780269e-04
1.099626127116780269e-04
3.518803606773696861e-03
1.099626127116780269e-04
1.099626127116780269e-04
1.099626127116780269e-04
6.597756762700681885e-04
1.869364416098526606e-03
5.388168022872223684e-03
1.099626127116780269e-04
1.099626127116780269e-04
2.859027930503628672e-03
2.199252254233560484e-03
7.697382889817462560e-04
1.209588739828458418e-03
2.199252254233560538e-04
1.099626127116780269e-04
2.639102705080272754e-03
1.319551352540136377e-03
1.099626127116780269e-04
1.099626127116780269e-04
1.099626127116780269e-04
1.099626127116780269e-04
2.859027930503628672e-03
7.697382889817462560e-04
1.099626127116780269e-04
1.099626127116780269e-04
2.639102705080272754e-03
1.099626127116780269e-04
9.896635144051022827e-04
1.099626127116780269e-04
2.199252254233560538e-04
1.099626127116780269e-04
1.979327028810204565e-03
1.099626127116780269e-04
9.896635144051022827e-04
1.099626127116780269e-04
4.398504508467121076e-04
1.099626127116780269e-04
2.199252254233560484e-03
1.099626127116780269e-04
1.099626127116780269e-04
1.099626127116780269e-04
1.099626127116780269e-04
1.979327028810204565e-03
2.199252254233560538e-04
1.099626127116780269e-04
1.319551352540136377e-03
1.099626127116780269e-04
1.099626127116780269e-04
1.099626127116780269e-04
1.099626127116780269e-04
1.099626127116780269e-04
1.099626127116780269e-04
3.188915768638662766e-03
1.099626127116780269e-04
1.429513965251814336e-03
2.089289641521882741e-03
1.099626127116780269e-04
1.099626127116780269e-04
1.099626127116780269e-04
1.319551352540136377e-03
1.099626127116780269e-04
1.099626127116780269e-04
2.199252254233560538e-04
1.099626127116780269e-04
3.298878381350340942e-03
1.099626127116780269e-04
1.099626127116780269e-04
1.099626127116780269e-04
1.099626127116780269e-04
1.099626127116780269e-04
1.429513965251814336e-03
1.099626127116780269e-04
1.099626127116780269e-04
2.089289641521882741e-03
1.099626127116780269e-04
4.398504508467121076e-04
1.099626127116780269e-04
1.099626127116780269e-04
4.398504508467121076e-04
1.099626127116780269e-04
1.099626127116780269e-04
1.099626127116780269e-04
1.099626127116780269e-04
2.199252254233560538e-04
1.099626127116780269e-04
1.099626127116780269e-04
1.099626127116780269e-04
1.759401803386848430e-03
1.209588739828458418e-03
3.298878381350340942e-04
1.099626127116780269e-04
1.099626127116780269e-04
1.099626127116780269e-04
1.099626127116780269e-04
1.209588739828458418e-03
1.099626127116780269e-04
6.597756762700681885e-04
5.498130635583901209e-04
1.099626127116780269e-04
1.099626127116780269e-04
1.099626127116780269e-04
1.099626127116780269e-04
1.099626127116780269e-04
1.099626127116780269e-04
1.099626127116780269e-04
1.099626127116780269e-04
1.099626127116780269e-04
2.968990543215306848e-03
2.199252254233560538e-04
2.199252254233560538e-04
1.099626127116780269e-04
1.099626127116780269e-04
7.697382889817462560e-04
1.099626127116780269e-04
1.099626127116780269e-04
1.099626127116780269e-04
1.099626127116780269e-04
1.099626127116780269e-04
1.759401803386848430e-03
1.099626127116780269e-04
1.099626127116780269e-04
4.398504508467121076e-04
1.099626127116780269e-04
1.099626127116780269e-04
1.319551352540136377e-03
1.099626127116780269e-04
1.099626127116780269e-04
1.099626127116780269e-04
1.099626127116780269e-04
1.099626127116780269e-04
1.099626127116780269e-04
1.099626127116780269e-04
1.099626127116780269e-04
1.649439190675170471e-03
2.309214866945238660e-03
1.099626127116780269e-04
1.099626127116780242e-03
1.099626127116780269e-04
4.398504508467121076e-04
1.099626127116780269e-04
1.099626127116780269e-04
1.099626127116780269e-04
1.099626127116780269e-04
1.099626127116780269e-04
5.498130635583901209e-04
1.099626127116780242e-03
3.298878381350340942e-04
1.099626127116780269e-04
4.398504508467121076e-04
7.697382889817462560e-04
4.398504508467121076e-04
2.419177479656916836e-03
5.498130635583901209e-04
1.099626127116780269e-04
1.099626127116780269e-04
1.099626127116780269e-04
1.869364416098526606e-03
1.099626127116780269e-04
1.099626127116780269e-04
1.099626127116780269e-04
1.099626127116780269e-04
1.099626127116780269e-04
1.209588739828458418e-03
4.398504508467121076e-04
1.649439190675170471e-03
1.099626127116780269e-04
1.869364416098526606e-03
4.398504508467121076e-04
1.099626127116780269e-04
1.099626127116780269e-04
1.099626127116780269e-04
1.099626127116780269e-04
1.099626127116780269e-04
4.398504508467121076e-04
1.319551352540136377e-03
1.099626127116780269e-04
1.099626127116780269e-04
4.398504508467121076e-04
7.697382889817462560e-04
1.099626127116780269e-04
1.099626127116780269e-04
1.099626127116780269e-04
1.099626127116780269e-04
3.298878381350340942e-04
1.099626127116780269e-04
1.099626127116780269e-04
1.099626127116780269e-04
1.099626127116780269e-04
1.099626127116780269e-04
1.099626127116780269e-04
1.099626127116780269e-04
1.209588739828458418e-03
1.209588739828458418e-03
1.099626127116780269e-04
6.597756762700681885e-04
6.597756762700681885e-04
1.099626127116780269e-04
1.649439190675170471e-03
1.099626127116780269e-04
2.199252254233560538e-04
3.298878381350340942e-04
1.099626127116780269e-04
1.099626127116780269e-04
2.199252254233560538e-04
1.099626127116780269e-04
1.099626127116780269e-04
1.099626127116780269e-04
2.089289641521882741e-03
1.099626127116780269e-04
5.498130635583901209e-04
1.099626127116780242e-03
2.089289641521882741e-03
1.099626127116780269e-04
2.199252254233560538e-04
1.099626127116780242e-03
1.099626127116780269e-04
1.649439190675170471e-03
1.099626127116780269e-04
1.099626127116780269e-04
1.099626127116780269e-04
1.099626127116780269e-04
1.099626127116780269e-04
1.099626127116780269e-04
1.099626127116780269e-04
1.429513965251814336e-03
1.099626127116780269e-04
1.099626127116780242e-03
1.099626127116780269e-04
5.498130635583901209e-04
1.099626127116780269e-04
7.697382889817462560e-04
1.099626127116780269e-04
1.099626127116780269e-04
1.099626127116780269e-04
2.199252254233560538e-04
1.099626127116780269e-04
2.199252254233560538e-04
6.597756762700681885e-04
3.298878381350340942e-04
5.498130635583901209e-04
1.209588739828458418e-03
1.099626127116780269e-04
2.199252254233560538e-04
1.099626127116780269e-04
1.099626127116780269e-04
3.298878381350340942e-04
1.099626127116780269e-04
9.896635144051022827e-04
1.099626127116780269e-04
1.099626127116780269e-04
1.099626127116780269e-04
1.099626127116780269e-04
3.298878381350340942e-04
9.896635144051022827e-04
1.099626127116780269e-04
2.199252254233560538e-04
1.099626127116780269e-04
1.099626127116780269e-04
1.099626127116780269e-04
1.099626127116780269e-04
1.099626127116780269e-04
1.099626127116780269e-04
1.099626127116780269e-04
9.896635144051022827e-04
1.099626127116780269e-04
4.398504508467121076e-04
2.199252254233560538e-04
1.319551352540136377e-03
1.099626127116780269e-04
1.099626127116780269e-04
4.398504508467121076e-04
1.099626127116780269e-04
1.099626127116780269e-04
1.099626127116780269e-04
1.099626127116780269e-04
1.099626127116780269e-04
3.298878381350340942e-04
1.099626127116780269e-04
4.398504508467121076e-04
1.099626127116780269e-04
1.099626127116780269e-04
5.498130635583901209e-04
1.099626127116780269e-04
1.099626127116780269e-04
3.298878381350340942e-04
1.099626127116780269e-04
1.099626127116780269e-04
1.099626127116780269e-04
1.099626127116780269e-04
1.099626127116780269e-04
1.099626127116780269e-04
1.099626127116780269e-04
1.099626127116780269e-04
8.797009016934242151e-04
1.099626127116780269e-04
8.797009016934242151e-04
2.199252254233560538e-04
2.199252254233560538e-04
1.099626127116780269e-04
1.099626127116780269e-04
5.498130635583901209e-04
1.099626127116780269e-04
1.099626127116780269e-04
1.099626127116780269e-04
1.099626127116780269e-04
1.099626127116780269e-04
1.099626127116780269e-04
8.797009016934242151e-04
1.099626127116780269e-04
5.498130635583901209e-04
1.099626127116780269e-04
5.498130635583901209e-04
7.697382889817462560e-04
1.099626127116780269e-04
1.099626127116780269e-04
7.697382889817462560e-04
7.697382889817462560e-04
1.099626127116780269e-04
1.099626127116780269e-04
1.099626127116780269e-04
1.099626127116780269e-04
3.298878381350340942e-04
1.099626127116780269e-04
7.697382889817462560e-04
1.099626127116780269e-04
1.099626127116780269e-04
1.099626127116780269e-04
1.099626127116780269e-04
1.099626127116780269e-04
1.209588739828458418e-03
1.099626127116780269e-04
7.697382889817462560e-04
1.099626127116780269e-04
7.697382889817462560e-04
1.099626127116780269e-04
1.099626127116780269e-04
1.099626127116780269e-04
1.099626127116780269e-04
1.099626127116780269e-04
1.099626127116780269e-04
6.597756762700681885e-04
1.099626127116780269e-04
1.099626127116780269e-04
1.099626127116780269e-04
1.319551352540136377e-03
1.099626127116780269e-04
1.099626127116780269e-04
1.099626127116780269e-04
1.099626127116780269e-04
1.099626127116780269e-04
1.099626127116780242e-03
5.498130635583901209e-04
1.099626127116780269e-04
1.099626127116780269e-04
1.099626127116780242e-03
1.099626127116780269e-04
1.099626127116780269e-04
1.099626127116780269e-04
1.099626127116780269e-04
1.099626127116780269e-04
1.099626127116780269e-04
1.099626127116780269e-04
1.099626127116780269e-04
1.099626127116780269e-04
1.099626127116780269e-04
1.099626127116780269e-04
1.099626127116780269e-04
6.597756762700681885e-04
1.099626127116780269e-04
1.099626127116780269e-04
2.199252254233560538e-04
1.099626127116780269e-04
1.099626127116780269e-04
1.099626127116780269e-04
1.099626127116780269e-04
1.099626127116780269e-04
1.099626127116780269e-04
9.896635144051022827e-04
1.099626127116780269e-04
1.099626127116780269e-04
4.398504508467121076e-04
1.099626127116780269e-04
1.099626127116780269e-04
1.099626127116780269e-04
1.099626127116780269e-04
1.099626127116780269e-04
1.099626127116780269e-04
1.099626127116780269e-04
7.697382889817462560e-04
1.099626127116780242e-03
1.099626127116780242e-03
1.099626127116780269e-04
1.099626127116780269e-04
1.099626127116780269e-04
1.099626127116780269e-04
1.099626127116780269e-04
9.896635144051022827e-04
1.099626127116780269e-04
1.099626127116780269e-04
1.099626127116780269e-04
1.099626127116780242e-03
1.099626127116780269e-04
1.099626127116780269e-04
1.099626127116780269e-04
3.298878381350340942e-04
1.099626127116780269e-04
1.099626127116780269e-04
1.099626127116780269e-04
2.199252254233560538e-04
1.099626127116780269e-04
1.099626127116780269e-04
1.099626127116780269e-04
5.498130635583901209e-04
1.099626127116780269e-04
1.099626127116780269e-04
1.099626127116780269e-04
1.099626127116780269e-04
1.099626127116780269e-04
1.099626127116780269e-04
1.099626127116780269e-04
5.498130635583901209e-04
1.099626127116780269e-04
1.099626127116780269e-04
1.099626127116780269e-04
5.498130635583901209e-04
1.099626127116780269e-04
5.498130635583901209e-04
1.099626127116780269e-04
1.099626127116780269e-04
1.099626127116780269e-04
1.099626127116780269e-04
1.099626127116780269e-04
1.099626127116780269e-04
1.099626127116780269e-04
1.099626127116780269e-04
1.099626127116780269e-04
1.099626127116780269e-04
1.099626127116780269e-04
5.498130635583901209e-04
5.498130635583901209e-04
5.498130635583901209e-04
1.099626127116780269e-04
1.099626127116780269e-04
1.099626127116780269e-04
1.099626127116780269e-04
1.099626127116780269e-04
5.498130635583901209e-04
1.099626127116780269e-04
1.099626127116780269e-04
1.099626127116780269e-04
1.099626127116780269e-04
1.099626127116780269e-04
1.099626127116780269e-04
1.099626127116780269e-04
1.099626127116780269e-04
1.099626127116780269e-04
1.099626127116780269e-04
1.099626127116780269e-04
1.099626127116780269e-04
1.099626127116780269e-04
1.099626127116780269e-04
2.199252254233560538e-04
1.099626127116780269e-04
1.099626127116780269e-04
1.099626127116780269e-04
2.199252254233560538e-04
2.199252254233560538e-04
4.398504508467121076e-04
1.099626127116780269e-04
1.099626127116780269e-04
4.398504508467121076e-04
1.099626127116780269e-04
1.099626127116780269e-04
1.099626127116780269e-04
1.099626127116780269e-04
4.398504508467121076e-04
3.298878381350340942e-04
4.398504508467121076e-04
1.099626127116780269e-04
1.099626127116780269e-04
1.099626127116780269e-04
1.099626127116780269e-04
1.099626127116780269e-04
1.099626127116780269e-04
1.099626127116780269e-04
1.099626127116780269e-04
1.099626127116780269e-04
1.099626127116780269e-04
1.099626127116780269e-04
4.398504508467121076e-04
1.099626127116780269e-04
2.199252254233560538e-04
1.099626127116780269e-04
1.099626127116780269e-04
1.099626127116780269e-04
1.099626127116780269e-04
7.697382889817462560e-04
1.099626127116780269e-04
1.099626127116780269e-04
1.099626127116780269e-04
5.498130635583901209e-04
1.099626127116780269e-04
7.697382889817462560e-04
1.099626127116780269e-04
1.099626127116780269e-04
1.099626127116780269e-04
2.199252254233560538e-04
1.099626127116780269e-04
1.099626127116780269e-04
1.099626127116780269e-04
4.398504508467121076e-04
1.099626127116780269e-04
1.099626127116780269e-04
1.099626127116780269e-04
1.099626127116780269e-04
1.099626127116780269e-04
1.099626127116780269e-04
1.099626127116780269e-04
1.099626127116780269e-04
5.498130635583901209e-04
1.099626127116780269e-04
2.199252254233560538e-04
1.099626127116780269e-04
1.099626127116780269e-04
1.099626127116780269e-04
1.099626127116780269e-04
1.099626127116780269e-04
4.398504508467121076e-04
1.099626127116780269e-04
1.099626127116780269e-04
1.099626127116780269e-04
1.099626127116780269e-04
1.099626127116780269e-04
1.099626127116780269e-04
6.597756762700681885e-04
1.099626127116780269e-04
1.099626127116780269e-04
1.099626127116780269e-04
1.099626127116780269e-04
2.199252254233560538e-04
1.099626127116780269e-04
1.099626127116780269e-04
1.099626127116780269e-04
1.099626127116780269e-04
1.099626127116780269e-04
1.099626127116780269e-04
1.099626127116780269e-04
1.099626127116780269e-04
1.099626127116780269e-04
2.199252254233560538e-04
1.099626127116780269e-04
1.099626127116780269e-04
5.498130635583901209e-04
1.099626127116780269e-04
1.099626127116780269e-04
3.298878381350340942e-04
2.199252254233560538e-04
1.099626127116780269e-04
2.199252254233560538e-04
1.099626127116780269e-04
1.099626127116780269e-04
1.099626127116780269e-04
1.099626127116780269e-04
1.099626127116780269e-04
1.099626127116780269e-04
3.298878381350340942e-04
3.298878381350340942e-04
1.099626127116780269e-04
1.099626127116780269e-04
1.099626127116780269e-04
3.298878381350340942e-04
1.099626127116780269e-04
1.099626127116780269e-04
3.298878381350340942e-04
1.099626127116780269e-04
1.099626127116780269e-04
1.099626127116780269e-04
3.298878381350340942e-04
3.298878381350340942e-04
4.398504508467121076e-04
3.298878381350340942e-04
1.099626127116780269e-04
1.099626127116780269e-04
1.099626127116780269e-04
1.099626127116780269e-04
1.099626127116780269e-04
1.099626127116780269e-04
1.099626127116780269e-04
5.498130635583901209e-04
1.099626127116780269e-04
1.099626127116780269e-04
3.298878381350340942e-04
1.099626127116780269e-04
5.498130635583901209e-04
1.099626127116780269e-04
1.099626127116780269e-04
1.099626127116780269e-04
3.298878381350340942e-04
1.099626127116780269e-04
1.099626127116780269e-04
1.099626127116780269e-04
1.099626127116780269e-04
1.099626127116780269e-04
1.099626127116780269e-04
1.099626127116780269e-04
1.099626127116780269e-04
1.099626127116780269e-04
1.099626127116780269e-04
1.099626127116780269e-04
3.298878381350340942e-04
1.099626127116780269e-04
1.099626127116780269e-04
1.099626127116780269e-04
1.099626127116780269e-04
4.398504508467121076e-04
1.099626127116780269e-04
1.099626127116780269e-04
1.099626127116780269e-04
1.099626127116780269e-04
1.099626127116780269e-04
1.099626127116780269e-04
4.398504508467121076e-04
1.099626127116780269e-04
1.099626127116780269e-04
1.099626127116780269e-04
1.099626127116780269e-04
1.099626127116780269e-04
3.298878381350340942e-04
1.099626127116780269e-04
1.099626127116780269e-04
1.099626127116780269e-04
1.099626127116780269e-04
1.099626127116780269e-04
1.099626127116780269e-04
1.099626127116780269e-04
1.099626127116780269e-04
1.099626127116780269e-04
1.099626127116780269e-04
3.298878381350340942e-04
1.099626127116780269e-04
3.298878381350340942e-04
