2.727309843628791808e-02
2.562636943888730104e-02
2.226486479130091595e-02
2.274119136079696263e-02
2.216959947740170661e-02
2.128499299119476426e-02
2.097197838838307446e-02
1.856312687978878273e-02
1.215313218742770061e-02
1.171763360960274315e-02
1.243892812912532862e-02
1.194899222907225278e-02
1.054723118169817279e-02
1.012534193443024623e-02
8.805236870398344684e-03
9.376828753793600701e-03
9.022986159310823415e-03
9.172688795438152867e-03
8.505831598143687514e-03
8.478612937029627455e-03
8.914111514854584917e-03
8.165598334217939389e-03
7.403475823024265566e-03
7.417085153581295595e-03
7.417085153581295595e-03
7.144898542440697616e-03
6.872711931300099636e-03
6.600525320159501656e-03
6.763837286843860271e-03
6.695790634058710993e-03
6.450822684032172204e-03
6.559697328488411569e-03
6.423604022918113013e-03
6.137808081220485004e-03
5.743137495066617630e-03
6.083370758992364888e-03
6.042542767321275668e-03
5.416513561697900402e-03
5.620653520053348236e-03
5.470950883926019651e-03
5.157936281114331584e-03
5.266810925570570949e-03
5.307638917241661036e-03
4.926577661644823691e-03
5.008233644987002998e-03
5.389294900583840343e-03
4.872140339416704442e-03
4.912968331087793662e-03
4.858531008859674413e-03
4.967405653315913779e-03
4.518297744933926288e-03
4.776875025517495106e-03
4.790484356074524268e-03
4.559125736605016375e-03
4.613563058833135624e-03
4.627172389390165654e-03
4.599953728276106463e-03
4.028361844880850445e-03
3.824221886525401744e-03
4.069189836551939665e-03
4.041971175437880474e-03
3.837831217082431773e-03
3.960315192095701167e-03
3.865049878196491397e-03
3.742565903183222437e-03
3.851440547639461802e-03
3.797003225411342119e-03
3.647300589284013100e-03
3.402332639257474745e-03
3.674519250398072725e-03
3.483988622599654486e-03
3.579253936498863822e-03
3.211802011459056506e-03
3.225411342016086102e-03
3.034880714217667429e-03
3.157364689230936824e-03
3.034880714217667429e-03
2.953224730875488122e-03
3.266239333687175755e-03
3.116536697559847170e-03
2.966834061432518151e-03
2.966834061432518151e-03
2.871568747533308815e-03
2.966834061432518151e-03
2.939615400318458527e-03
2.912396739204398469e-03
2.939615400318458527e-03
2.708256780848950201e-03
2.544944814164591153e-03
2.585772805835680806e-03
2.694647450291920172e-03
2.517726153050531528e-03
2.286367533581023202e-03
2.490507491936471470e-03
2.408851508594292163e-03
2.368023516923202509e-03
2.517726153050531528e-03
2.408851508594292163e-03
2.504116822493501499e-03
2.245539541909933549e-03
2.299976864138053231e-03
2.408851508594292163e-03
2.272758203023993173e-03
2.286367533581023202e-03
2.299976864138053231e-03
2.245539541909933549e-03
2.327195525252112856e-03
1.878087616870126233e-03
2.327195525252112856e-03
2.136664897453694183e-03
2.150274228010724212e-03
2.191102219681813866e-03
1.796431633527946709e-03
2.027790252997455252e-03
2.163883558567754242e-03
2.068618244668544905e-03
2.068618244668544905e-03
2.000571591883395194e-03
1.973352930769335569e-03
2.027790252997455252e-03
2.014180922440425223e-03
1.850868955756066392e-03
2.055008914111514876e-03
1.755603641856857055e-03
1.986962261326365164e-03
1.905306277984185857e-03
1.810040964084976738e-03
1.946134269655275728e-03
1.986962261326365164e-03
1.932524939098245699e-03
1.891696947427156045e-03
1.878087616870126233e-03
1.959743600212305540e-03
1.823650294642006550e-03
1.850868955756066392e-03
1.660338327957647719e-03
1.878087616870126233e-03
1.741994311299827243e-03
1.551463683501408571e-03
1.687556989071707560e-03
1.660338327957647719e-03
1.673947658514677748e-03
1.537854352944378758e-03
1.728384980742797214e-03
1.497026361273288888e-03
1.660338327957647719e-03
1.592291675172498224e-03
1.578682344615468412e-03
1.578682344615468412e-03
1.565073014058438383e-03
1.633119666843587878e-03
1.605901005729528253e-03
1.565073014058438383e-03
1.510635691830318917e-03
1.524245022387348729e-03
1.292886402917840403e-03
1.483417030716259076e-03
1.524245022387348729e-03
1.497026361273288888e-03
1.347323725145960086e-03
1.442589039045169422e-03
1.428979708488139393e-03
1.456198369602199234e-03
1.360933055702989898e-03
1.415370377931109581e-03
1.333714394588930274e-03
1.292886402917840403e-03
1.428979708488139393e-03
1.184011758461601255e-03
1.265667741803780779e-03
1.388151716817049739e-03
1.374542386260019927e-03
1.347323725145960086e-03
1.333714394588930274e-03
1.360933055702989898e-03
1.224839750132690908e-03
1.197621089018631067e-03
1.102355775119421948e-03
1.184011758461601255e-03
1.184011758461601255e-03
1.211230419575661096e-03
1.129574436233481572e-03
1.115965105676451760e-03
1.156793097347541413e-03
1.102355775119421948e-03
1.143183766790511601e-03
1.115965105676451760e-03
1.238449080689720937e-03
1.102355775119421948e-03
1.143183766790511601e-03
1.102355775119421948e-03
1.143183766790511601e-03
1.075137114005362106e-03
1.115965105676451760e-03
1.075137114005362106e-03
1.020699791777242424e-03
1.047918452891302265e-03
9.526531389920929287e-04
1.061527783448332077e-03
1.061527783448332077e-03
1.007090461220212611e-03
1.020699791777242424e-03
9.254344778780331958e-04
1.020699791777242424e-03
9.934811306631825822e-04
9.254344778780331958e-04
9.254344778780331958e-04
1.007090461220212611e-03
9.390438084350631164e-04
1.007090461220212611e-03
9.934811306631825822e-04
9.934811306631825822e-04
8.165598334217939389e-04
9.934811306631825822e-04
9.390438084350631164e-04
8.982158167639733544e-04
8.573878250928837009e-04
8.437784945358537802e-04
7.349038500796146317e-04
9.934811306631825822e-04
8.709971556499136215e-04
8.846064862069434338e-04
8.846064862069434338e-04
8.982158167639733544e-04
8.573878250928837009e-04
8.846064862069434338e-04
8.709971556499136215e-04
9.254344778780331958e-04
8.709971556499136215e-04
8.301691639788238595e-04
8.573878250928837009e-04
8.301691639788238595e-04
8.709971556499136215e-04
7.621225111936743646e-04
8.437784945358537802e-04
8.029505028647641266e-04
7.893411723077342059e-04
8.029505028647641266e-04
8.709971556499136215e-04
8.437784945358537802e-04
8.573878250928837009e-04
8.165598334217939389e-04
8.573878250928837009e-04
7.893411723077342059e-04
7.485131806366444440e-04
7.757318417507042853e-04
6.940758584085248697e-04
7.349038500796146317e-04
7.621225111936743646e-04
7.485131806366444440e-04
8.301691639788238595e-04
7.485131806366444440e-04
7.212945195225847110e-04
6.804665278514949490e-04
7.621225111936743646e-04
7.621225111936743646e-04
7.212945195225847110e-04
7.621225111936743646e-04
7.621225111936743646e-04
6.940758584085248697e-04
7.076851889655547904e-04
7.076851889655547904e-04
6.940758584085248697e-04
6.260292056233753748e-04
6.940758584085248697e-04
6.532478667374352161e-04
6.532478667374352161e-04
6.668571972944651368e-04
6.668571972944651368e-04
6.940758584085248697e-04
5.852012139522857212e-04
6.396385361804052955e-04
6.260292056233753748e-04
6.532478667374352161e-04
7.076851889655547904e-04
6.124198750663454541e-04
6.260292056233753748e-04
6.260292056233753748e-04
6.124198750663454541e-04
4.899359000530763850e-04
6.124198750663454541e-04
6.396385361804052955e-04
5.988105445093155335e-04
6.260292056233753748e-04
5.988105445093155335e-04
5.852012139522857212e-04
5.171545611671362263e-04
5.443732222811959592e-04
5.715918833952558006e-04
5.988105445093155335e-04
6.260292056233753748e-04
5.988105445093155335e-04
5.988105445093155335e-04
5.307638917241660386e-04
5.443732222811959592e-04
5.715918833952558006e-04
6.124198750663454541e-04
5.715918833952558006e-04
5.443732222811959592e-04
5.852012139522857212e-04
5.171545611671362263e-04
5.715918833952558006e-04
5.307638917241660386e-04
5.307638917241660386e-04
4.899359000530763850e-04
4.627172389390165979e-04
5.171545611671362263e-04
5.715918833952558006e-04
4.899359000530763850e-04
5.443732222811959592e-04
4.899359000530763850e-04
5.307638917241660386e-04
5.035452306101063057e-04
5.443732222811959592e-04
5.443732222811959592e-04
5.171545611671362263e-04
4.354985778249568108e-04
4.627172389390165979e-04
4.627172389390165979e-04
4.899359000530763850e-04
4.899359000530763850e-04
4.627172389390165979e-04
4.899359000530763850e-04
5.171545611671362263e-04
4.354985778249568108e-04
4.763265694960464643e-04
5.171545611671362263e-04
4.491079083819866772e-04
4.082799167108969694e-04
4.763265694960464643e-04
3.810612555968371823e-04
5.171545611671362263e-04
4.627172389390165979e-04
4.627172389390165979e-04
5.035452306101063057e-04
4.627172389390165979e-04
4.491079083819866772e-04
4.899359000530763850e-04
4.899359000530763850e-04
4.082799167108969694e-04
4.218892472679268901e-04
4.899359000530763850e-04
4.763265694960464643e-04
4.627172389390165979e-04
4.218892472679268901e-04
4.354985778249568108e-04
4.354985778249568108e-04
4.082799167108969694e-04
4.491079083819866772e-04
4.354985778249568108e-04
4.627172389390165979e-04
4.082799167108969694e-04
4.627172389390165979e-04
4.354985778249568108e-04
3.402332639257474745e-04
2.449679500265381925e-04
4.082799167108969694e-04
4.082799167108969694e-04
4.491079083819866772e-04
3.946705861538671030e-04
4.082799167108969694e-04
3.674519250398073159e-04
4.354985778249568108e-04
4.082799167108969694e-04
3.674519250398073159e-04
4.082799167108969694e-04
4.082799167108969694e-04
3.946705861538671030e-04
3.946705861538671030e-04
3.402332639257474745e-04
4.218892472679268901e-04
3.946705861538671030e-04
3.674519250398073159e-04
3.810612555968371823e-04
3.674519250398073159e-04
4.082799167108969694e-04
2.721866111405979796e-04
4.082799167108969694e-04
3.810612555968371823e-04
3.946705861538671030e-04
3.674519250398073159e-04
2.313586194695082989e-04
3.946705861538671030e-04
3.674519250398073159e-04
3.674519250398073159e-04
3.538425944827773952e-04
2.994052722546577667e-04
3.266239333687176081e-04
3.402332639257474745e-04
3.266239333687176081e-04
3.810612555968371823e-04
3.402332639257474745e-04
3.538425944827773952e-04
3.266239333687176081e-04
3.266239333687176081e-04
3.266239333687176081e-04
3.402332639257474745e-04
3.674519250398073159e-04
3.266239333687176081e-04
3.674519250398073159e-04
3.538425944827773952e-04
2.857959416976279003e-04
3.402332639257474745e-04
2.994052722546577667e-04
3.538425944827773952e-04
2.449679500265381925e-04
3.266239333687176081e-04
3.402332639257474745e-04
3.402332639257474745e-04
3.402332639257474745e-04
2.994052722546577667e-04
3.266239333687176081e-04
3.130146028116876874e-04
3.266239333687176081e-04
3.266239333687176081e-04
3.266239333687176081e-04
2.994052722546577667e-04
3.402332639257474745e-04
2.721866111405979796e-04
3.266239333687176081e-04
3.266239333687176081e-04
2.449679500265381925e-04
3.130146028116876874e-04
2.857959416976279003e-04
2.994052722546577667e-04
3.130146028116876874e-04
3.130146028116876874e-04
2.585772805835681132e-04
2.449679500265381925e-04
2.994052722546577667e-04
2.994052722546577667e-04
2.721866111405979796e-04
2.994052722546577667e-04
2.994052722546577667e-04
2.857959416976279003e-04
2.857959416976279003e-04
2.721866111405979796e-04
2.994052722546577667e-04
2.585772805835681132e-04
2.857959416976279003e-04
2.449679500265381925e-04
2.585772805835681132e-04
2.313586194695082989e-04
2.994052722546577667e-04
2.041399583554484847e-04
2.721866111405979796e-04
2.721866111405979796e-04
2.721866111405979796e-04
2.177492889124784054e-04
2.721866111405979796e-04
2.449679500265381925e-04
1.905306277984185912e-04
2.449679500265381925e-04
2.721866111405979796e-04
2.313586194695082989e-04
2.177492889124784054e-04
2.721866111405979796e-04
2.585772805835681132e-04
2.721866111405979796e-04
2.585772805835681132e-04
2.449679500265381925e-04
2.449679500265381925e-04
2.585772805835681132e-04
2.449679500265381925e-04
2.585772805835681132e-04
2.449679500265381925e-04
2.449679500265381925e-04
2.313586194695082989e-04
2.177492889124784054e-04
2.177492889124784054e-04
2.177492889124784054e-04
2.177492889124784054e-04
1.769212972413886976e-04
2.313586194695082989e-04
2.177492889124784054e-04
2.449679500265381925e-04
2.313586194695082989e-04
1.769212972413886976e-04
2.177492889124784054e-04
2.177492889124784054e-04
2.177492889124784054e-04
2.041399583554484847e-04
2.449679500265381925e-04
2.041399583554484847e-04
2.313586194695082989e-04
1.360933055702989898e-04
2.041399583554484847e-04
2.449679500265381925e-04
2.449679500265381925e-04
2.313586194695082989e-04
2.449679500265381925e-04
2.313586194695082989e-04
2.177492889124784054e-04
2.313586194695082989e-04
2.177492889124784054e-04
1.905306277984185912e-04
2.041399583554484847e-04
2.041399583554484847e-04
2.041399583554484847e-04
2.041399583554484847e-04
2.041399583554484847e-04
2.313586194695082989e-04
1.905306277984185912e-04
1.905306277984185912e-04
1.224839750132690962e-04
2.177492889124784054e-04
1.769212972413886976e-04
1.633119666843588040e-04
2.177492889124784054e-04
1.905306277984185912e-04
2.177492889124784054e-04
1.905306277984185912e-04
1.905306277984185912e-04
1.633119666843588040e-04
1.905306277984185912e-04
2.177492889124784054e-04
1.769212972413886976e-04
1.905306277984185912e-04
2.177492889124784054e-04
2.177492889124784054e-04
2.177492889124784054e-04
2.177492889124784054e-04
2.177492889124784054e-04
2.041399583554484847e-04
2.177492889124784054e-04
2.177492889124784054e-04
2.177492889124784054e-04
2.177492889124784054e-04
1.905306277984185912e-04
1.769212972413886976e-04
1.633119666843588040e-04
1.497026361273288834e-04
2.041399583554484847e-04
1.905306277984185912e-04
2.041399583554484847e-04
2.041399583554484847e-04
1.905306277984185912e-04
1.769212972413886976e-04
1.905306277984185912e-04
1.769212972413886976e-04
1.497026361273288834e-04
1.633119666843588040e-04
1.905306277984185912e-04
1.905306277984185912e-04
1.360933055702989898e-04
1.905306277984185912e-04
1.905306277984185912e-04
1.905306277984185912e-04
1.497026361273288834e-04
1.633119666843588040e-04
1.497026361273288834e-04
1.497026361273288834e-04
1.905306277984185912e-04
1.905306277984185912e-04
1.633119666843588040e-04
1.360933055702989898e-04
1.769212972413886976e-04
1.769212972413886976e-04
1.497026361273288834e-04
1.224839750132690962e-04
1.633119666843588040e-04
1.633119666843588040e-04
1.497026361273288834e-04
1.497026361273288834e-04
1.769212972413886976e-04
1.769212972413886976e-04
1.633119666843588040e-04
1.633119666843588040e-04
1.360933055702989898e-04
1.497026361273288834e-04
1.497026361273288834e-04
1.360933055702989898e-04
1.633119666843588040e-04
1.633119666843588040e-04
1.633119666843588040e-04
1.633119666843588040e-04
1.633119666843588040e-04
1.633119666843588040e-04
1.633119666843588040e-04
1.360933055702989898e-04
1.497026361273288834e-04
1.633119666843588040e-04
9.526531389920929558e-05
1.497026361273288834e-04
1.633119666843588040e-04
2.721866111405980067e-05
1.633119666843588040e-04
1.633119666843588040e-04
1.360933055702989898e-04
1.360933055702989898e-04
1.633119666843588040e-04
1.497026361273288834e-04
1.633119666843588040e-04
1.360933055702989898e-04
1.497026361273288834e-04
1.497026361273288834e-04
1.633119666843588040e-04
1.360933055702989898e-04
1.360933055702989898e-04
1.497026361273288834e-04
1.497026361273288834e-04
1.497026361273288834e-04
1.224839750132690962e-04
1.360933055702989898e-04
1.224839750132690962e-04
1.497026361273288834e-04
1.088746444562392027e-04
1.224839750132690962e-04
1.360933055702989898e-04
9.526531389920929558e-05
1.360933055702989898e-04
1.497026361273288834e-04
1.497026361273288834e-04
1.360933055702989898e-04
1.360933055702989898e-04
1.360933055702989898e-04
1.360933055702989898e-04
1.360933055702989898e-04
1.360933055702989898e-04
1.360933055702989898e-04
1.224839750132690962e-04
1.360933055702989898e-04
1.088746444562392027e-04
1.360933055702989898e-04
1.360933055702989898e-04
1.360933055702989898e-04
1.224839750132690962e-04
8.165598334217940202e-05
1.360933055702989898e-04
1.360933055702989898e-04
1.360933055702989898e-04
1.360933055702989898e-04
1.360933055702989898e-04
1.088746444562392027e-04
1.360933055702989898e-04
1.360933055702989898e-04
1.088746444562392027e-04
1.360933055702989898e-04
9.526531389920929558e-05
1.088746444562392027e-04
1.360933055702989898e-04
1.360933055702989898e-04
1.088746444562392027e-04
1.224839750132690962e-04
1.360933055702989898e-04
1.360933055702989898e-04
1.224839750132690962e-04
1.224839750132690962e-04
1.088746444562392027e-04
1.088746444562392027e-04
1.224839750132690962e-04
1.224839750132690962e-04
1.088746444562392027e-04
6.804665278514949490e-05
9.526531389920929558e-05
1.224839750132690962e-04
6.804665278514949490e-05
1.088746444562392027e-04
1.224839750132690962e-04
1.224839750132690962e-04
1.088746444562392027e-04
1.088746444562392027e-04
1.224839750132690962e-04
1.088746444562392027e-04
1.088746444562392027e-04
1.088746444562392027e-04
1.088746444562392027e-04
8.165598334217940202e-05
9.526531389920929558e-05
1.088746444562392027e-04
1.088746444562392027e-04
1.088746444562392027e-04
8.165598334217940202e-05
1.088746444562392027e-04
9.526531389920929558e-05
1.088746444562392027e-04
9.526531389920929558e-05
8.165598334217940202e-05
1.088746444562392027e-04
1.088746444562392027e-04
8.165598334217940202e-05
1.088746444562392027e-04
1.088746444562392027e-04
1.088746444562392027e-04
1.088746444562392027e-04
1.088746444562392027e-04
1.088746444562392027e-04
5.443732222811960134e-05
6.804665278514949490e-05
1.088746444562392027e-04
1.088746444562392027e-04
1.088746444562392027e-04
8.165598334217940202e-05
1.088746444562392027e-04
1.088746444562392027e-04
9.526531389920929558e-05
1.088746444562392027e-04
1.088746444562392027e-04
1.088746444562392027e-04
1.088746444562392027e-04
1.088746444562392027e-04
1.088746444562392027e-04
1.088746444562392027e-04
9.526531389920929558e-05
1.088746444562392027e-04
9.526531389920929558e-05
9.526531389920929558e-05
1.088746444562392027e-04
1.088746444562392027e-04
9.526531389920929558e-05
1.088746444562392027e-04
9.526531389920929558e-05
1.088746444562392027e-04
9.526531389920929558e-05
1.088746444562392027e-04
1.088746444562392027e-04
1.088746444562392027e-04
8.165598334217940202e-05
8.165598334217940202e-05
9.526531389920929558e-05
9.526531389920929558e-05
9.526531389920929558e-05
9.526531389920929558e-05
2.721866111405980067e-05
9.526531389920929558e-05
6.804665278514949490e-05
9.526531389920929558e-05
6.804665278514949490e-05
9.526531389920929558e-05
6.804665278514949490e-05
8.165598334217940202e-05
9.526531389920929558e-05
9.526531389920929558e-05
9.526531389920929558e-05
9.526531389920929558e-05
8.165598334217940202e-05
8.165598334217940202e-05
8.165598334217940202e-05
8.165598334217940202e-05
8.165598334217940202e-05
4.082799167108970101e-05
5.443732222811960134e-05
8.165598334217940202e-05
6.804665278514949490e-05
8.165598334217940202e-05
8.165598334217940202e-05
6.804665278514949490e-05
8.165598334217940202e-05
8.165598334217940202e-05
5.443732222811960134e-05
8.165598334217940202e-05
5.443732222811960134e-05
5.443732222811960134e-05
5.443732222811960134e-05
8.165598334217940202e-05
6.804665278514949490e-05
8.165598334217940202e-05
6.804665278514949490e-05
8.165598334217940202e-05
8.165598334217940202e-05
8.165598334217940202e-05
8.165598334217940202e-05
8.165598334217940202e-05
8.165598334217940202e-05
6.804665278514949490e-05
8.165598334217940202e-05
8.165598334217940202e-05
8.165598334217940202e-05
5.443732222811960134e-05
8.165598334217940202e-05
5.443732222811960134e-05
8.165598334217940202e-05
5.443732222811960134e-05
8.165598334217940202e-05
8.165598334217940202e-05
5.443732222811960134e-05
8.165598334217940202e-05
5.443732222811960134e-05
6.804665278514949490e-05
8.165598334217940202e-05
8.165598334217940202e-05
6.804665278514949490e-05
8.165598334217940202e-05
8.165598334217940202e-05
5.443732222811960134e-05
5.443732222811960134e-05
8.165598334217940202e-05
5.443732222811960134e-05
5.443732222811960134e-05
8.165598334217940202e-05
8.165598334217940202e-05
6.804665278514949490e-05
6.804665278514949490e-05
6.804665278514949490e-05
6.804665278514949490e-05
0.000000000000000000e+00
6.804665278514949490e-05
6.804665278514949490e-05
5.443732222811960134e-05
6.804665278514949490e-05
6.804665278514949490e-05
5.443732222811960134e-05
6.804665278514949490e-05
5.443732222811960134e-05
6.804665278514949490e-05
6.804665278514949490e-05
6.804665278514949490e-05
6.804665278514949490e-05
6.804665278514949490e-05
6.804665278514949490e-05
6.804665278514949490e-05
6.804665278514949490e-05
6.804665278514949490e-05
4.082799167108970101e-05
5.443732222811960134e-05
6.804665278514949490e-05
5.443732222811960134e-05
6.804665278514949490e-05
6.804665278514949490e-05
6.804665278514949490e-05
5.443732222811960134e-05
6.804665278514949490e-05
5.443732222811960134e-05
5.443732222811960134e-05
5.443732222811960134e-05
2.721866111405980067e-05
5.443732222811960134e-05
5.443732222811960134e-05
2.721866111405980067e-05
5.443732222811960134e-05
5.443732222811960134e-05
5.443732222811960134e-05
5.443732222811960134e-05
5.443732222811960134e-05
2.721866111405980067e-05
5.443732222811960134e-05
5.443732222811960134e-05
5.443732222811960134e-05
5.443732222811960134e-05
5.443732222811960134e-05
5.443732222811960134e-05
5.443732222811960134e-05
5.443732222811960134e-05
4.082799167108970101e-05
4.082799167108970101e-05
2.721866111405980067e-05
5.443732222811960134e-05
5.443732222811960134e-05
5.443732222811960134e-05
5.443732222811960134e-05
5.443732222811960134e-05
5.443732222811960134e-05
2.721866111405980067e-05
5.443732222811960134e-05
5.443732222811960134e-05
5.443732222811960134e-05
5.443732222811960134e-05
5.443732222811960134e-05
5.443732222811960134e-05
5.443732222811960134e-05
5.443732222811960134e-05
5.443732222811960134e-05
5.443732222811960134e-05
5.443732222811960134e-05
5.443732222811960134e-05
5.443732222811960134e-05
5.443732222811960134e-05
4.082799167108970101e-05
2.721866111405980067e-05
2.721866111405980067e-05
2.721866111405980067e-05
5.443732222811960134e-05
5.443732222811960134e-05
5.443732222811960134e-05
5.443732222811960134e-05
4.082799167108970101e-05
4.082799167108970101e-05
5.443732222811960134e-05
4.082799167108970101e-05
5.443732222811960134e-05
2.721866111405980067e-05
2.721866111405980067e-05
5.443732222811960134e-05
5.443732222811960134e-05
5.443732222811960134e-05
5.443732222811960134e-05
4.082799167108970101e-05
5.443732222811960134e-05
5.443732222811960134e-05
4.082799167108970101e-05
5.443732222811960134e-05
2.721866111405980067e-05
5.443732222811960134e-05
5.443732222811960134e-05
2.721866111405980067e-05
5.443732222811960134e-05
5.443732222811960134e-05
5.443732222811960134e-05
5.443732222811960134e-05
0.000000000000000000e+00
