5.380844194666985734e-03
3.587229463111323859e-04
1.711108453904101323e-01
4.866674638287695615e-02
1.315317469807485325e-03
7.891904818844911948e-03
1.195743154370441323e-03
2.989357885926103089e-03
1.518593806050460432e-02
4.818844912112878187e-02
2.391486308740882482e-04
2.475188329546813490e-02
4.376419944995815076e-02
1.195743154370441241e-04
3.587229463111323859e-04
1.076168838933397104e-03
1.351189764438598569e-02
1.315317469807485325e-03
1.195743154370441241e-04
2.391486308740882482e-04
6.217864402726294183e-03
4.579696281238789662e-02
3.025230180557216333e-02
9.565945234963529930e-04
2.391486308740882482e-04
1.195743154370441241e-04
1.434891785244529544e-03
1.805572163099366384e-02
1.195743154370441241e-04
1.195743154370441241e-04
2.152337677866794207e-03
1.195743154370441241e-04
1.195743154370441241e-04
1.195743154370441241e-04
3.049145043644625047e-02
1.195743154370441241e-04
2.391486308740882482e-04
1.195743154370441241e-04
1.195743154370441241e-04
1.793614731555661767e-03
6.935310295348559063e-03
1.554466100681573546e-03
1.195743154370441241e-04
4.065526724859500410e-03
3.587229463111323859e-04
1.195743154370441241e-04
3.348080832237235530e-03
1.195743154370441241e-04
1.195743154370441241e-04
5.978715771852206613e-04
1.195743154370441241e-04
1.195743154370441241e-04
2.582805213440153222e-02
7.174458926222647718e-04
3.228506516800191527e-03
8.609350711467176828e-03
1.195743154370441241e-04
2.391486308740882482e-04
4.782972617481764965e-04
1.195743154370441241e-04
1.195743154370441241e-04
1.195743154370441241e-04
1.195743154370441323e-03
1.195743154370441241e-04
1.195743154370441241e-04
7.652756187970823944e-03
4.065526724859500410e-03
2.032763362429750205e-03
1.195743154370441241e-04
1.195743154370441241e-04
7.174458926222647068e-03
1.195743154370441241e-04
1.195743154370441241e-04
1.434891785244529544e-03
1.195743154370441241e-04
2.391486308740882482e-04
1.554466100681573546e-03
1.195743154370441241e-04
4.543823986607676418e-03
1.195743154370441241e-04
3.228506516800191527e-03
1.195743154370441241e-04
1.195743154370441241e-04
1.769699868468253140e-02
1.195743154370441241e-04
1.195743154370441241e-04
2.152337677866794207e-03
1.195743154370441241e-04
1.195743154370441241e-04
1.195743154370441241e-04
1.195743154370441241e-04
1.195743154370441241e-04
1.195743154370441241e-04
1.195743154370441241e-04
1.674040416118617765e-03
1.195743154370441241e-04
1.195743154370441241e-04
1.793614731555661767e-03
1.195743154370441241e-04
1.195743154370441241e-04
5.978715771852206613e-04
8.370202080593088824e-04
1.195743154370441241e-04
1.195743154370441241e-04
1.195743154370441241e-04
1.554466100681573546e-03
1.195743154370441241e-04
4.663398302044720854e-03
1.195743154370441241e-04
1.195743154370441241e-04
1.195743154370441241e-04
9.924668181274663020e-03
1.195743154370441241e-04
1.195743154370441241e-04
1.195743154370441241e-04
1.195743154370441241e-04
1.195743154370441241e-04
1.195743154370441241e-04
1.052253975845988260e-02
3.945952409422455974e-03
1.195743154370441241e-04
8.728925026904220397e-03
1.195743154370441241e-04
1.195743154370441241e-04
1.195743154370441241e-04
1.195743154370441241e-04
1.195743154370441241e-04
1.195743154370441241e-04
1.195743154370441241e-04
1.195743154370441241e-04
1.135955996651919105e-02
1.195743154370441241e-04
1.195743154370441241e-04
2.032763362429750205e-03
1.195743154370441241e-04
1.195743154370441241e-04
1.195743154370441241e-04
1.195743154370441241e-04
3.587229463111323859e-04
2.391486308740882482e-04
7.294033241659691504e-03
4.782972617481764965e-04
1.195743154370441241e-04
1.195743154370441241e-04
1.195743154370441241e-04
1.195743154370441241e-04
1.195743154370441241e-04
1.195743154370441241e-04
2.391486308740882645e-03
1.195743154370441241e-04
1.195743154370441241e-04
1.195743154370441241e-04
1.195743154370441241e-04
1.195743154370441241e-04
1.195743154370441241e-04
1.195743154370441241e-04
1.195743154370441241e-04
1.195743154370441241e-04
1.195743154370441241e-04
1.195743154370441241e-04
4.543823986607676418e-03
1.195743154370441241e-04
1.195743154370441241e-04
1.195743154370441241e-04
1.195743154370441241e-04
1.195743154370441241e-04
1.195743154370441241e-04
1.195743154370441241e-04
1.195743154370441241e-04
8.370202080593088824e-04
1.195743154370441241e-04
3.945952409422455974e-03
3.587229463111323859e-04
1.195743154370441241e-04
1.195743154370441241e-04
1.195743154370441241e-04
4.543823986607676418e-03
1.195743154370441241e-04
1.195743154370441241e-04
1.195743154370441241e-04
1.195743154370441241e-04
1.195743154370441241e-04
3.587229463111323859e-04
9.207222288652398140e-03
4.543823986607676418e-03
5.978715771852206613e-04
1.195743154370441241e-04
1.195743154370441241e-04
1.195743154370441241e-04
5.978715771852206613e-04
1.195743154370441241e-04
1.195743154370441241e-04
8.370202080593087957e-03
1.195743154370441241e-04
1.195743154370441241e-04
1.195743154370441241e-04
1.195743154370441323e-03
1.195743154370441241e-04
1.195743154370441241e-04
1.195743154370441241e-04
1.195743154370441241e-04
3.945952409422455974e-03
5.022121248355853294e-03
8.370202080593088824e-04
2.391486308740882482e-04
1.195743154370441241e-04
2.391486308740882482e-04
1.195743154370441241e-04
1.195743154370441241e-04
1.195743154370441241e-04
2.152337677866794207e-03
1.195743154370441241e-04
1.195743154370441241e-04
1.195743154370441241e-04
1.195743154370441241e-04
4.424249671170632850e-03
2.630634939614970649e-03
6.337438718163338619e-03
1.195743154370441241e-04
1.195743154370441241e-04
3.587229463111323859e-04
1.195743154370441241e-04
2.869783570489059087e-03
1.195743154370441323e-03
3.945952409422455974e-03
1.195743154370441241e-04
1.195743154370441241e-04
3.467655147674279532e-03
1.195743154370441241e-04
1.195743154370441241e-04
1.195743154370441241e-04
2.630634939614970649e-03
4.782972617481764965e-04
1.195743154370441241e-04
3.587229463111323859e-04
8.370202080593087957e-03
1.195743154370441241e-04
5.978715771852206613e-04
1.076168838933397104e-03
1.195743154370441241e-04
1.195743154370441241e-04
1.195743154370441241e-04
1.195743154370441241e-04
1.195743154370441241e-04
2.391486308740882482e-04
1.195743154370441241e-04
4.424249671170632850e-03
1.195743154370441241e-04
1.195743154370441241e-04
1.195743154370441241e-04
1.076168838933397104e-03
8.370202080593088824e-04
3.587229463111323859e-04
1.195743154370441241e-04
1.195743154370441241e-04
1.195743154370441241e-04
1.195743154370441241e-04
1.195743154370441241e-04
1.195743154370441241e-04
1.195743154370441241e-04
1.195743154370441241e-04
1.195743154370441241e-04
1.195743154370441241e-04
1.195743154370441241e-04
1.195743154370441241e-04
5.978715771852206613e-04
1.913189046992705986e-03
1.195743154370441241e-04
1.195743154370441241e-04
1.195743154370441241e-04
1.793614731555661767e-03
1.195743154370441241e-04
1.674040416118617765e-03
1.195743154370441241e-04
1.195743154370441241e-04
2.271911993303838209e-03
1.195743154370441241e-04
3.108932201363147092e-03
1.195743154370441241e-04
1.195743154370441241e-04
5.978715771852206613e-04
1.554466100681573546e-03
1.076168838933397104e-03
1.195743154370441241e-04
3.587229463111323859e-04
1.195743154370441241e-04
1.195743154370441241e-04
1.195743154370441241e-04
1.195743154370441241e-04
1.195743154370441323e-03
5.500418510104029303e-03
1.195743154370441241e-04
1.195743154370441241e-04
1.195743154370441241e-04
1.195743154370441241e-04
8.370202080593088824e-04
1.195743154370441241e-04
1.195743154370441241e-04
1.195743154370441241e-04
1.195743154370441241e-04
1.195743154370441241e-04
1.195743154370441241e-04
1.195743154370441241e-04
1.195743154370441241e-04
4.782972617481764965e-04
1.195743154370441241e-04
5.978715771852206613e-04
1.195743154370441241e-04
1.195743154370441241e-04
1.195743154370441241e-04
1.195743154370441241e-04
5.261269879229941299e-03
1.195743154370441241e-04
1.195743154370441241e-04
1.195743154370441241e-04
1.195743154370441241e-04
1.195743154370441241e-04
5.978715771852206613e-04
1.195743154370441241e-04
1.195743154370441241e-04
7.174458926222647718e-04
1.195743154370441241e-04
4.782972617481764965e-04
1.195743154370441241e-04
3.587229463111323859e-04
1.554466100681573546e-03
1.195743154370441241e-04
1.195743154370441241e-04
1.195743154370441241e-04
1.195743154370441241e-04
1.195743154370441241e-04
1.195743154370441241e-04
3.587229463111323859e-04
1.195743154370441241e-04
9.565945234963529930e-04
1.195743154370441241e-04
1.195743154370441241e-04
1.195743154370441241e-04
1.195743154370441241e-04
1.195743154370441241e-04
3.587229463111323859e-04
1.195743154370441241e-04
1.195743154370441241e-04
1.195743154370441241e-04
1.195743154370441241e-04
1.195743154370441241e-04
1.195743154370441241e-04
3.587229463111323859e-04
1.195743154370441241e-04
1.195743154370441241e-04
3.587229463111323859e-04
2.152337677866794207e-03
3.587229463111323859e-04
1.195743154370441241e-04
1.195743154370441241e-04
1.195743154370441241e-04
1.195743154370441241e-04
1.195743154370441241e-04
1.195743154370441241e-04
1.195743154370441241e-04
1.195743154370441241e-04
1.195743154370441241e-04
1.195743154370441241e-04
1.195743154370441241e-04
1.195743154370441241e-04
1.195743154370441241e-04
1.195743154370441241e-04
1.195743154370441241e-04
1.195743154370441241e-04
1.195743154370441241e-04
1.195743154370441241e-04
1.195743154370441241e-04
3.945952409422455974e-03
1.195743154370441241e-04
1.195743154370441241e-04
1.195743154370441323e-03
1.195743154370441241e-04
3.587229463111323859e-04
1.195743154370441241e-04
1.195743154370441241e-04
1.195743154370441241e-04
1.195743154370441241e-04
2.391486308740882482e-04
1.195743154370441241e-04
9.565945234963529930e-04
1.195743154370441241e-04
1.195743154370441241e-04
1.195743154370441241e-04
1.195743154370441241e-04
1.195743154370441241e-04
1.195743154370441241e-04
1.195743154370441241e-04
1.195743154370441241e-04
1.195743154370441241e-04
1.195743154370441241e-04
3.945952409422455974e-03
1.195743154370441241e-04
1.195743154370441241e-04
1.195743154370441241e-04
1.195743154370441241e-04
1.195743154370441241e-04
2.630634939614970649e-03
1.195743154370441241e-04
1.195743154370441241e-04
1.195743154370441241e-04
1.195743154370441241e-04
1.195743154370441241e-04
1.195743154370441241e-04
1.195743154370441241e-04
8.370202080593088824e-04
1.195743154370441241e-04
1.195743154370441241e-04
1.195743154370441241e-04
1.195743154370441241e-04
1.195743154370441241e-04
1.195743154370441241e-04
1.195743154370441241e-04
1.195743154370441241e-04
1.195743154370441241e-04
1.195743154370441241e-04
1.195743154370441241e-04
1.195743154370441241e-04
1.195743154370441241e-04
1.195743154370441241e-04
1.195743154370441241e-04
1.195743154370441241e-04
1.195743154370441241e-04
1.195743154370441241e-04
1.195743154370441241e-04
1.195743154370441241e-04
1.195743154370441241e-04
1.195743154370441241e-04
1.195743154370441241e-04
1.195743154370441241e-04
1.195743154370441241e-04
1.076168838933397104e-03
1.195743154370441241e-04
1.195743154370441241e-04
1.195743154370441241e-04
1.195743154370441241e-04
1.195743154370441241e-04
1.195743154370441241e-04
1.195743154370441241e-04
1.195743154370441241e-04
1.195743154370441241e-04
1.195743154370441241e-04
1.195743154370441241e-04
1.195743154370441241e-04
2.869783570489059087e-03
1.195743154370441241e-04
1.195743154370441241e-04
1.195743154370441241e-04
1.195743154370441323e-03
1.195743154370441241e-04
1.195743154370441241e-04
1.195743154370441241e-04
1.195743154370441241e-04
1.195743154370441241e-04
1.195743154370441241e-04
1.195743154370441241e-04
1.195743154370441241e-04
1.195743154370441241e-04
1.195743154370441241e-04
2.750209255052014651e-03
1.195743154370441241e-04
1.195743154370441241e-04
2.391486308740882482e-04
5.978715771852206613e-04
1.195743154370441241e-04
1.076168838933397104e-03
1.195743154370441241e-04
1.195743154370441241e-04
2.391486308740882645e-03
1.195743154370441241e-04
1.195743154370441241e-04
1.195743154370441241e-04
1.195743154370441241e-04
1.195743154370441241e-04
1.195743154370441241e-04
5.978715771852206613e-04
1.195743154370441241e-04
1.195743154370441241e-04
1.195743154370441241e-04
1.195743154370441323e-03
1.195743154370441241e-04
1.195743154370441241e-04
1.195743154370441241e-04
1.195743154370441241e-04
1.195743154370441241e-04
5.978715771852206613e-04
3.587229463111323859e-04
1.195743154370441241e-04
1.195743154370441241e-04
8.370202080593088824e-04
2.391486308740882645e-03
1.195743154370441241e-04
1.195743154370441241e-04
1.195743154370441241e-04
1.195743154370441241e-04
1.195743154370441241e-04
1.195743154370441241e-04
1.195743154370441241e-04
1.195743154370441241e-04
1.195743154370441241e-04
1.195743154370441241e-04
1.913189046992705986e-03
1.195743154370441241e-04
1.195743154370441241e-04
1.195743154370441241e-04
1.195743154370441241e-04
1.195743154370441241e-04
1.195743154370441241e-04
1.076168838933397104e-03
1.195743154370441241e-04
1.195743154370441241e-04
1.195743154370441241e-04
1.195743154370441241e-04
1.195743154370441241e-04
1.195743154370441241e-04
1.195743154370441241e-04
1.195743154370441241e-04
1.195743154370441241e-04
1.195743154370441241e-04
1.195743154370441241e-04
1.195743154370441241e-04
1.195743154370441241e-04
2.152337677866794207e-03
1.195743154370441241e-04
8.370202080593088824e-04
1.195743154370441241e-04
1.195743154370441241e-04
1.195743154370441241e-04
1.195743154370441241e-04
1.195743154370441241e-04
1.195743154370441241e-04
4.782972617481764965e-04
1.195743154370441241e-04
1.195743154370441241e-04
1.195743154370441241e-04
3.587229463111323859e-04
1.195743154370441241e-04
1.195743154370441241e-04
1.195743154370441241e-04
1.195743154370441241e-04
1.195743154370441241e-04
1.195743154370441241e-04
1.195743154370441241e-04
1.195743154370441241e-04
1.195743154370441241e-04
1.195743154370441241e-04
1.195743154370441241e-04
2.391486308740882482e-04
1.195743154370441241e-04
5.978715771852206613e-04
1.195743154370441241e-04
1.195743154370441241e-04
1.195743154370441241e-04
1.195743154370441241e-04
1.195743154370441241e-04
9.565945234963529930e-04
1.195743154370441241e-04
1.195743154370441241e-04
1.195743154370441241e-04
1.195743154370441241e-04
1.195743154370441241e-04
1.195743154370441241e-04
1.195743154370441241e-04
1.195743154370441241e-04
1.195743154370441241e-04
1.195743154370441241e-04
1.195743154370441241e-04
1.195743154370441241e-04
1.195743154370441241e-04
1.195743154370441241e-04
1.195743154370441241e-04
5.978715771852206613e-04
1.195743154370441241e-04
1.195743154370441241e-04
1.195743154370441241e-04
1.195743154370441241e-04
1.076168838933397104e-03
3.587229463111323859e-04
1.195743154370441241e-04
8.370202080593088824e-04
1.195743154370441241e-04
1.195743154370441241e-04
3.587229463111323859e-04
1.195743154370441241e-04
1.195743154370441241e-04
8.370202080593088824e-04
1.195743154370441241e-04
1.195743154370441241e-04
1.195743154370441241e-04
1.195743154370441241e-04
1.195743154370441241e-04
1.195743154370441241e-04
1.195743154370441241e-04
1.195743154370441241e-04
1.195743154370441241e-04
1.195743154370441241e-04
1.195743154370441241e-04
1.195743154370441241e-04
1.195743154370441241e-04
1.195743154370441241e-04
1.195743154370441241e-04
1.195743154370441241e-04
1.195743154370441241e-04
1.195743154370441241e-04
1.195743154370441241e-04
1.195743154370441241e-04
1.195743154370441241e-04
1.195743154370441241e-04
1.195743154370441241e-04
1.315317469807485325e-03
4.782972617481764965e-04
1.554466100681573546e-03
1.195743154370441323e-03
1.195743154370441323e-03
1.195743154370441241e-04
1.554466100681573546e-03
1.195743154370441241e-04
1.076168838933397104e-03
1.195743154370441241e-04
1.195743154370441241e-04
1.195743154370441241e-04
1.195743154370441323e-03
1.195743154370441241e-04
1.195743154370441241e-04
1.195743154370441241e-04
1.195743154370441241e-04
1.434891785244529544e-03
1.076168838933397104e-03
1.195743154370441241e-04
1.195743154370441323e-03
1.195743154370441241e-04
1.195743154370441241e-04
9.565945234963529930e-04
1.195743154370441241e-04
1.195743154370441241e-04
1.195743154370441241e-04
1.195743154370441241e-04
1.195743154370441241e-04
1.195743154370441241e-04
1.195743154370441241e-04
1.195743154370441241e-04
1.195743154370441241e-04
1.195743154370441241e-04
1.195743154370441241e-04
1.195743154370441241e-04
1.195743154370441241e-04
1.195743154370441241e-04
1.195743154370441241e-04
1.195743154370441323e-03
1.195743154370441241e-04
1.195743154370441241e-04
9.565945234963529930e-04
1.195743154370441241e-04
1.195743154370441241e-04
1.195743154370441241e-04
1.195743154370441241e-04
1.195743154370441241e-04
1.195743154370441241e-04
1.195743154370441241e-04
1.195743154370441241e-04
1.195743154370441323e-03
1.195743154370441323e-03
1.195743154370441323e-03
1.195743154370441241e-04
1.195743154370441241e-04
1.195743154370441241e-04
1.195743154370441241e-04
1.195743154370441241e-04
1.195743154370441323e-03
1.195743154370441241e-04
1.076168838933397104e-03
1.195743154370441241e-04
1.195743154370441241e-04
1.195743154370441241e-04
1.195743154370441241e-04
1.195743154370441241e-04
1.195743154370441241e-04
1.195743154370441241e-04
1.076168838933397104e-03
1.195743154370441241e-04
2.391486308740882482e-04
1.195743154370441241e-04
1.195743154370441241e-04
1.195743154370441241e-04
1.195743154370441241e-04
1.195743154370441241e-04
1.195743154370441241e-04
1.195743154370441241e-04
1.195743154370441241e-04
1.195743154370441241e-04
1.195743154370441241e-04
1.195743154370441241e-04
1.195743154370441241e-04
1.195743154370441241e-04
9.565945234963529930e-04
1.195743154370441241e-04
1.195743154370441241e-04
1.195743154370441241e-04
1.195743154370441241e-04
5.978715771852206613e-04
1.076168838933397104e-03
1.195743154370441241e-04
1.195743154370441241e-04
1.195743154370441241e-04
1.195743154370441241e-04
1.195743154370441241e-04
1.195743154370441241e-04
1.195743154370441241e-04
1.195743154370441241e-04
1.195743154370441241e-04
1.195743154370441241e-04
1.195743154370441241e-04
1.195743154370441241e-04
1.195743154370441241e-04
1.195743154370441241e-04
1.195743154370441241e-04
1.195743154370441241e-04
1.195743154370441241e-04
1.195743154370441241e-04
1.195743154370441241e-04
1.195743154370441241e-04
1.195743154370441241e-04
1.195743154370441241e-04
1.195743154370441241e-04
1.195743154370441241e-04
1.195743154370441241e-04
1.195743154370441241e-04
1.195743154370441241e-04
1.195743154370441241e-04
1.195743154370441241e-04
1.076168838933397104e-03
1.195743154370441241e-04
1.195743154370441241e-04
1.195743154370441241e-04
1.195743154370441241e-04
1.195743154370441241e-04
1.195743154370441241e-04
1.195743154370441241e-04
1.076168838933397104e-03
1.195743154370441241e-04
9.565945234963529930e-04
3.587229463111323859e-04
1.195743154370441241e-04
1.195743154370441241e-04
1.195743154370441241e-04
1.195743154370441241e-04
1.195743154370441241e-04
1.195743154370441241e-04
1.195743154370441241e-04
1.195743154370441241e-04
1.195743154370441241e-04
1.195743154370441241e-04
1.195743154370441241e-04
1.195743154370441241e-04
1.195743154370441241e-04
1.195743154370441241e-04
1.195743154370441241e-04
1.195743154370441241e-04
1.195743154370441241e-04
1.195743154370441241e-04
1.195743154370441241e-04
1.195743154370441241e-04
7.174458926222647718e-04
1.195743154370441241e-04
1.195743154370441241e-04
1.195743154370441241e-04
4.782972617481764965e-04
1.195743154370441241e-04
8.370202080593088824e-04
1.195743154370441241e-04
1.195743154370441241e-04
1.195743154370441241e-04
1.195743154370441241e-04
1.195743154370441241e-04
1.195743154370441241e-04
1.195743154370441241e-04
1.195743154370441241e-04
1.195743154370441241e-04
1.195743154370441241e-04
1.195743154370441241e-04
1.195743154370441241e-04
1.195743154370441241e-04
1.195743154370441241e-04
1.195743154370441241e-04
1.195743154370441241e-04
1.195743154370441241e-04
1.195743154370441241e-04
1.195743154370441241e-04
1.195743154370441241e-04
1.195743154370441241e-04
1.195743154370441241e-04
1.195743154370441241e-04
1.195743154370441241e-04
1.195743154370441241e-04
1.195743154370441241e-04
1.195743154370441241e-04
7.174458926222647718e-04
1.195743154370441241e-04
1.195743154370441241e-04
1.195743154370441241e-04
1.195743154370441241e-04
1.195743154370441241e-04
1.195743154370441241e-04
1.195743154370441241e-04
1.195743154370441241e-04
1.195743154370441241e-04
1.195743154370441241e-04
1.195743154370441241e-04
1.195743154370441241e-04
1.195743154370441241e-04
1.195743154370441241e-04
1.195743154370441241e-04
1.195743154370441241e-04
1.195743154370441241e-04
1.195743154370441241e-04
1.195743154370441241e-04
1.195743154370441241e-04
1.195743154370441241e-04
1.195743154370441241e-04
1.195743154370441241e-04
1.195743154370441241e-04
1.195743154370441241e-04
1.195743154370441241e-04
1.195743154370441241e-04
1.195743154370441241e-04
1.195743154370441241e-04
1.195743154370441241e-04
1.195743154370441241e-04
1.195743154370441241e-04
1.195743154370441241e-04
1.195743154370441241e-04
1.195743154370441241e-04
1.195743154370441241e-04
1.195743154370441241e-04
1.195743154370441241e-04
1.195743154370441241e-04
1.195743154370441241e-04
1.195743154370441241e-04
1.195743154370441241e-04
1.195743154370441241e-04
1.195743154370441241e-04
1.195743154370441241e-04
1.195743154370441241e-04
1.195743154370441241e-04
1.195743154370441241e-04
1.195743154370441241e-04
1.195743154370441241e-04
1.195743154370441241e-04
1.195743154370441241e-04
1.195743154370441241e-04
1.195743154370441241e-04
3.587229463111323859e-04
1.195743154370441241e-04
1.195743154370441241e-04
1.195743154370441241e-04
1.195743154370441241e-04
1.195743154370441241e-04
1.195743154370441241e-04
5.978715771852206613e-04
1.195743154370441241e-04
3.587229463111323859e-04
1.195743154370441241e-04
4.782972617481764965e-04
1.195743154370441241e-04
1.195743154370441241e-04
1.195743154370441241e-04
1.195743154370441241e-04
1.195743154370441241e-04
1.195743154370441241e-04
1.195743154370441241e-04
1.195743154370441241e-04
1.195743154370441241e-04
1.195743154370441241e-04
1.195743154370441241e-04
1.195743154370441241e-04
1.195743154370441241e-04
1.195743154370441241e-04
1.195743154370441241e-04
1.195743154370441241e-04
1.195743154370441241e-04
1.195743154370441241e-04
1.195743154370441241e-04
1.195743154370441241e-04
2.391486308740882482e-04
1.195743154370441241e-04
4.782972617481764965e-04
1.195743154370441241e-04
1.195743154370441241e-04
1.195743154370441241e-04
5.978715771852206613e-04
1.195743154370441241e-04
1.195743154370441241e-04
1.195743154370441241e-04
1.195743154370441241e-04
1.195743154370441241e-04
1.195743154370441241e-04
