3.833213624163610972e-02
8.316637054398367092e-04
2.821986164140173267e-02
2.574377197293312505e-02
2.580047631648584375e-02
2.948625864741239236e-02
1.619854080822591066e-02
2.343779533512267005e-02
1.525346841568064188e-02
1.663327410879673549e-02
1.572600461195327454e-02
5.254602502551695281e-03
1.313650625637923820e-02
1.438400181453899397e-02
1.270177295580841512e-02
1.043359921369976968e-02
1.073602237931425493e-02
1.135977015839413282e-02
6.993535704834990879e-04
1.020678183948890531e-03
1.166219332400861980e-02
6.823422674176841951e-03
2.646202699126752969e-04
9.526329716856310470e-03
1.013117604808528270e-02
8.430045741503799928e-03
9.034892072732772159e-03
2.268173742108645595e-04
9.299512342645446100e-03
6.596605299965977581e-03
8.297735606547462089e-03
9.167202207689108262e-03
7.787396514573016390e-03
8.581257324311041684e-03
1.077382527501606624e-03
2.079159263599591773e-04
9.639738403961743305e-04
4.536347484217291190e-04
7.371564661853098090e-03
7.636184931765772899e-03
7.541677692511246367e-03
6.180773447246059281e-03
5.840547385929761859e-03
6.899028465580463697e-03
4.290628662155520842e-03
7.182550183344044159e-03
5.670434355271613988e-05
5.103390919744452657e-04
6.747816882773220205e-03
1.890144785090537951e-04
3.402260613162968257e-04
7.560579140362151803e-04
7.938608097380259448e-04
3.610176539522927299e-03
6.804521226325936298e-03
6.596605299965977581e-03
5.689335803122519235e-03
1.890144785090537883e-05
2.702907042679469386e-03
2.192567950705024121e-03
1.984652024345064970e-03
4.271727214304616056e-03
2.551695459872226329e-03
5.311306846104411374e-03
1.852341889388727132e-03
4.479643140664574773e-03
3.534570748119305987e-03
3.931501152988318634e-03
5.065588024042641350e-03
3.005330208293955502e-03
4.498544588515480426e-03
4.706460514875439143e-03
2.835217177635806791e-04
2.457188220617699146e-04
1.890144785090537883e-05
2.854118625486712444e-03
4.441840244962764334e-03
4.422938797111858680e-03
4.007106944391940380e-03
3.799191018031981230e-03
4.252825766453710403e-03
3.969304048690129941e-03
3.780289570181075766e-05
3.950402600839224287e-03
4.120515631497372565e-03
3.213246134653914652e-03
4.101614183646466912e-03
6.426492269307828870e-04
3.855895361584697322e-03
2.438286772766794144e-03
3.213246134653914652e-03
1.134086871054322798e-04
3.780289570181075766e-05
2.570596907723131548e-03
3.118738895399387687e-03
1.890144785090537883e-05
3.553472195970211207e-03
3.005330208293955502e-03
3.156541791101198560e-03
1.512115828072430306e-04
2.646202699126752969e-04
3.099837447548482033e-03
2.532794012021320675e-03
3.080935999697576814e-03
1.871243337239632569e-03
2.967527312592144629e-03
3.024231656144860721e-03
2.287075189959551086e-03
2.589498355574036768e-03
3.062034551846671594e-03
2.816315729784901571e-03
3.043133103995765941e-03
2.287075189959551086e-03
1.852341889388727132e-03
2.419385324915888490e-03
4.158318527199183546e-04
2.627301251275847641e-03
2.627301251275847641e-03
2.154765055003213248e-03
5.670434355271613988e-05
2.740709938381279825e-03
2.873020073337617664e-03
2.702907042679469386e-03
1.323101349563376484e-04
2.778512834083090698e-03
2.476089668468604583e-03
2.759611386232185479e-03
2.551695459872226329e-03
2.551695459872226329e-03
2.457188220617699363e-03
2.419385324915888490e-03
2.438286772766794144e-03
2.759611386232185479e-03
1.625524515177862546e-03
1.890144785090537883e-05
2.532794012021320675e-03
2.438286772766794144e-03
2.098060711450497155e-03
2.192567950705024121e-03
5.670434355271613988e-05
1.795637545836011040e-03
1.625524515177862546e-03
2.173666502854118467e-03
2.135863607152308028e-03
1.890144785090537883e-05
1.776736097985105603e-03
6.426492269307828870e-04
2.173666502854118467e-03
2.079159263599591936e-03
2.135863607152308028e-03
2.305976637810456305e-03
9.072694968434582381e-04
2.135863607152308028e-03
3.591275091672022080e-04
1.965750576494159317e-03
3.780289570181075766e-05
1.890144785090537883e-05
2.003553472195970190e-03
2.646202699126752969e-04
1.720031754432389511e-03
1.871243337239632569e-03
1.701130306581484074e-03
2.003553472195970190e-03
1.890144785090538005e-03
1.871243337239632569e-03
1.871243337239632569e-03
1.228594110308849682e-03
1.039579631799795968e-03
1.890144785090537883e-05
3.780289570181075766e-05
1.663327410879673418e-03
1.247495558159755118e-03
1.644425963028767982e-03
1.701130306581484074e-03
1.342002797414281867e-03
1.814538993686916476e-03
2.457188220617699146e-04
1.890144785090537883e-05
1.512115828072430306e-04
1.209692662457944245e-03
1.644425963028767982e-03
2.268173742108645595e-04
1.568820171625146453e-03
1.360904245265187303e-03
3.780289570181075766e-05
1.455411484519714268e-03
6.993535704834990879e-04
1.455411484519714268e-03
1.190791214607038809e-03
1.304199901712471210e-03
1.625524515177862546e-03
1.398707140966998176e-03
1.077382527501606624e-03
7.749593618871205083e-04
1.285298453861565774e-03
1.398707140966998176e-03
1.266397006010660338e-03
1.455411484519714268e-03
1.587721619476051890e-03
1.587721619476051890e-03
1.474312932370619488e-03
1.379805693116092739e-03
1.379805693116092739e-03
3.213246134653914435e-04
1.171889766756133589e-03
1.304199901712471210e-03
1.001776736097985095e-03
1.247495558159755118e-03
1.890144785090537883e-05
1.266397006010660338e-03
1.247495558159755118e-03
1.474312932370619488e-03
1.890144785090537883e-05
1.096283975352512060e-03
1.323101349563376647e-03
1.096283975352512060e-03
1.001776736097985095e-03
1.190791214607038809e-03
1.209692662457944245e-03
1.398707140966998176e-03
1.039579631799795968e-03
1.228594110308849682e-03
1.209692662457944245e-03
1.890144785090537883e-05
1.058481079650701187e-03
1.020678183948890531e-03
1.134086871054322716e-03
1.304199901712471210e-03
1.304199901712471210e-03
1.890144785090537883e-05
1.115185423203417280e-03
1.115185423203417280e-03
1.115185423203417280e-03
7.182550183344044159e-04
1.152988318905228153e-03
7.371564661853097439e-04
1.001776736097985095e-03
1.001776736097985095e-03
1.077382527501606624e-03
1.701130306581484129e-04
1.890144785090537883e-05
1.171889766756133589e-03
8.694666011416474737e-04
6.804521226325936515e-04
6.615506747816883235e-04
6.426492269307828870e-04
1.096283975352512060e-03
1.115185423203417280e-03
6.804521226325936515e-04
1.020678183948890531e-03
1.096283975352512060e-03
1.152988318905228153e-03
1.512115828072430306e-04
1.001776736097985095e-03
1.039579631799795968e-03
1.001776736097985095e-03
1.323101349563376484e-04
1.890144785090537883e-05
1.512115828072430306e-04
6.804521226325936515e-04
9.450723925452690025e-04
8.883680489925528017e-04
5.859448833780667946e-04
3.024231656144860613e-04
1.020678183948890531e-03
1.890144785090537883e-05
9.261709446943635661e-04
8.127622575889312728e-04
6.804521226325936515e-04
4.536347484217291190e-04
3.591275091672022080e-04
6.048463312289721226e-04
9.639738403961743305e-04
9.639738403961743305e-04
1.001776736097985095e-03
8.316637054398367092e-04
8.505651532907420372e-04
8.127622575889312728e-04
6.426492269307828870e-04
1.890144785090537883e-05
3.024231656144860613e-04
7.560579140362151803e-04
7.749593618871205083e-04
7.560579140362151803e-04
8.505651532907420372e-04
9.072694968434582381e-04
7.749593618871205083e-04
8.505651532907420372e-04
7.749593618871205083e-04
8.127622575889312728e-04
5.859448833780667946e-04
4.158318527199183546e-04
7.182550183344044159e-04
1.701130306581484129e-04
8.127622575889312728e-04
8.316637054398367092e-04
7.938608097380259448e-04
8.127622575889312728e-04
7.371564661853097439e-04
4.914376441235398293e-04
8.505651532907420372e-04
8.316637054398367092e-04
7.560579140362151803e-04
3.780289570181075766e-05
1.512115828072430306e-04
5.292405398253505937e-04
7.371564661853097439e-04
1.890144785090537883e-05
7.371564661853097439e-04
1.890144785090537883e-05
6.804521226325936515e-04
1.890144785090537883e-05
5.481419876762560301e-04
4.914376441235398293e-04
7.938608097380259448e-04
6.804521226325936515e-04
7.749593618871205083e-04
7.749593618871205083e-04
1.890144785090537883e-05
5.292405398253505937e-04
7.182550183344044159e-04
1.890144785090537883e-05
7.182550183344044159e-04
7.182550183344044159e-04
6.993535704834990879e-04
1.323101349563376484e-04
5.859448833780667946e-04
6.993535704834990879e-04
5.859448833780667946e-04
6.615506747816883235e-04
1.890144785090537883e-05
1.890144785090537883e-05
7.182550183344044159e-04
6.048463312289721226e-04
4.536347484217291190e-04
5.481419876762560301e-04
6.237477790798775590e-04
2.835217177635806791e-04
1.134086871054322798e-04
1.890144785090537883e-05
6.615506747816883235e-04
4.347333005708237368e-04
6.615506747816883235e-04
6.048463312289721226e-04
1.890144785090537883e-05
6.237477790798775590e-04
2.268173742108645595e-04
6.615506747816883235e-04
6.426492269307828870e-04
5.670434355271613988e-05
6.615506747816883235e-04
6.237477790798775590e-04
5.670434355271613988e-05
1.890144785090537883e-05
5.670434355271613582e-04
6.615506747816883235e-04
6.426492269307828870e-04
1.890144785090537883e-05
6.426492269307828870e-04
4.347333005708237368e-04
5.481419876762560301e-04
1.890144785090537883e-05
5.481419876762560301e-04
9.450723925452689754e-05
1.890144785090537883e-05
4.725361962726345013e-04
5.481419876762560301e-04
5.859448833780667946e-04
6.237477790798775590e-04
1.890144785090537883e-05
5.670434355271613582e-04
5.670434355271613582e-04
5.859448833780667946e-04
3.213246134653914435e-04
5.859448833780667946e-04
1.890144785090537883e-05
5.103390919744452657e-04
5.103390919744452657e-04
4.536347484217291190e-04
1.890144785090537883e-05
4.347333005708237368e-04
1.890144785090537883e-05
5.292405398253505937e-04
3.969304048690129724e-04
4.536347484217291190e-04
4.725361962726345013e-04
5.670434355271613988e-05
5.103390919744452657e-04
2.268173742108645595e-04
5.103390919744452657e-04
5.481419876762560301e-04
5.481419876762560301e-04
1.890144785090537883e-05
4.725361962726345013e-04
2.457188220617699146e-04
3.024231656144860613e-04
4.914376441235398293e-04
5.292405398253505937e-04
1.890144785090537883e-05
5.292405398253505937e-04
4.536347484217291190e-04
4.725361962726345013e-04
3.591275091672022080e-04
3.969304048690129724e-04
4.725361962726345013e-04
5.103390919744452657e-04
9.450723925452689754e-05
2.457188220617699146e-04
5.103390919744452657e-04
4.347333005708237368e-04
2.079159263599591773e-04
4.725361962726345013e-04
3.591275091672022080e-04
9.450723925452689754e-05
4.725361962726345013e-04
4.914376441235398293e-04
4.347333005708237368e-04
3.780289570181075902e-04
4.536347484217291190e-04
4.725361962726345013e-04
1.323101349563376484e-04
3.969304048690129724e-04
4.347333005708237368e-04
4.725361962726345013e-04
4.347333005708237368e-04
4.347333005708237368e-04
4.536347484217291190e-04
4.158318527199183546e-04
1.890144785090537883e-05
4.158318527199183546e-04
2.079159263599591773e-04
4.158318527199183546e-04
4.347333005708237368e-04
3.780289570181075902e-04
1.890144785090537951e-04
4.347333005708237368e-04
3.591275091672022080e-04
1.890144785090537883e-05
4.158318527199183546e-04
3.780289570181075902e-04
3.969304048690129724e-04
4.347333005708237368e-04
3.969304048690129724e-04
4.347333005708237368e-04
4.158318527199183546e-04
1.134086871054322798e-04
3.780289570181075902e-04
1.890144785090537883e-05
1.890144785090537883e-05
2.835217177635806791e-04
3.780289570181075902e-04
3.969304048690129724e-04
3.969304048690129724e-04
3.969304048690129724e-04
3.402260613162968257e-04
3.591275091672022080e-04
3.213246134653914435e-04
3.969304048690129724e-04
2.268173742108645595e-04
9.450723925452689754e-05
1.890144785090537883e-05
3.591275091672022080e-04
2.268173742108645595e-04
3.591275091672022080e-04
3.780289570181075902e-04
1.890144785090537883e-05
2.079159263599591773e-04
3.402260613162968257e-04
5.670434355271613988e-05
3.591275091672022080e-04
3.591275091672022080e-04
3.402260613162968257e-04
3.024231656144860613e-04
3.213246134653914435e-04
1.890144785090537951e-04
3.591275091672022080e-04
3.591275091672022080e-04
7.560579140362151532e-05
3.591275091672022080e-04
3.213246134653914435e-04
3.213246134653914435e-04
2.835217177635806791e-04
3.402260613162968257e-04
3.591275091672022080e-04
3.213246134653914435e-04
1.890144785090537883e-05
1.890144785090537883e-05
9.450723925452689754e-05
3.591275091672022080e-04
1.890144785090537883e-05
1.323101349563376484e-04
3.402260613162968257e-04
1.890144785090537883e-05
2.646202699126752969e-04
3.024231656144860613e-04
9.450723925452689754e-05
3.402260613162968257e-04
1.134086871054322798e-04
2.835217177635806791e-04
1.890144785090537883e-05
1.701130306581484129e-04
1.890144785090537883e-05
1.890144785090537883e-05
1.890144785090537883e-05
1.890144785090537883e-05
1.890144785090537883e-05
3.213246134653914435e-04
2.835217177635806791e-04
1.890144785090537883e-05
3.213246134653914435e-04
2.835217177635806791e-04
2.457188220617699146e-04
2.457188220617699146e-04
3.213246134653914435e-04
3.213246134653914435e-04
2.646202699126752969e-04
1.890144785090537883e-05
3.213246134653914435e-04
2.457188220617699146e-04
3.213246134653914435e-04
1.890144785090537883e-05
3.024231656144860613e-04
1.890144785090537883e-05
3.024231656144860613e-04
2.835217177635806791e-04
3.213246134653914435e-04
2.079159263599591773e-04
9.450723925452689754e-05
1.890144785090537883e-05
2.835217177635806791e-04
1.134086871054322798e-04
3.024231656144860613e-04
1.890144785090537951e-04
2.268173742108645595e-04
2.079159263599591773e-04
3.024231656144860613e-04
2.268173742108645595e-04
1.890144785090537951e-04
2.835217177635806791e-04
2.646202699126752969e-04
7.560579140362151532e-05
1.134086871054322798e-04
2.835217177635806791e-04
2.835217177635806791e-04
1.890144785090537883e-05
2.835217177635806791e-04
2.457188220617699146e-04
2.835217177635806791e-04
2.457188220617699146e-04
1.701130306581484129e-04
2.835217177635806791e-04
2.079159263599591773e-04
7.560579140362151532e-05
2.835217177635806791e-04
1.701130306581484129e-04
2.457188220617699146e-04
2.646202699126752969e-04
2.646202699126752969e-04
1.701130306581484129e-04
3.780289570181075766e-05
2.457188220617699146e-04
1.890144785090537883e-05
2.268173742108645595e-04
2.268173742108645595e-04
2.646202699126752969e-04
2.646202699126752969e-04
2.457188220617699146e-04
2.268173742108645595e-04
1.890144785090537883e-05
1.323101349563376484e-04
7.560579140362151532e-05
5.670434355271613988e-05
1.890144785090537883e-05
2.079159263599591773e-04
2.457188220617699146e-04
2.457188220617699146e-04
2.457188220617699146e-04
2.457188220617699146e-04
1.890144785090537951e-04
2.457188220617699146e-04
2.079159263599591773e-04
2.457188220617699146e-04
2.457188220617699146e-04
2.457188220617699146e-04
9.450723925452689754e-05
2.457188220617699146e-04
1.323101349563376484e-04
1.323101349563376484e-04
2.457188220617699146e-04
1.701130306581484129e-04
1.323101349563376484e-04
1.890144785090537883e-05
1.890144785090537883e-05
2.457188220617699146e-04
2.457188220617699146e-04
2.457188220617699146e-04
2.268173742108645595e-04
2.457188220617699146e-04
2.268173742108645595e-04
2.079159263599591773e-04
2.268173742108645595e-04
1.890144785090537951e-04
2.268173742108645595e-04
1.890144785090537883e-05
1.890144785090537883e-05
1.890144785090537951e-04
1.701130306581484129e-04
1.323101349563376484e-04
2.268173742108645595e-04
2.268173742108645595e-04
2.268173742108645595e-04
1.890144785090537883e-05
2.268173742108645595e-04
1.323101349563376484e-04
2.079159263599591773e-04
1.134086871054322798e-04
1.890144785090537883e-05
2.079159263599591773e-04
2.079159263599591773e-04
1.701130306581484129e-04
5.670434355271613988e-05
7.560579140362151532e-05
2.079159263599591773e-04
3.780289570181075766e-05
2.079159263599591773e-04
2.079159263599591773e-04
1.890144785090537951e-04
1.890144785090537883e-05
1.890144785090537883e-05
1.323101349563376484e-04
2.079159263599591773e-04
2.079159263599591773e-04
1.134086871054322798e-04
7.560579140362151532e-05
1.890144785090537951e-04
1.512115828072430306e-04
1.701130306581484129e-04
1.512115828072430306e-04
2.079159263599591773e-04
2.079159263599591773e-04
2.079159263599591773e-04
2.079159263599591773e-04
2.079159263599591773e-04
2.079159263599591773e-04
1.890144785090537951e-04
2.079159263599591773e-04
1.890144785090537951e-04
1.890144785090537951e-04
1.701130306581484129e-04
1.890144785090537951e-04
1.890144785090537951e-04
1.701130306581484129e-04
1.890144785090537951e-04
1.890144785090537951e-04
1.890144785090537883e-05
1.890144785090537883e-05
1.701130306581484129e-04
1.890144785090537951e-04
9.450723925452689754e-05
3.780289570181075766e-05
1.701130306581484129e-04
1.701130306581484129e-04
1.701130306581484129e-04
5.670434355271613988e-05
1.701130306581484129e-04
1.890144785090537883e-05
1.701130306581484129e-04
1.701130306581484129e-04
1.512115828072430306e-04
1.701130306581484129e-04
1.890144785090537883e-05
1.701130306581484129e-04
9.450723925452689754e-05
1.701130306581484129e-04
3.780289570181075766e-05
1.701130306581484129e-04
1.701130306581484129e-04
1.701130306581484129e-04
9.450723925452689754e-05
1.701130306581484129e-04
9.450723925452689754e-05
1.890144785090537883e-05
9.450723925452689754e-05
1.701130306581484129e-04
1.512115828072430306e-04
1.701130306581484129e-04
1.701130306581484129e-04
1.701130306581484129e-04
3.780289570181075766e-05
1.323101349563376484e-04
1.323101349563376484e-04
1.701130306581484129e-04
1.701130306581484129e-04
1.890144785090537883e-05
1.701130306581484129e-04
1.701130306581484129e-04
1.890144785090537883e-05
1.701130306581484129e-04
9.450723925452689754e-05
1.890144785090537883e-05
1.701130306581484129e-04
1.701130306581484129e-04
1.701130306581484129e-04
1.890144785090537883e-05
1.890144785090537883e-05
1.701130306581484129e-04
1.701130306581484129e-04
1.701130306581484129e-04
1.701130306581484129e-04
1.701130306581484129e-04
1.890144785090537883e-05
1.701130306581484129e-04
1.701130306581484129e-04
1.701130306581484129e-04
1.701130306581484129e-04
1.701130306581484129e-04
1.701130306581484129e-04
3.780289570181075766e-05
1.512115828072430306e-04
5.670434355271613988e-05
1.323101349563376484e-04
1.512115828072430306e-04
1.323101349563376484e-04
1.512115828072430306e-04
1.890144785090537883e-05
3.780289570181075766e-05
1.323101349563376484e-04
1.512115828072430306e-04
1.512115828072430306e-04
1.512115828072430306e-04
1.323101349563376484e-04
1.512115828072430306e-04
1.512115828072430306e-04
1.512115828072430306e-04
9.450723925452689754e-05
1.323101349563376484e-04
1.890144785090537883e-05
9.450723925452689754e-05
1.323101349563376484e-04
1.323101349563376484e-04
9.450723925452689754e-05
1.890144785090537883e-05
1.890144785090537883e-05
9.450723925452689754e-05
1.323101349563376484e-04
9.450723925452689754e-05
1.134086871054322798e-04
1.890144785090537883e-05
1.890144785090537883e-05
1.323101349563376484e-04
1.323101349563376484e-04
1.323101349563376484e-04
1.890144785090537883e-05
1.890144785090537883e-05
9.450723925452689754e-05
9.450723925452689754e-05
1.323101349563376484e-04
1.323101349563376484e-04
1.323101349563376484e-04
1.323101349563376484e-04
1.323101349563376484e-04
1.323101349563376484e-04
1.323101349563376484e-04
1.323101349563376484e-04
9.450723925452689754e-05
1.890144785090537883e-05
1.323101349563376484e-04
1.134086871054322798e-04
1.890144785090537883e-05
1.890144785090537883e-05
1.890144785090537883e-05
1.323101349563376484e-04
1.323101349563376484e-04
1.134086871054322798e-04
5.670434355271613988e-05
1.890144785090537883e-05
1.323101349563376484e-04
1.323101349563376484e-04
1.323101349563376484e-04
1.323101349563376484e-04
1.323101349563376484e-04
1.890144785090537883e-05
1.323101349563376484e-04
9.450723925452689754e-05
1.890144785090537883e-05
1.890144785090537883e-05
1.323101349563376484e-04
5.670434355271613988e-05
1.323101349563376484e-04
1.323101349563376484e-04
1.323101349563376484e-04
1.134086871054322798e-04
1.134086871054322798e-04
9.450723925452689754e-05
3.780289570181075766e-05
1.134086871054322798e-04
1.134086871054322798e-04
1.890144785090537883e-05
1.890144785090537883e-05
1.134086871054322798e-04
1.134086871054322798e-04
9.450723925452689754e-05
3.780289570181075766e-05
9.450723925452689754e-05
1.890144785090537883e-05
1.134086871054322798e-04
9.450723925452689754e-05
7.560579140362151532e-05
3.780289570181075766e-05
1.890144785090537883e-05
7.560579140362151532e-05
1.134086871054322798e-04
9.450723925452689754e-05
1.134086871054322798e-04
1.134086871054322798e-04
1.890144785090537883e-05
9.450723925452689754e-05
7.560579140362151532e-05
3.780289570181075766e-05
1.890144785090537883e-05
1.134086871054322798e-04
1.134086871054322798e-04
1.890144785090537883e-05
9.450723925452689754e-05
1.890144785090537883e-05
1.890144785090537883e-05
9.450723925452689754e-05
9.450723925452689754e-05
5.670434355271613988e-05
9.450723925452689754e-05
5.670434355271613988e-05
1.890144785090537883e-05
9.450723925452689754e-05
9.450723925452689754e-05
7.560579140362151532e-05
5.670434355271613988e-05
9.450723925452689754e-05
1.890144785090537883e-05
1.890144785090537883e-05
9.450723925452689754e-05
1.890144785090537883e-05
5.670434355271613988e-05
9.450723925452689754e-05
9.450723925452689754e-05
9.450723925452689754e-05
1.890144785090537883e-05
9.450723925452689754e-05
9.450723925452689754e-05
1.890144785090537883e-05
9.450723925452689754e-05
9.450723925452689754e-05
9.450723925452689754e-05
1.890144785090537883e-05
7.560579140362151532e-05
1.890144785090537883e-05
9.450723925452689754e-05
1.890144785090537883e-05
5.670434355271613988e-05
9.450723925452689754e-05
9.450723925452689754e-05
5.670434355271613988e-05
9.450723925452689754e-05
5.670434355271613988e-05
9.450723925452689754e-05
1.890144785090537883e-05
3.780289570181075766e-05
9.450723925452689754e-05
9.450723925452689754e-05
9.450723925452689754e-05
9.450723925452689754e-05
9.450723925452689754e-05
9.450723925452689754e-05
9.450723925452689754e-05
9.450723925452689754e-05
1.890144785090537883e-05
7.560579140362151532e-05
9.450723925452689754e-05
7.560579140362151532e-05
7.560579140362151532e-05
1.890144785090537883e-05
9.450723925452689754e-05
9.450723925452689754e-05
9.450723925452689754e-05
9.450723925452689754e-05
9.450723925452689754e-05
5.670434355271613988e-05
9.450723925452689754e-05
1.890144785090537883e-05
5.670434355271613988e-05
9.450723925452689754e-05
5.670434355271613988e-05
1.890144785090537883e-05
9.450723925452689754e-05
9.450723925452689754e-05
1.890144785090537883e-05
5.670434355271613988e-05
9.450723925452689754e-05
9.450723925452689754e-05
9.450723925452689754e-05
9.450723925452689754e-05
