2.923377324784312559e-02
2.737810028942958690e-02
2.278046281037515025e-02
2.201880599908601077e-02
2.146487377269391122e-02
2.208804752738502408e-02
2.003849828973425229e-02
1.890293722563044301e-02
1.159103183725471165e-02
1.290662087493595241e-02
1.195108778440957809e-02
1.195108778440957809e-02
1.080167841464596892e-02
1.069089196936754728e-02
9.749207184500976314e-03
9.153730041129468434e-03
9.126033429809863456e-03
8.405921535500132311e-03
8.821370705294206971e-03
8.627494426056972129e-03
8.572101203417762175e-03
8.004320671365857537e-03
7.921230837407042605e-03
7.602719807231585365e-03
7.741202863829610252e-03
7.478085056293362100e-03
6.868759607262051731e-03
7.159574026117904860e-03
6.716428245004223488e-03
6.536400271426791135e-03
5.622412097879824280e-03
6.494855354447383669e-03
6.342523992189555426e-03
6.245585852570938006e-03
6.051709573333702297e-03
6.467158743127778692e-03
5.940923128055282387e-03
5.553170569580811837e-03
5.123873094126933821e-03
5.650108709199429258e-03
5.193114622425946264e-03
5.373142596003378617e-03
4.902300203570093134e-03
5.054631565827921377e-03
5.400839207322984462e-03
5.110024788467131332e-03
5.290052762044563685e-03
5.165418011106341287e-03
4.888451897910290646e-03
5.026934954508315533e-03
5.068479871487723866e-03
4.708423924332858293e-03
4.486851033776017607e-03
4.736120535652463270e-03
4.846906980930883180e-03
4.777665452631870736e-03
4.320671365858386875e-03
4.057553558322139590e-03
4.126795086621152034e-03
4.292974754538781898e-03
4.071401863981942079e-03
3.766739139466286461e-03
3.655952694187866118e-03
3.586711165888853674e-03
3.365138275332012988e-03
3.794435750785891438e-03
3.531317943249643286e-03
3.448228109290828354e-03
3.697497611167273584e-03
3.434379803631025865e-03
3.503621331930038309e-03
3.531317943249643286e-03
3.102020467795765270e-03
3.018930633836949904e-03
3.323593358352605522e-03
2.880447577238925017e-03
2.991234022517344927e-03
3.102020467795765270e-03
3.143565384775172736e-03
2.866599271579122095e-03
2.991234022517344927e-03
3.102020467795765270e-03
2.769661131960504674e-03
2.728116214981097208e-03
2.825054354599714629e-03
2.631178075362479354e-03
2.769661131960504674e-03
2.672722992341886820e-03
2.811206048939912140e-03
2.464998407444849056e-03
2.575784852723269399e-03
2.603481464042874376e-03
2.478846713104651545e-03
2.368060267826231635e-03
2.229577211228206315e-03
2.464998407444849056e-03
2.395756879145836613e-03
2.201880599908601337e-03
2.548088241403664422e-03
2.312667045187021247e-03
2.298818739527218758e-03
2.409605184805639101e-03
2.201880599908601337e-03
2.160335682929193438e-03
2.104942460289983483e-03
2.312667045187021247e-03
2.298818739527218758e-03
2.188032294248798849e-03
2.063397543310576017e-03
2.188032294248798849e-03
2.049549237650773528e-03
1.966459403691958163e-03
2.160335682929193438e-03
1.966459403691958163e-03
1.966459403691958163e-03
1.897217875392945719e-03
2.063397543310576017e-03
2.077245848970378506e-03
2.049549237650773528e-03
1.924914486712550696e-03
2.104942460289983483e-03
1.938762792372353185e-03
1.952611098032155674e-03
1.924914486712550696e-03
1.869521264073340525e-03
1.827976347093933059e-03
1.717189901815512933e-03
1.938762792372353185e-03
1.966459403691958163e-03
1.744886513135117910e-03
1.661796679176302761e-03
1.786431430114525593e-03
1.924914486712550696e-03
1.703341596155710444e-03
1.744886513135117910e-03
1.509465316918474952e-03
1.523313622578277441e-03
1.606403456537092590e-03
1.647948373516500272e-03
1.578706845217487612e-03
1.606403456537092590e-03
1.675644984836105250e-03
1.592555150877290101e-03
1.703341596155710444e-03
1.578706845217487612e-03
1.675644984836105250e-03
1.578706845217487612e-03
1.398678871640054826e-03
1.537161928238080146e-03
1.426375482959659803e-03
1.675644984836105250e-03
1.592555150877290101e-03
1.481768705598869975e-03
1.440223788619462509e-03
1.384830565980252337e-03
1.440223788619462509e-03
1.467920399939067486e-03
1.551010233897882635e-03
1.509465316918474952e-03
1.481768705598869975e-03
1.398678871640054826e-03
1.495617011258672463e-03
1.426375482959659803e-03
1.509465316918474952e-03
1.495617011258672463e-03
1.329437343341042166e-03
1.454072094279264997e-03
1.440223788619462509e-03
1.301740732021437188e-03
1.246347509382227017e-03
1.107864452784201913e-03
1.329437343341042166e-03
1.412527177299857314e-03
1.274044120701832211e-03
1.163257675423411868e-03
1.149409369763609379e-03
1.107864452784201913e-03
1.232499203722424528e-03
1.121712758444004402e-03
9.970780075057815699e-04
1.190954286743017062e-03
1.052471230144991741e-03
1.287892426361634700e-03
1.107864452784201913e-03
1.107864452784201913e-03
1.052471230144991741e-03
1.204802592402819551e-03
1.177105981083214573e-03
1.107864452784201913e-03
1.080167841464596719e-03
9.832297018459790813e-04
1.024774618825386764e-03
9.693813961861765926e-04
9.693813961861765926e-04
1.038622924485189253e-03
9.555330905263741039e-04
9.555330905263741039e-04
1.080167841464596719e-03
1.080167841464596719e-03
1.080167841464596719e-03
1.066319535804794230e-03
9.139881735469665295e-04
9.416847848665716152e-04
1.080167841464596719e-03
9.001398678871640408e-04
1.038622924485189253e-03
8.447466452479538692e-04
1.094016147124399424e-03
9.555330905263741039e-04
8.724432565675589550e-04
9.001398678871640408e-04
1.024774618825386764e-03
8.862915622273614437e-04
1.024774618825386764e-03
9.832297018459790813e-04
1.024774618825386764e-03
8.447466452479538692e-04
9.832297018459790813e-04
1.010926313165584275e-03
8.585949509077564663e-04
9.278364792067690181e-04
9.416847848665716152e-04
8.032017282685462948e-04
8.032017282685462948e-04
7.755051169489413174e-04
8.032017282685462948e-04
7.755051169489413174e-04
9.416847848665716152e-04
8.724432565675589550e-04
7.755051169489413174e-04
6.508703660107185941e-04
8.308983395881513806e-04
7.201118943097312543e-04
9.001398678871640408e-04
8.724432565675589550e-04
8.170500339283488919e-04
7.201118943097312543e-04
7.201118943097312543e-04
8.447466452479538692e-04
7.478085056293362317e-04
8.447466452479538692e-04
7.893534226087438061e-04
8.170500339283488919e-04
7.478085056293362317e-04
7.201118943097312543e-04
7.755051169489413174e-04
6.508703660107185941e-04
7.616568112891387203e-04
8.447466452479538692e-04
8.032017282685462948e-04
7.893534226087438061e-04
7.616568112891387203e-04
7.755051169489413174e-04
8.032017282685462948e-04
7.616568112891387203e-04
6.370220603509161054e-04
6.924152829901261685e-04
6.924152829901261685e-04
5.262356150724958707e-04
7.616568112891387203e-04
7.201118943097312543e-04
7.201118943097312543e-04
7.062635886499286572e-04
7.062635886499286572e-04
7.339601999695337430e-04
6.370220603509161054e-04
6.093254490313110196e-04
6.785669773303236799e-04
7.201118943097312543e-04
6.785669773303236799e-04
6.231737546911135083e-04
6.785669773303236799e-04
5.954771433715085310e-04
6.647186716705210828e-04
5.539322263921009565e-04
6.785669773303236799e-04
5.539322263921009565e-04
5.539322263921009565e-04
6.370220603509161054e-04
6.785669773303236799e-04
6.647186716705210828e-04
6.370220603509161054e-04
5.262356150724958707e-04
5.677805320519034452e-04
5.677805320519034452e-04
5.816288377117059339e-04
4.431457811136807218e-04
6.093254490313110196e-04
5.539322263921009565e-04
5.954771433715085310e-04
6.093254490313110196e-04
5.816288377117059339e-04
6.231737546911135083e-04
6.231737546911135083e-04
5.539322263921009565e-04
6.093254490313110196e-04
5.816288377117059339e-04
5.262356150724958707e-04
5.262356150724958707e-04
5.677805320519034452e-04
4.431457811136807218e-04
4.708423924332858076e-04
5.262356150724958707e-04
5.123873094126933821e-04
5.816288377117059339e-04
5.262356150724958707e-04
5.816288377117059339e-04
5.677805320519034452e-04
5.262356150724958707e-04
5.262356150724958707e-04
5.539322263921009565e-04
4.985390037528907850e-04
4.846906980930882963e-04
5.400839207322983594e-04
5.400839207322983594e-04
5.123873094126933821e-04
5.262356150724958707e-04
5.539322263921009565e-04
5.539322263921009565e-04
4.708423924332858076e-04
4.985390037528907850e-04
4.292974754538782332e-04
5.123873094126933821e-04
4.708423924332858076e-04
5.123873094126933821e-04
4.154491697940756903e-04
5.262356150724958707e-04
4.431457811136807218e-04
5.262356150724958707e-04
3.877525584744706587e-04
4.569940867734832647e-04
4.985390037528907850e-04
5.262356150724958707e-04
2.908144188558529669e-04
4.016008641342731474e-04
4.846906980930882963e-04
4.708423924332858076e-04
4.016008641342731474e-04
4.708423924332858076e-04
3.600559471548656272e-04
3.877525584744706587e-04
4.431457811136807218e-04
4.708423924332858076e-04
4.708423924332858076e-04
4.985390037528907850e-04
4.708423924332858076e-04
4.292974754538782332e-04
3.739042528146681158e-04
3.739042528146681158e-04
4.431457811136807218e-04
4.708423924332858076e-04
4.431457811136807218e-04
4.154491697940756903e-04
3.600559471548656272e-04
4.431457811136807218e-04
3.739042528146681158e-04
4.569940867734832647e-04
4.016008641342731474e-04
4.292974754538782332e-04
4.016008641342731474e-04
3.600559471548656272e-04
4.016008641342731474e-04
4.431457811136807218e-04
3.600559471548656272e-04
3.600559471548656272e-04
3.600559471548656272e-04
4.016008641342731474e-04
4.431457811136807218e-04
3.877525584744706587e-04
3.877525584744706587e-04
4.016008641342731474e-04
4.154491697940756903e-04
3.600559471548656272e-04
4.154491697940756903e-04
4.154491697940756903e-04
3.323593358352605414e-04
3.323593358352605414e-04
4.154491697940756903e-04
3.185110301754580527e-04
3.877525584744706587e-04
3.185110301754580527e-04
3.462076414950630843e-04
3.462076414950630843e-04
3.600559471548656272e-04
3.739042528146681158e-04
3.462076414950630843e-04
3.462076414950630843e-04
3.462076414950630843e-04
2.492695018764453925e-04
1.938762792372353294e-04
3.046627245156555098e-04
3.462076414950630843e-04
3.046627245156555098e-04
3.046627245156555098e-04
3.877525584744706587e-04
3.323593358352605414e-04
3.046627245156555098e-04
3.739042528146681158e-04
3.462076414950630843e-04
3.739042528146681158e-04
2.631178075362479354e-04
3.046627245156555098e-04
3.185110301754580527e-04
3.323593358352605414e-04
3.600559471548656272e-04
3.462076414950630843e-04
2.908144188558529669e-04
3.323593358352605414e-04
2.908144188558529669e-04
3.185110301754580527e-04
2.908144188558529669e-04
3.046627245156555098e-04
9.693813961861766468e-05
2.908144188558529669e-04
3.323593358352605414e-04
3.462076414950630843e-04
2.631178075362479354e-04
3.185110301754580527e-04
3.185110301754580527e-04
3.323593358352605414e-04
3.185110301754580527e-04
2.769661131960504783e-04
3.323593358352605414e-04
2.908144188558529669e-04
3.323593358352605414e-04
2.215728905568403609e-04
3.046627245156555098e-04
3.185110301754580527e-04
2.769661131960504783e-04
2.908144188558529669e-04
2.908144188558529669e-04
2.908144188558529669e-04
2.769661131960504783e-04
2.492695018764453925e-04
2.354211962166429038e-04
2.908144188558529669e-04
2.631178075362479354e-04
2.492695018764453925e-04
2.908144188558529669e-04
2.215728905568403609e-04
2.354211962166429038e-04
2.354211962166429038e-04
3.046627245156555098e-04
2.354211962166429038e-04
2.631178075362479354e-04
2.354211962166429038e-04
2.631178075362479354e-04
1.938762792372353294e-04
2.215728905568403609e-04
2.215728905568403609e-04
2.492695018764453925e-04
2.769661131960504783e-04
2.492695018764453925e-04
2.215728905568403609e-04
2.769661131960504783e-04
2.769661131960504783e-04
2.354211962166429038e-04
2.354211962166429038e-04
2.077245848970378451e-04
2.631178075362479354e-04
2.077245848970378451e-04
2.631178075362479354e-04
2.631178075362479354e-04
2.354211962166429038e-04
2.354211962166429038e-04
2.492695018764453925e-04
2.492695018764453925e-04
2.354211962166429038e-04
2.492695018764453925e-04
2.492695018764453925e-04
2.215728905568403609e-04
2.492695018764453925e-04
2.492695018764453925e-04
2.492695018764453925e-04
2.215728905568403609e-04
2.492695018764453925e-04
2.492695018764453925e-04
2.492695018764453925e-04
2.354211962166429038e-04
2.492695018764453925e-04
2.215728905568403609e-04
2.492695018764453925e-04
2.492695018764453925e-04
2.215728905568403609e-04
2.077245848970378451e-04
1.938762792372353294e-04
2.492695018764453925e-04
1.661796679176302707e-04
2.492695018764453925e-04
2.215728905568403609e-04
2.492695018764453925e-04
1.384830565980252391e-04
2.215728905568403609e-04
2.354211962166429038e-04
2.354211962166429038e-04
2.077245848970378451e-04
2.215728905568403609e-04
1.938762792372353294e-04
2.215728905568403609e-04
2.354211962166429038e-04
1.938762792372353294e-04
2.215728905568403609e-04
1.800279735774328136e-04
1.384830565980252391e-04
1.938762792372353294e-04
1.938762792372353294e-04
1.800279735774328136e-04
2.215728905568403609e-04
2.215728905568403609e-04
1.107864452784201805e-04
2.077245848970378451e-04
2.077245848970378451e-04
2.077245848970378451e-04
2.215728905568403609e-04
2.215728905568403609e-04
1.938762792372353294e-04
2.215728905568403609e-04
2.215728905568403609e-04
1.938762792372353294e-04
2.077245848970378451e-04
2.077245848970378451e-04
1.938762792372353294e-04
1.938762792372353294e-04
2.215728905568403609e-04
1.938762792372353294e-04
2.077245848970378451e-04
2.215728905568403609e-04
2.215728905568403609e-04
2.077245848970378451e-04
1.661796679176302707e-04
1.384830565980252391e-04
1.661796679176302707e-04
2.077245848970378451e-04
2.077245848970378451e-04
1.523313622578277549e-04
1.661796679176302707e-04
1.523313622578277549e-04
1.938762792372353294e-04
1.661796679176302707e-04
1.800279735774328136e-04
1.938762792372353294e-04
1.523313622578277549e-04
1.938762792372353294e-04
1.384830565980252391e-04
1.938762792372353294e-04
1.800279735774328136e-04
1.938762792372353294e-04
1.938762792372353294e-04
1.661796679176302707e-04
1.938762792372353294e-04
1.523313622578277549e-04
1.938762792372353294e-04
1.661796679176302707e-04
1.384830565980252391e-04
1.938762792372353294e-04
1.661796679176302707e-04
1.800279735774328136e-04
1.523313622578277549e-04
1.661796679176302707e-04
1.523313622578277549e-04
1.800279735774328136e-04
1.107864452784201805e-04
1.800279735774328136e-04
1.800279735774328136e-04
1.800279735774328136e-04
1.523313622578277549e-04
1.800279735774328136e-04
1.384830565980252391e-04
1.800279735774328136e-04
1.523313622578277549e-04
1.246347509382226962e-04
1.384830565980252391e-04
1.384830565980252391e-04
8.308983395881513535e-05
1.523313622578277549e-04
1.661796679176302707e-04
1.523313622578277549e-04
1.523313622578277549e-04
1.661796679176302707e-04
1.661796679176302707e-04
1.523313622578277549e-04
1.246347509382226962e-04
1.246347509382226962e-04
1.661796679176302707e-04
1.661796679176302707e-04
1.384830565980252391e-04
1.661796679176302707e-04
1.107864452784201805e-04
1.661796679176302707e-04
1.661796679176302707e-04
1.107864452784201805e-04
1.661796679176302707e-04
1.246347509382226962e-04
1.661796679176302707e-04
1.523313622578277549e-04
8.308983395881513535e-05
1.661796679176302707e-04
1.661796679176302707e-04
1.246347509382226962e-04
1.384830565980252391e-04
1.107864452784201805e-04
1.523313622578277549e-04
1.246347509382226962e-04
1.246347509382226962e-04
1.107864452784201805e-04
1.246347509382226962e-04
1.523313622578277549e-04
1.246347509382226962e-04
1.384830565980252391e-04
1.384830565980252391e-04
1.523313622578277549e-04
9.693813961861766468e-05
1.246347509382226962e-04
1.246347509382226962e-04
9.693813961861766468e-05
1.107864452784201805e-04
1.384830565980252391e-04
1.384830565980252391e-04
1.384830565980252391e-04
9.693813961861766468e-05
1.107864452784201805e-04
1.384830565980252391e-04
1.246347509382226962e-04
1.384830565980252391e-04
1.246347509382226962e-04
1.107864452784201805e-04
1.384830565980252391e-04
8.308983395881513535e-05
1.107864452784201805e-04
1.384830565980252391e-04
1.384830565980252391e-04
1.384830565980252391e-04
1.246347509382226962e-04
1.384830565980252391e-04
8.308983395881513535e-05
1.384830565980252391e-04
1.246347509382226962e-04
1.246347509382226962e-04
1.384830565980252391e-04
1.384830565980252391e-04
1.107864452784201805e-04
1.384830565980252391e-04
1.384830565980252391e-04
1.384830565980252391e-04
1.384830565980252391e-04
1.384830565980252391e-04
6.924152829901261956e-05
1.246347509382226962e-04
9.693813961861766468e-05
1.107864452784201805e-04
1.246347509382226962e-04
8.308983395881513535e-05
9.693813961861766468e-05
1.246347509382226962e-04
1.107864452784201805e-04
1.107864452784201805e-04
1.246347509382226962e-04
1.107864452784201805e-04
1.246347509382226962e-04
1.107864452784201805e-04
1.246347509382226962e-04
1.246347509382226962e-04
1.107864452784201805e-04
2.769661131960504512e-05
1.107864452784201805e-04
1.107864452784201805e-04
9.693813961861766468e-05
9.693813961861766468e-05
1.107864452784201805e-04
1.107864452784201805e-04
9.693813961861766468e-05
1.107864452784201805e-04
9.693813961861766468e-05
1.107864452784201805e-04
1.107864452784201805e-04
9.693813961861766468e-05
8.308983395881513535e-05
1.107864452784201805e-04
1.107864452784201805e-04
1.107864452784201805e-04
5.539322263921009023e-05
8.308983395881513535e-05
1.107864452784201805e-04
1.107864452784201805e-04
9.693813961861766468e-05
9.693813961861766468e-05
8.308983395881513535e-05
9.693813961861766468e-05
9.693813961861766468e-05
1.107864452784201805e-04
1.107864452784201805e-04
9.693813961861766468e-05
1.107864452784201805e-04
9.693813961861766468e-05
5.539322263921009023e-05
1.107864452784201805e-04
9.693813961861766468e-05
9.693813961861766468e-05
9.693813961861766468e-05
5.539322263921009023e-05
9.693813961861766468e-05
9.693813961861766468e-05
1.107864452784201805e-04
1.107864452784201805e-04
1.107864452784201805e-04
1.107864452784201805e-04
1.107864452784201805e-04
1.107864452784201805e-04
1.107864452784201805e-04
1.107864452784201805e-04
1.107864452784201805e-04
9.693813961861766468e-05
1.107864452784201805e-04
1.107864452784201805e-04
8.308983395881513535e-05
1.107864452784201805e-04
1.107864452784201805e-04
9.693813961861766468e-05
8.308983395881513535e-05
6.924152829901261956e-05
9.693813961861766468e-05
9.693813961861766468e-05
8.308983395881513535e-05
8.308983395881513535e-05
9.693813961861766468e-05
6.924152829901261956e-05
9.693813961861766468e-05
9.693813961861766468e-05
9.693813961861766468e-05
8.308983395881513535e-05
6.924152829901261956e-05
9.693813961861766468e-05
6.924152829901261956e-05
9.693813961861766468e-05
8.308983395881513535e-05
8.308983395881513535e-05
8.308983395881513535e-05
8.308983395881513535e-05
8.308983395881513535e-05
8.308983395881513535e-05
4.154491697940756767e-05
8.308983395881513535e-05
8.308983395881513535e-05
8.308983395881513535e-05
4.154491697940756767e-05
5.539322263921009023e-05
8.308983395881513535e-05
8.308983395881513535e-05
8.308983395881513535e-05
8.308983395881513535e-05
8.308983395881513535e-05
8.308983395881513535e-05
8.308983395881513535e-05
8.308983395881513535e-05
8.308983395881513535e-05
8.308983395881513535e-05
6.924152829901261956e-05
6.924152829901261956e-05
8.308983395881513535e-05
4.154491697940756767e-05
8.308983395881513535e-05
6.924152829901261956e-05
8.308983395881513535e-05
8.308983395881513535e-05
8.308983395881513535e-05
8.308983395881513535e-05
8.308983395881513535e-05
8.308983395881513535e-05
5.539322263921009023e-05
8.308983395881513535e-05
8.308983395881513535e-05
6.924152829901261956e-05
4.154491697940756767e-05
8.308983395881513535e-05
8.308983395881513535e-05
5.539322263921009023e-05
8.308983395881513535e-05
8.308983395881513535e-05
8.308983395881513535e-05
8.308983395881513535e-05
4.154491697940756767e-05
8.308983395881513535e-05
8.308983395881513535e-05
8.308983395881513535e-05
8.308983395881513535e-05
8.308983395881513535e-05
5.539322263921009023e-05
6.924152829901261956e-05
8.308983395881513535e-05
2.769661131960504512e-05
8.308983395881513535e-05
6.924152829901261956e-05
6.924152829901261956e-05
6.924152829901261956e-05
6.924152829901261956e-05
6.924152829901261956e-05
5.539322263921009023e-05
6.924152829901261956e-05
5.539322263921009023e-05
6.924152829901261956e-05
6.924152829901261956e-05
6.924152829901261956e-05
4.154491697940756767e-05
6.924152829901261956e-05
6.924152829901261956e-05
2.769661131960504512e-05
6.924152829901261956e-05
6.924152829901261956e-05
6.924152829901261956e-05
4.154491697940756767e-05
5.539322263921009023e-05
6.924152829901261956e-05
5.539322263921009023e-05
5.539322263921009023e-05
6.924152829901261956e-05
6.924152829901261956e-05
6.924152829901261956e-05
6.924152829901261956e-05
6.924152829901261956e-05
6.924152829901261956e-05
5.539322263921009023e-05
6.924152829901261956e-05
5.539322263921009023e-05
5.539322263921009023e-05
5.539322263921009023e-05
4.154491697940756767e-05
5.539322263921009023e-05
5.539322263921009023e-05
5.539322263921009023e-05
4.154491697940756767e-05
5.539322263921009023e-05
5.539322263921009023e-05
5.539322263921009023e-05
2.769661131960504512e-05
2.769661131960504512e-05
2.769661131960504512e-05
5.539322263921009023e-05
4.154491697940756767e-05
5.539322263921009023e-05
5.539322263921009023e-05
5.539322263921009023e-05
5.539322263921009023e-05
5.539322263921009023e-05
4.154491697940756767e-05
5.539322263921009023e-05
5.539322263921009023e-05
5.539322263921009023e-05
5.539322263921009023e-05
5.539322263921009023e-05
5.539322263921009023e-05
5.539322263921009023e-05
4.154491697940756767e-05
5.539322263921009023e-05
5.539322263921009023e-05
5.539322263921009023e-05
4.154491697940756767e-05
2.769661131960504512e-05
2.769661131960504512e-05
5.539322263921009023e-05
4.154491697940756767e-05
5.539322263921009023e-05
5.539322263921009023e-05
5.539322263921009023e-05
2.769661131960504512e-05
5.539322263921009023e-05
5.539322263921009023e-05
5.539322263921009023e-05
5.539322263921009023e-05
4.154491697940756767e-05
5.539322263921009023e-05
5.539322263921009023e-05
2.769661131960504512e-05
5.539322263921009023e-05
5.539322263921009023e-05
2.769661131960504512e-05
4.154491697940756767e-05
5.539322263921009023e-05
5.539322263921009023e-05
5.539322263921009023e-05
5.539322263921009023e-05
5.539322263921009023e-05
5.539322263921009023e-05
4.154491697940756767e-05
5.539322263921009023e-05
5.539322263921009023e-05
5.539322263921009023e-05
5.539322263921009023e-05
5.539322263921009023e-05
5.539322263921009023e-05
5.539322263921009023e-05
5.539322263921009023e-05
5.539322263921009023e-05
5.539322263921009023e-05
4.154491697940756767e-05
5.539322263921009023e-05
5.539322263921009023e-05
5.539322263921009023e-05
5.539322263921009023e-05
5.539322263921009023e-05
4.154491697940756767e-05
