1.475579164822192816e-04
8.814126211204564854e-02
6.492548325217647846e-03
1.180463331857754122e-02
1.328021248339973344e-03
1.008312429295164965e-02
2.719984260488908512e-02
2.410112635876248202e-03
5.459642909842112903e-03
2.744577246569278317e-02
2.311740691554768374e-03
2.852786385322905911e-03
4.918597216073975826e-05
3.443018051251783146e-04
5.066155132556195324e-03
4.918597216073975826e-05
2.410112635876248202e-03
4.918597216073975826e-05
2.769170232649648469e-02
1.328021248339973344e-03
2.597019330087059139e-02
8.853474988933156351e-04
2.803600413162166214e-03
9.542078599183512547e-03
2.537996163494171328e-02
4.918597216073975826e-05
2.262554719394028677e-02
3.590575967734002238e-03
9.837194432147951652e-05
4.918597216073975826e-05
1.721509025625891573e-03
9.837194432147951652e-05
1.873985539324184851e-02
6.295804436574689057e-03
1.741183414490187278e-02
2.459298608036988116e-04
4.918597216073975826e-05
9.837194432147951652e-05
2.105159608479661645e-02
5.803944714967291217e-03
1.839555358811666846e-02
3.197088190448084226e-03
1.632974275736559858e-02
4.918597216073975826e-05
9.837194432147951652e-05
4.918597216073975826e-05
1.529683734199006363e-02
3.590575967734002238e-03
9.345334710540553324e-04
7.082779991146525081e-03
4.918597216073975826e-05
7.377895824110963265e-04
1.736264817274113526e-02
4.918597216073975826e-05
8.410801239486499076e-03
1.377207220500713258e-02
1.652648664600855910e-02
1.485416359254340679e-02
4.918597216073975826e-05
4.918597216073975826e-05
4.918597216073975826e-05
2.754414441001426517e-03
1.131277359697014338e-03
1.387044414932861111e-02
6.935222074664305555e-03
8.410801239486499076e-03
4.180807633662879039e-03
4.918597216073975799e-03
7.968127490039840499e-03
3.787319856376961461e-03
1.229649304018493950e-03
4.918597216073975826e-05
9.345334710540553324e-04
3.000344301805125003e-03
4.918597216073975826e-05
2.803600413162166214e-03
4.918597216073975826e-05
2.065810830751069888e-03
1.067335595888052775e-02
4.426737494466578176e-04
9.689636515665732072e-03
4.918597216073975826e-05
1.131277359697014338e-03
1.042742609807682796e-02
4.918597216073975826e-05
4.918597216073975826e-05
3.443018051251783146e-04
4.918597216073975826e-05
4.918597216073975826e-05
1.062416998671978675e-02
2.705228468840686819e-03
2.459298608036988116e-04
9.837194432147952465e-04
4.918597216073975826e-05
4.918597216073975826e-05
4.918597216073975826e-05
1.721509025625891573e-03
4.918597216073975826e-05
4.918597216073975826e-05
7.427081796271703396e-03
6.689292213860606635e-03
2.459298608036988116e-04
2.459298608036988116e-04
2.803600413162166214e-03
4.426737494466578176e-04
8.214057350843540287e-03
7.771383601396881710e-03
4.918597216073975826e-05
9.837194432147951652e-05
8.410801239486499076e-03
4.918597216073975826e-05
5.016969160395455193e-03
4.918597216073975826e-05
7.525453740593182790e-03
4.918597216073975826e-05
2.951158329644385631e-04
2.410112635876248202e-03
4.918597216073975826e-05
2.213368747233288979e-03
2.951158329644385631e-04
9.837194432147951652e-05
2.016624858590330190e-03
4.426737494466578176e-04
2.213368747233288979e-03
1.426393192661452956e-03
6.197432492253209663e-03
8.361615267325758294e-04
7.377895824110963265e-04
4.918597216073975826e-05
1.426393192661452956e-03
2.951158329644385631e-04
4.918597216073975826e-05
6.590920269539127241e-03
5.410456937681373205e-04
1.475579164822192816e-04
4.918597216073975826e-05
4.918597216073975826e-05
5.951502631449510743e-03
6.541734297378387977e-03
1.475579164822192816e-04
4.918597216073975826e-05
1.475579164822192816e-04
4.918597216073975826e-05
4.918597216073975826e-05
4.918597216073975826e-05
4.918597216073975826e-05
2.951158329644385631e-04
4.918597216073975826e-05
1.229649304018493950e-03
2.016624858590330190e-03
4.426737494466578176e-04
4.918597216073975826e-05
4.918597216073975826e-05
5.410456937681373639e-03
1.082091387536274641e-03
1.426393192661452956e-03
4.918597216073975826e-05
4.918597216073975826e-05
4.918597216073975826e-05
4.426737494466578176e-04
5.066155132556195324e-03
4.918597216073975826e-05
4.426737494466578176e-04
1.131277359697014338e-03
4.918597216073975826e-05
4.082435689341399644e-03
4.918597216073975826e-05
4.918597216073975826e-05
4.918597216073975826e-05
3.344646106930303318e-03
4.918597216073975826e-05
1.967438886429590330e-04
4.377551522305838695e-03
4.918597216073975826e-05
5.213713049038413982e-03
2.508484580197727597e-03
9.837194432147952465e-04
4.918597216073975826e-05
4.918597216073975826e-05
4.426737494466578176e-04
4.918597216073975826e-05
4.918597216073975826e-05
4.918597216073975826e-05
4.918597216073975826e-05
2.114996802911809585e-03
4.918597216073975826e-05
6.886036102503566292e-04
4.918597216073975826e-05
4.279179577984358433e-03
2.360926663715508505e-03
4.623481383109536748e-03
6.394176380896168235e-04
4.918597216073975826e-05
7.377895824110963265e-04
4.918597216073975826e-05
1.131277359697014338e-03
1.229649304018493950e-03
4.918597216073975826e-05
1.475579164822192816e-04
3.295460134769563620e-03
3.393832079091043449e-03
3.885691800698440855e-03
4.033249717180660381e-03
1.426393192661452956e-03
4.918597216073975826e-05
9.837194432147951652e-05
4.918597216073975826e-05
3.885691800698440855e-03
7.377895824110963265e-04
2.213368747233288979e-03
4.918597216073975826e-05
4.918597216073975826e-05
8.853474988933156351e-04
4.918597216073975826e-05
1.967438886429590330e-04
4.918597216073975826e-05
4.918597216073975826e-05
3.443018051251783146e-04
1.623137081304411962e-03
2.459298608036988116e-04
1.082091387536274641e-03
1.475579164822192816e-04
4.918597216073975826e-05
2.459298608036988116e-04
4.918597216073975826e-05
4.918597216073975826e-05
3.443018051251783146e-03
4.918597216073975826e-05
1.229649304018493950e-03
2.459298608036988116e-04
7.377895824110963265e-04
4.918597216073975826e-05
6.394176380896168235e-04
4.918597216073975826e-05
4.918597216073975826e-05
4.918597216073975826e-05
4.918597216073975826e-05
4.918597216073975826e-05
4.918597216073975826e-05
9.345334710540553324e-04
4.918597216073975826e-05
4.918597216073975826e-05
2.459298608036988116e-04
4.918597216073975826e-05
4.918597216073975826e-05
3.344646106930303318e-03
4.918597216073975826e-05
4.918597216073975826e-05
4.918597216073975826e-05
2.459298608036988116e-04
4.918597216073975826e-05
4.918597216073975826e-05
4.918597216073975826e-05
4.426737494466578176e-04
4.918597216073975826e-05
4.918597216073975826e-05
3.000344301805125003e-03
4.918597216073975826e-05
2.852786385322905911e-03
4.918597216073975826e-05
4.918597216073975826e-05
3.000344301805125003e-03
4.918597216073975826e-05
1.180463331857754252e-03
4.918597216073975826e-05
1.475579164822192816e-04
4.918597216073975826e-05
3.443018051251783146e-04
4.918597216073975826e-05
2.016624858590330190e-03
2.213368747233288979e-03
4.918597216073975826e-05
4.918597216073975826e-05
1.377207220500713258e-03
1.278835276179233647e-03
4.918597216073975826e-05
4.918597216073975826e-05
4.918597216073975826e-05
1.131277359697014338e-03
4.918597216073975826e-05
4.918597216073975826e-05
4.918597216073975826e-05
4.918597216073975826e-05
4.918597216073975826e-05
4.918597216073975826e-05
4.918597216073975826e-05
2.311740691554768374e-03
1.475579164822192816e-04
2.164182775072549282e-03
1.278835276179233647e-03
4.918597216073975826e-05
9.837194432147951652e-05
8.361615267325758294e-04
1.475579164822192816e-04
2.754414441001426517e-03
4.918597216073975826e-05
1.869066942108110665e-03
6.886036102503566292e-04
5.410456937681373205e-04
4.918597216073975826e-05
1.229649304018493950e-03
9.837194432147951652e-05
8.361615267325758294e-04
8.853474988933156351e-04
4.918597216073975826e-05
4.918597216073975826e-05
4.918597216073975826e-05
9.837194432147951652e-05
4.918597216073975826e-05
4.918597216073975826e-05
2.459298608036988116e-04
4.918597216073975826e-05
2.360926663715508505e-03
6.394176380896168235e-04
1.524765136982932567e-03
4.918597216073975826e-05
3.934877772859180661e-04
4.918597216073975826e-05
1.967438886429590330e-04
4.918597216073975826e-05
4.918597216073975826e-05
2.951158329644385631e-04
2.951158329644385631e-04
4.426737494466578176e-04
4.918597216073975826e-05
2.459298608036988116e-04
4.426737494466578176e-04
1.032905415375534944e-03
4.918597216073975826e-05
4.918597216073976233e-04
5.902316659288771262e-04
1.623137081304411962e-03
2.459298608036988116e-04
1.475579164822192816e-04
4.426737494466578176e-04
4.918597216073975826e-05
9.837194432147951652e-05
6.886036102503566292e-04
4.918597216073975826e-05
4.918597216073975826e-05
4.918597216073975826e-05
4.918597216073975826e-05
4.918597216073975826e-05
1.967438886429590330e-04
1.672323053465151659e-03
4.918597216073975826e-05
3.934877772859180661e-04
4.918597216073975826e-05
1.623137081304411962e-03
4.918597216073975826e-05
4.918597216073975826e-05
4.918597216073975826e-05
4.918597216073975826e-05
1.770694997786631270e-03
1.377207220500713258e-03
4.918597216073975826e-05
2.951158329644385631e-04
4.918597216073976233e-04
4.918597216073975826e-05
4.918597216073975826e-05
1.869066942108110665e-03
1.032905415375534944e-03
4.918597216073975826e-05
4.918597216073975826e-05
4.918597216073975826e-05
4.918597216073975826e-05
1.819880969947370968e-03
4.918597216073975826e-05
4.918597216073975826e-05
5.902316659288771262e-04
1.623137081304411962e-03
4.918597216073975826e-05
4.918597216073975826e-05
4.918597216073975826e-05
4.918597216073975826e-05
4.918597216073975826e-05
4.918597216073975826e-05
4.918597216073975826e-05
1.967438886429590330e-04
4.918597216073975826e-05
1.869066942108110665e-03
4.918597216073975826e-05
1.524765136982932567e-03
4.918597216073975826e-05
3.443018051251783146e-04
1.475579164822192816e-04
4.918597216073975826e-05
4.918597216073975826e-05
1.278835276179233647e-03
9.837194432147951652e-05
1.524765136982932567e-03
1.328021248339973344e-03
4.918597216073975826e-05
4.918597216073975826e-05
4.918597216073975826e-05
1.475579164822192816e-04
4.918597216073975826e-05
1.623137081304411962e-03
4.918597216073975826e-05
4.918597216073975826e-05
9.837194432147952465e-04
4.918597216073975826e-05
4.918597216073975826e-05
4.918597216073975826e-05
4.918597216073975826e-05
4.918597216073975826e-05
4.918597216073975826e-05
4.918597216073975826e-05
1.131277359697014338e-03
4.918597216073975826e-05
1.524765136982932567e-03
4.918597216073975826e-05
4.918597216073975826e-05
4.918597216073975826e-05
1.328021248339973344e-03
4.918597216073975826e-05
4.918597216073975826e-05
4.918597216073975826e-05
4.918597216073976233e-04
1.328021248339973344e-03
4.918597216073975826e-05
4.918597216073975826e-05
4.918597216073975826e-05
4.918597216073975826e-05
4.918597216073975826e-05
4.918597216073975826e-05
1.524765136982932567e-03
1.475579164822192653e-03
4.918597216073975826e-05
4.918597216073975826e-05
2.459298608036988116e-04
1.082091387536274641e-03
4.918597216073975826e-05
1.278835276179233647e-03
4.918597216073975826e-05
9.837194432147951652e-05
4.918597216073975826e-05
4.918597216073975826e-05
4.918597216073975826e-05
1.328021248339973344e-03
1.377207220500713258e-03
3.443018051251783146e-04
4.426737494466578176e-04
1.180463331857754252e-03
4.918597216073975826e-05
4.918597216073975826e-05
4.918597216073975826e-05
1.475579164822192816e-04
4.918597216073975826e-05
4.918597216073975826e-05
4.918597216073975826e-05
1.032905415375534944e-03
4.918597216073975826e-05
4.918597216073975826e-05
4.918597216073975826e-05
4.918597216073975826e-05
4.918597216073975826e-05
8.853474988933156351e-04
4.918597216073975826e-05
7.377895824110963265e-04
1.328021248339973344e-03
4.918597216073975826e-05
4.918597216073975826e-05
4.918597216073975826e-05
4.426737494466578176e-04
4.918597216073975826e-05
4.918597216073975826e-05
1.967438886429590330e-04
1.082091387536274641e-03
4.918597216073975826e-05
6.394176380896168235e-04
4.918597216073975826e-05
4.918597216073975826e-05
4.918597216073975826e-05
4.918597216073975826e-05
4.918597216073975826e-05
4.918597216073975826e-05
4.918597216073975826e-05
1.082091387536274641e-03
1.475579164822192816e-04
7.869755545718361322e-04
4.918597216073975826e-05
4.918597216073975826e-05
4.918597216073975826e-05
4.918597216073975826e-05
4.918597216073975826e-05
9.837194432147951652e-05
4.918597216073975826e-05
4.918597216073975826e-05
4.918597216073975826e-05
4.918597216073975826e-05
4.918597216073975826e-05
4.918597216073975826e-05
4.918597216073975826e-05
6.394176380896168235e-04
4.918597216073975826e-05
4.918597216073975826e-05
4.918597216073975826e-05
4.918597216073975826e-05
9.837194432147951652e-05
3.934877772859180661e-04
4.918597216073975826e-05
4.918597216073975826e-05
4.918597216073975826e-05
4.918597216073975826e-05
9.345334710540553324e-04
4.918597216073975826e-05
4.918597216073975826e-05
4.918597216073975826e-05
4.918597216073975826e-05
4.918597216073975826e-05
4.918597216073975826e-05
1.131277359697014338e-03
4.918597216073975826e-05
5.902316659288771262e-04
4.918597216073975826e-05
4.918597216073975826e-05
4.918597216073975826e-05
4.918597216073975826e-05
4.918597216073975826e-05
4.918597216073975826e-05
1.475579164822192816e-04
6.886036102503566292e-04
4.918597216073975826e-05
4.918597216073975826e-05
4.918597216073975826e-05
4.918597216073975826e-05
4.918597216073975826e-05
1.032905415375534944e-03
4.918597216073975826e-05
4.918597216073975826e-05
4.918597216073975826e-05
4.918597216073975826e-05
2.459298608036988116e-04
1.475579164822192816e-04
4.918597216073975826e-05
7.377895824110963265e-04
9.837194432147952465e-04
4.918597216073975826e-05
3.934877772859180661e-04
4.918597216073975826e-05
4.918597216073975826e-05
4.918597216073975826e-05
4.426737494466578176e-04
6.886036102503566292e-04
9.837194432147951652e-05
3.934877772859180661e-04
4.918597216073975826e-05
4.918597216073975826e-05
7.377895824110963265e-04
4.918597216073975826e-05
7.377895824110963265e-04
4.918597216073975826e-05
9.345334710540553324e-04
4.918597216073975826e-05
4.918597216073975826e-05
4.918597216073975826e-05
4.918597216073975826e-05
6.394176380896168235e-04
7.377895824110963265e-04
4.918597216073975826e-05
4.918597216073975826e-05
4.918597216073975826e-05
4.918597216073975826e-05
7.377895824110963265e-04
4.918597216073975826e-05
4.918597216073975826e-05
4.918597216073975826e-05
4.426737494466578176e-04
4.918597216073975826e-05
4.918597216073975826e-05
4.918597216073975826e-05
4.918597216073975826e-05
7.869755545718361322e-04
4.918597216073976233e-04
8.853474988933156351e-04
4.426737494466578176e-04
4.918597216073975826e-05
4.918597216073975826e-05
6.886036102503566292e-04
4.918597216073975826e-05
4.918597216073975826e-05
4.918597216073975826e-05
4.918597216073975826e-05
4.918597216073975826e-05
5.410456937681373205e-04
6.886036102503566292e-04
4.918597216073975826e-05
8.361615267325758294e-04
2.459298608036988116e-04
4.918597216073975826e-05
2.459298608036988116e-04
3.443018051251783146e-04
4.918597216073975826e-05
7.377895824110963265e-04
5.410456937681373205e-04
5.902316659288771262e-04
4.918597216073975826e-05
8.361615267325758294e-04
4.918597216073975826e-05
1.967438886429590330e-04
7.377895824110963265e-04
2.459298608036988116e-04
9.837194432147951652e-05
4.918597216073975826e-05
4.918597216073975826e-05
4.918597216073975826e-05
4.918597216073975826e-05
4.918597216073975826e-05
4.918597216073975826e-05
1.475579164822192816e-04
4.918597216073975826e-05
6.394176380896168235e-04
4.918597216073975826e-05
4.918597216073976233e-04
2.459298608036988116e-04
3.934877772859180661e-04
4.918597216073975826e-05
4.918597216073975826e-05
4.918597216073975826e-05
4.918597216073975826e-05
5.902316659288771262e-04
4.918597216073975826e-05
4.918597216073975826e-05
4.918597216073975826e-05
4.918597216073975826e-05
4.918597216073975826e-05
3.443018051251783146e-04
3.443018051251783146e-04
3.934877772859180661e-04
4.918597216073975826e-05
4.918597216073975826e-05
4.918597216073975826e-05
5.410456937681373205e-04
4.918597216073975826e-05
4.918597216073975826e-05
6.886036102503566292e-04
6.886036102503566292e-04
2.459298608036988116e-04
4.918597216073975826e-05
4.918597216073975826e-05
4.918597216073975826e-05
4.918597216073975826e-05
4.918597216073975826e-05
4.918597216073975826e-05
9.837194432147951652e-05
4.918597216073975826e-05
4.918597216073975826e-05
4.918597216073975826e-05
4.426737494466578176e-04
6.394176380896168235e-04
4.918597216073975826e-05
4.918597216073975826e-05
4.918597216073975826e-05
4.918597216073975826e-05
4.918597216073975826e-05
4.918597216073975826e-05
4.918597216073975826e-05
4.918597216073975826e-05
4.918597216073975826e-05
3.443018051251783146e-04
4.918597216073975826e-05
5.410456937681373205e-04
2.459298608036988116e-04
4.918597216073975826e-05
4.918597216073975826e-05
4.918597216073975826e-05
4.918597216073975826e-05
4.918597216073975826e-05
4.918597216073975826e-05
4.918597216073975826e-05
4.918597216073975826e-05
4.918597216073975826e-05
4.918597216073975826e-05
3.443018051251783146e-04
4.918597216073975826e-05
4.918597216073975826e-05
4.918597216073975826e-05
4.918597216073975826e-05
9.837194432147951652e-05
5.410456937681373205e-04
4.918597216073975826e-05
4.426737494466578176e-04
4.918597216073975826e-05
4.918597216073975826e-05
4.918597216073975826e-05
4.918597216073975826e-05
9.837194432147951652e-05
4.918597216073975826e-05
5.902316659288771262e-04
3.934877772859180661e-04
4.918597216073975826e-05
4.918597216073975826e-05
4.918597216073975826e-05
4.918597216073975826e-05
4.918597216073975826e-05
4.918597216073975826e-05
4.918597216073975826e-05
4.918597216073975826e-05
4.918597216073975826e-05
2.459298608036988116e-04
4.918597216073975826e-05
4.426737494466578176e-04
4.918597216073975826e-05
4.918597216073975826e-05
2.459298608036988116e-04
4.426737494466578176e-04
4.918597216073975826e-05
4.918597216073975826e-05
4.918597216073975826e-05
2.459298608036988116e-04
4.918597216073975826e-05
4.918597216073975826e-05
4.918597216073975826e-05
4.918597216073975826e-05
4.918597216073975826e-05
4.918597216073975826e-05
4.918597216073975826e-05
2.459298608036988116e-04
4.918597216073975826e-05
4.918597216073975826e-05
4.918597216073975826e-05
4.918597216073975826e-05
4.918597216073975826e-05
4.918597216073975826e-05
4.918597216073975826e-05
2.951158329644385631e-04
9.837194432147951652e-05
4.918597216073975826e-05
4.918597216073975826e-05
4.918597216073975826e-05
4.918597216073975826e-05
4.918597216073975826e-05
2.951158329644385631e-04
4.918597216073975826e-05
4.918597216073975826e-05
4.918597216073975826e-05
4.918597216073975826e-05
4.918597216073975826e-05
4.918597216073975826e-05
4.918597216073976233e-04
1.475579164822192816e-04
4.918597216073975826e-05
4.918597216073975826e-05
3.443018051251783146e-04
4.426737494466578176e-04
4.918597216073975826e-05
4.918597216073975826e-05
4.918597216073975826e-05
4.918597216073975826e-05
4.918597216073975826e-05
4.918597216073975826e-05
4.918597216073975826e-05
4.918597216073975826e-05
4.918597216073975826e-05
4.918597216073975826e-05
4.426737494466578176e-04
4.918597216073975826e-05
4.918597216073975826e-05
4.426737494466578176e-04
4.918597216073975826e-05
4.918597216073975826e-05
4.918597216073975826e-05
1.475579164822192816e-04
4.918597216073975826e-05
4.918597216073975826e-05
4.918597216073975826e-05
4.918597216073975826e-05
2.459298608036988116e-04
4.918597216073975826e-05
4.918597216073975826e-05
4.426737494466578176e-04
4.918597216073975826e-05
4.918597216073975826e-05
4.918597216073975826e-05
4.918597216073975826e-05
4.918597216073975826e-05
4.918597216073975826e-05
4.426737494466578176e-04
4.918597216073975826e-05
4.918597216073975826e-05
4.918597216073975826e-05
4.918597216073975826e-05
4.918597216073975826e-05
4.918597216073975826e-05
4.918597216073975826e-05
4.918597216073975826e-05
3.934877772859180661e-04
4.918597216073975826e-05
4.918597216073975826e-05
4.426737494466578176e-04
4.918597216073975826e-05
4.918597216073975826e-05
4.918597216073975826e-05
4.426737494466578176e-04
2.459298608036988116e-04
2.459298608036988116e-04
4.918597216073975826e-05
3.443018051251783146e-04
4.918597216073975826e-05
4.918597216073975826e-05
4.918597216073975826e-05
4.918597216073975826e-05
4.918597216073975826e-05
4.918597216073975826e-05
4.918597216073975826e-05
1.475579164822192816e-04
4.918597216073975826e-05
1.967438886429590330e-04
4.918597216073975826e-05
4.918597216073975826e-05
4.918597216073975826e-05
2.459298608036988116e-04
3.934877772859180661e-04
4.918597216073975826e-05
4.918597216073975826e-05
1.475579164822192816e-04
4.918597216073975826e-05
4.918597216073975826e-05
4.918597216073975826e-05
4.918597216073975826e-05
4.918597216073975826e-05
4.918597216073975826e-05
4.918597216073975826e-05
4.918597216073975826e-05
4.918597216073975826e-05
3.443018051251783146e-04
4.918597216073975826e-05
4.918597216073975826e-05
1.475579164822192816e-04
4.918597216073975826e-05
4.918597216073975826e-05
4.918597216073975826e-05
3.443018051251783146e-04
4.918597216073975826e-05
4.918597216073975826e-05
4.918597216073975826e-05
4.918597216073975826e-05
4.918597216073975826e-05
2.459298608036988116e-04
4.918597216073975826e-05
4.918597216073975826e-05
3.443018051251783146e-04
3.443018051251783146e-04
2.459298608036988116e-04
4.918597216073975826e-05
4.918597216073975826e-05
4.918597216073975826e-05
4.918597216073975826e-05
4.918597216073975826e-05
4.918597216073975826e-05
4.918597216073975826e-05
4.918597216073975826e-05
2.459298608036988116e-04
3.443018051251783146e-04
4.918597216073975826e-05
4.918597216073975826e-05
4.918597216073975826e-05
4.918597216073975826e-05
4.918597216073975826e-05
4.918597216073975826e-05
1.475579164822192816e-04
1.475579164822192816e-04
4.918597216073975826e-05
4.918597216073975826e-05
3.443018051251783146e-04
4.918597216073975826e-05
4.918597216073975826e-05
4.918597216073975826e-05
1.475579164822192816e-04
4.918597216073975826e-05
4.918597216073975826e-05
4.918597216073975826e-05
3.443018051251783146e-04
4.918597216073975826e-05
4.918597216073975826e-05
4.918597216073975826e-05
4.918597216073975826e-05
4.918597216073975826e-05
4.918597216073975826e-05
4.918597216073975826e-05
4.918597216073975826e-05
4.918597216073975826e-05
4.918597216073975826e-05
4.918597216073975826e-05
4.918597216073975826e-05
2.951158329644385631e-04
4.918597216073975826e-05
4.918597216073975826e-05
4.918597216073975826e-05
4.918597216073975826e-05
4.918597216073975826e-05
4.918597216073975826e-05
4.918597216073975826e-05
4.918597216073975826e-05
1.967438886429590330e-04
4.918597216073975826e-05
4.918597216073975826e-05
4.918597216073975826e-05
4.918597216073975826e-05
