2.547342700061087234e-02
2.459376908979841320e-02
2.101405009163103202e-02
2.085522296884544796e-02
1.960904092852779404e-02
2.061087354917532158e-02
1.808185705558949460e-02
1.709224190592547460e-02
1.659132559560171083e-02
1.160659743433109341e-02
1.133781307269395196e-02
1.043372021991447775e-02
1.086133170433720152e-02
1.075137446548564413e-02
9.859499083689675716e-03
9.297495418448381219e-03
9.285277947464875420e-03
8.894318875992669043e-03
7.929138668295662370e-03
8.014660965180208166e-03
7.525962125839951063e-03
7.965791081246181501e-03
7.183872938301771351e-03
7.159437996334758886e-03
7.073915699450213958e-03
6.670739156994501783e-03
6.511912034208918593e-03
6.450824679291386997e-03
6.365302382406842069e-03
6.120952962736713084e-03
6.304215027489309606e-03
5.949908368967624095e-03
5.497861942577886123e-03
5.791081246182040038e-03
5.314599877825290468e-03
5.448992058643860326e-03
5.681124007330482645e-03
5.448992058643860326e-03
5.754428833231520907e-03
5.351252290775809599e-03
5.241295051924251339e-03
5.058032987171655684e-03
5.204642638973732208e-03
4.569334147831398581e-03
4.654856444715943509e-03
4.691508857666462640e-03
4.838118509468540031e-03
4.654856444715943509e-03
4.691508857666462640e-03
4.703726328649969306e-03
4.581551618814905247e-03
4.605986560781917712e-03
4.764813683567501769e-03
4.288332315210751332e-03
3.970678069639584952e-03
4.215027489309713070e-03
4.557116676847892782e-03
4.227244960293219736e-03
4.056200366524129880e-03
4.630421502748931044e-03
4.447159437996334522e-03
3.372021991447770456e-03
3.909590714722052489e-03
3.848503359804520459e-03
3.762981062919975531e-03
3.848503359804520459e-03
3.872938301771533358e-03
3.213194868662186832e-03
3.420891875381795819e-03
3.640806353084911472e-03
2.565668906536346973e-03
3.347587049480757557e-03
3.335369578497250891e-03
3.420891875381795819e-03
3.384239462431276688e-03
2.907758094074526685e-03
3.103237629810629006e-03
3.347587049480757557e-03
2.590103848503359871e-03
2.357971899816737986e-03
2.968845448992058714e-03
2.993280390959071613e-03
3.078802687843616541e-03
2.895540623091020019e-03
3.127672571777641904e-03
3.078802687843616541e-03
2.614538790470372770e-03
3.091020158827122773e-03
2.773365913255955960e-03
2.895540623091020019e-03
2.834453268173487989e-03
2.883323152107513786e-03
2.553451435552840740e-03
2.846670739156994655e-03
2.419059254734270015e-03
2.602321319486866104e-03
2.724496029321930163e-03
2.296884544899205956e-03
2.333536957849725087e-03
2.394624312767257117e-03
2.052535125229077405e-03
2.480146609651802045e-03
1.967012828344532477e-03
2.321319486866218855e-03
2.370189370800244218e-03
2.357971899816737986e-03
2.186927306047648130e-03
2.150274893097128999e-03
1.979230299328039143e-03
2.199144777031154362e-03
2.138057422113622333e-03
2.260232131948686825e-03
1.551618814905314503e-03
2.015882712278558274e-03
2.076970067196090303e-03
1.539401343921808270e-03
1.832620647525962185e-03
1.930360415394013346e-03
2.003665241295052041e-03
2.015882712278558274e-03
1.893708002443494215e-03
1.954795357361026244e-03
1.844838118509468635e-03
1.942577886377519795e-03
1.808185705558949287e-03
1.905925473427000664e-03
1.808185705558949287e-03
1.808185705558949287e-03
1.673793524740378779e-03
1.637141111789859431e-03
1.343921808185705516e-03
1.514966401954795372e-03
1.771533292608430156e-03
1.795968234575442838e-03
1.453879047037263342e-03
1.857055589492974867e-03
1.466096518020769792e-03
1.734880879657910808e-03
1.808185705558949287e-03
1.686010995723885228e-03
1.686010995723885228e-03
1.588271227855833851e-03
1.661576053756872329e-03
1.710445937690897910e-03
1.637141111789859431e-03
1.722663408674404359e-03
1.771533292608430156e-03
1.539401343921808270e-03
1.686010995723885228e-03
1.600488698839340300e-03
1.490531459987782473e-03
1.368356750152718414e-03
1.710445937690897910e-03
1.466096518020769792e-03
1.502748930971288923e-03
1.417226634086743995e-03
1.514966401954795372e-03
1.392791692119731313e-03
1.441661576053756893e-03
1.453879047037263342e-03
1.441661576053756893e-03
1.405009163103237545e-03
1.417226634086743995e-03
1.441661576053756893e-03
1.563836285888820952e-03
1.417226634086743995e-03
1.148442272449602978e-03
1.478313989004276024e-03
1.392791692119731313e-03
1.319486866218692834e-03
1.478313989004276024e-03
1.319486866218692834e-03
1.282834453268173486e-03
1.270616982284667037e-03
1.295051924251679936e-03
1.356139279169211965e-03
9.529627367135003321e-04
1.001832620647526021e-03
1.356139279169211965e-03
1.270616982284667037e-03
1.356139279169211965e-03
1.319486866218692834e-03
1.136224801466096529e-03
8.552229688454489548e-04
1.343921808185705516e-03
1.172877214416615660e-03
1.197312156383628558e-03
1.160659743433109427e-03
1.258399511301160588e-03
1.246182040317654139e-03
1.197312156383628558e-03
1.282834453268173486e-03
1.319486866218692834e-03
1.160659743433109427e-03
1.233964569334147906e-03
1.197312156383628558e-03
1.209529627367135008e-03
9.896151496640195715e-04
1.197312156383628558e-03
1.148442272449602978e-03
1.111789859499083630e-03
1.160659743433109427e-03
1.136224801466096529e-03
1.001832620647526021e-03
1.099572388515577181e-03
1.148442272449602978e-03
1.001832620647526021e-03
1.050702504581551601e-03
1.124007330482590080e-03
9.773976786805131222e-04
1.026267562614538702e-03
1.014050091631032470e-03
1.038485033598045152e-03
6.719609040928527580e-04
9.651802076970066729e-04
1.038485033598045152e-03
8.918753817959681942e-04
9.040928527794746435e-04
9.285277947464874336e-04
9.896151496640195715e-04
8.674404398289554041e-04
9.285277947464874336e-04
9.163103237629810927e-04
9.773976786805131222e-04
9.773976786805131222e-04
8.796579108124618534e-04
1.001832620647526021e-03
8.796579108124618534e-04
5.375687232742822497e-04
9.285277947464874336e-04
1.001832620647526021e-03
9.896151496640195715e-04
9.407452657299938828e-04
9.773976786805131222e-04
9.773976786805131222e-04
8.307880268784361647e-04
8.674404398289554041e-04
9.651802076970066729e-04
9.651802076970066729e-04
7.941356139279169253e-04
8.430054978619426140e-04
9.529627367135003321e-04
8.185705558949297155e-04
9.407452657299938828e-04
9.407452657299938828e-04
8.918753817959681942e-04
6.841783750763592072e-04
9.040928527794746435e-04
8.063530849114233746e-04
8.307880268784361647e-04
8.430054978619426140e-04
8.552229688454489548e-04
8.674404398289554041e-04
7.452657299938912367e-04
7.697006719609041352e-04
8.552229688454489548e-04
7.819181429444104761e-04
8.185705558949297155e-04
8.185705558949297155e-04
7.941356139279169253e-04
8.307880268784361647e-04
7.819181429444104761e-04
7.330482590103848959e-04
7.941356139279169253e-04
6.475259621258399679e-04
7.208307880268784466e-04
7.330482590103848959e-04
7.208307880268784466e-04
7.819181429444104761e-04
7.330482590103848959e-04
7.086133170433719973e-04
7.574832009773976860e-04
7.697006719609041352e-04
6.841783750763592072e-04
7.330482590103848959e-04
7.086133170433719973e-04
6.963958460598656565e-04
6.597434331093464171e-04
7.330482590103848959e-04
6.353084911423335186e-04
6.475259621258399679e-04
5.742211362248014891e-04
5.742211362248014891e-04
7.086133170433719973e-04
5.620036652412950398e-04
7.208307880268784466e-04
7.086133170433719973e-04
7.208307880268784466e-04
6.597434331093464171e-04
6.108735491753207285e-04
6.475259621258399679e-04
6.597434331093464171e-04
6.597434331093464171e-04
6.230910201588270693e-04
6.475259621258399679e-04
5.742211362248014891e-04
5.497861942577885906e-04
5.986560781918142792e-04
5.742211362248014891e-04
6.108735491753207285e-04
6.108735491753207285e-04
5.864386072083078300e-04
5.864386072083078300e-04
1.954795357361026190e-04
5.986560781918142792e-04
5.131337813072693512e-04
6.353084911423335186e-04
1.954795357361026190e-04
5.131337813072693512e-04
5.375687232742822497e-04
5.009163103237630104e-04
5.009163103237630104e-04
5.742211362248014891e-04
5.620036652412950398e-04
5.497861942577885906e-04
5.009163103237630104e-04
5.864386072083078300e-04
5.131337813072693512e-04
4.886988393402565611e-04
5.742211362248014891e-04
5.253512522907758005e-04
5.375687232742822497e-04
5.253512522907758005e-04
5.742211362248014891e-04
4.642638973732437168e-04
5.742211362248014891e-04
5.620036652412950398e-04
5.497861942577885906e-04
5.620036652412950398e-04
4.642638973732437168e-04
5.620036652412950398e-04
5.131337813072693512e-04
1.099572388515577317e-04
5.009163103237630104e-04
1.221747098350641403e-04
5.009163103237630104e-04
4.886988393402565475e-05
5.009163103237630104e-04
5.375687232742822497e-04
5.375687232742822497e-04
5.375687232742822497e-04
4.642638973732437168e-04
5.131337813072693512e-04
5.009163103237630104e-04
4.642638973732437168e-04
4.031765424557116873e-04
8.552229688454490090e-05
4.153940134392180824e-04
4.153940134392180824e-04
5.131337813072693512e-04
3.909590714722052380e-04
4.886988393402565611e-04
5.009163103237630104e-04
5.009163103237630104e-04
4.764813683567501660e-04
8.552229688454490090e-05
7.330482590103847874e-05
4.642638973732437168e-04
4.520464263897373217e-04
5.009163103237630104e-04
4.764813683567501660e-04
4.520464263897373217e-04
6.108735491753207014e-05
4.398289554062309267e-04
4.886988393402565611e-04
4.153940134392180824e-04
4.764813683567501660e-04
4.642638973732437168e-04
3.909590714722052380e-04
4.520464263897373217e-04
4.398289554062309267e-04
4.642638973732437168e-04
4.276114844227244774e-04
4.764813683567501660e-04
4.764813683567501660e-04
4.276114844227244774e-04
3.665241295051923937e-05
3.665241295051924479e-04
2.443494196701282738e-05
4.031765424557116873e-04
4.398289554062309267e-04
3.909590714722052380e-04
4.398289554062309267e-04
4.153940134392180824e-04
4.642638973732437168e-04
1.221747098350641369e-05
4.276114844227244774e-04
4.520464263897373217e-04
4.520464263897373217e-04
3.909590714722052380e-04
4.398289554062309267e-04
4.153940134392180824e-04
3.665241295051924479e-04
3.909590714722052380e-04
3.665241295051924479e-04
4.398289554062309267e-04
2.687843616371411249e-04
4.031765424557116873e-04
3.298717165546732086e-04
0.000000000000000000e+00
3.909590714722052380e-04
0.000000000000000000e+00
4.031765424557116873e-04
3.298717165546732086e-04
0.000000000000000000e+00
0.000000000000000000e+00
0.000000000000000000e+00
0.000000000000000000e+00
3.787416004886988430e-04
4.153940134392180824e-04
4.153940134392180824e-04
3.665241295051924479e-04
3.176542455711667593e-04
4.153940134392180824e-04
3.665241295051924479e-04
4.153940134392180824e-04
4.153940134392180824e-04
3.909590714722052380e-04
3.665241295051924479e-04
3.176542455711667593e-04
3.665241295051924479e-04
3.909590714722052380e-04
3.176542455711667593e-04
3.909590714722052380e-04
3.909590714722052380e-04
2.932193036041539150e-04
3.298717165546732086e-04
3.909590714722052380e-04
3.909590714722052380e-04
3.176542455711667593e-04
3.909590714722052380e-04
3.665241295051924479e-04
3.665241295051924479e-04
3.665241295051924479e-04
3.665241295051924479e-04
2.932193036041539150e-04
3.420891875381796036e-04
3.665241295051924479e-04
3.665241295051924479e-04
3.665241295051924479e-04
3.054367745876603642e-04
3.176542455711667593e-04
3.543066585216859987e-04
3.176542455711667593e-04
3.543066585216859987e-04
3.176542455711667593e-04
3.543066585216859987e-04
2.932193036041539150e-04
2.932193036041539150e-04
3.543066585216859987e-04
2.810018326206475199e-04
3.420891875381796036e-04
3.420891875381796036e-04
3.420891875381796036e-04
2.443494196701282806e-04
3.298717165546732086e-04
2.443494196701282806e-04
3.176542455711667593e-04
3.420891875381796036e-04
2.932193036041539150e-04
3.176542455711667593e-04
3.298717165546732086e-04
3.176542455711667593e-04
2.443494196701282806e-04
3.298717165546732086e-04
3.054367745876603642e-04
3.298717165546732086e-04
2.810018326206475199e-04
3.176542455711667593e-04
2.687843616371411249e-04
3.176542455711667593e-04
2.687843616371411249e-04
2.565668906536346756e-04
2.932193036041539150e-04
2.687843616371411249e-04
3.054367745876603642e-04
2.810018326206475199e-04
3.054367745876603642e-04
3.054367745876603642e-04
2.810018326206475199e-04
3.054367745876603642e-04
3.054367745876603642e-04
2.565668906536346756e-04
2.810018326206475199e-04
2.810018326206475199e-04
2.687843616371411249e-04
2.932193036041539150e-04
3.054367745876603642e-04
3.054367745876603642e-04
3.054367745876603642e-04
2.932193036041539150e-04
2.932193036041539150e-04
2.932193036041539150e-04
2.932193036041539150e-04
2.199144777031154633e-04
2.687843616371411249e-04
2.687843616371411249e-04
2.810018326206475199e-04
2.810018326206475199e-04
2.687843616371411249e-04
2.687843616371411249e-04
2.810018326206475199e-04
2.687843616371411249e-04
2.810018326206475199e-04
2.810018326206475199e-04
2.687843616371411249e-04
2.321319486866218584e-04
2.199144777031154633e-04
2.443494196701282806e-04
7.330482590103847874e-05
2.687843616371411249e-04
2.443494196701282806e-04
2.687843616371411249e-04
2.565668906536346756e-04
2.687843616371411249e-04
2.443494196701282806e-04
1.954795357361026190e-04
2.687843616371411249e-04
2.687843616371411249e-04
2.076970067196090412e-04
2.321319486866218584e-04
2.199144777031154633e-04
2.321319486866218584e-04
2.443494196701282806e-04
2.443494196701282806e-04
2.443494196701282806e-04
1.466096518020769575e-04
1.832620647525962240e-04
2.443494196701282806e-04
2.443494196701282806e-04
2.321319486866218584e-04
1.954795357361026190e-04
1.954795357361026190e-04
2.443494196701282806e-04
2.076970067196090412e-04
1.832620647525962240e-04
2.199144777031154633e-04
2.321319486866218584e-04
1.343921808185705624e-04
2.321319486866218584e-04
1.710445937690898018e-04
1.954795357361026190e-04
2.321319486866218584e-04
2.321319486866218584e-04
2.321319486866218584e-04
2.076970067196090412e-04
2.199144777031154633e-04
1.588271227855833796e-04
1.954795357361026190e-04
2.076970067196090412e-04
1.832620647525962240e-04
2.199144777031154633e-04
2.199144777031154633e-04
2.199144777031154633e-04
1.221747098350641403e-04
2.199144777031154633e-04
1.832620647525962240e-04
1.832620647525962240e-04
2.199144777031154633e-04
2.199144777031154633e-04
2.199144777031154633e-04
1.954795357361026190e-04
2.199144777031154633e-04
2.199144777031154633e-04
2.199144777031154633e-04
1.954795357361026190e-04
2.199144777031154633e-04
1.710445937690898018e-04
2.199144777031154633e-04
1.954795357361026190e-04
1.954795357361026190e-04
2.076970067196090412e-04
1.832620647525962240e-04
1.954795357361026190e-04
1.954795357361026190e-04
1.954795357361026190e-04
1.832620647525962240e-04
2.076970067196090412e-04
2.076970067196090412e-04
2.076970067196090412e-04
1.954795357361026190e-04
1.832620647525962240e-04
1.954795357361026190e-04
1.954795357361026190e-04
1.832620647525962240e-04
1.954795357361026190e-04
1.832620647525962240e-04
1.954795357361026190e-04
1.954795357361026190e-04
1.954795357361026190e-04
1.954795357361026190e-04
1.954795357361026190e-04
1.832620647525962240e-04
1.954795357361026190e-04
1.710445937690898018e-04
1.954795357361026190e-04
1.954795357361026190e-04
1.588271227855833796e-04
1.954795357361026190e-04
1.954795357361026190e-04
1.954795357361026190e-04
1.954795357361026190e-04
1.343921808185705624e-04
1.710445937690898018e-04
1.954795357361026190e-04
1.954795357361026190e-04
1.832620647525962240e-04
1.710445937690898018e-04
1.466096518020769575e-04
1.832620647525962240e-04
1.588271227855833796e-04
1.832620647525962240e-04
1.832620647525962240e-04
1.832620647525962240e-04
1.710445937690898018e-04
1.710445937690898018e-04
1.466096518020769575e-04
1.710445937690898018e-04
1.710445937690898018e-04
1.710445937690898018e-04
1.710445937690898018e-04
1.710445937690898018e-04
1.221747098350641403e-04
1.710445937690898018e-04
1.710445937690898018e-04
1.710445937690898018e-04
1.710445937690898018e-04
1.710445937690898018e-04
1.710445937690898018e-04
1.710445937690898018e-04
1.588271227855833796e-04
1.710445937690898018e-04
1.710445937690898018e-04
1.710445937690898018e-04
1.710445937690898018e-04
1.588271227855833796e-04
1.588271227855833796e-04
1.588271227855833796e-04
1.588271227855833796e-04
1.588271227855833796e-04
1.588271227855833796e-04
1.588271227855833796e-04
1.221747098350641403e-04
1.343921808185705624e-04
1.588271227855833796e-04
1.588271227855833796e-04
1.588271227855833796e-04
1.466096518020769575e-04
1.588271227855833796e-04
1.466096518020769575e-04
1.588271227855833796e-04
1.466096518020769575e-04
1.466096518020769575e-04
1.466096518020769575e-04
1.466096518020769575e-04
1.466096518020769575e-04
1.466096518020769575e-04
1.466096518020769575e-04
1.221747098350641403e-04
1.466096518020769575e-04
1.466096518020769575e-04
1.466096518020769575e-04
1.221747098350641403e-04
1.466096518020769575e-04
1.466096518020769575e-04
1.466096518020769575e-04
1.466096518020769575e-04
1.466096518020769575e-04
1.466096518020769575e-04
1.221747098350641403e-04
7.330482590103847874e-05
7.330482590103847874e-05
1.466096518020769575e-04
1.099572388515577317e-04
1.466096518020769575e-04
1.221747098350641403e-04
9.773976786805130951e-05
1.099572388515577317e-04
1.343921808185705624e-04
1.343921808185705624e-04
1.099572388515577317e-04
1.221747098350641403e-04
1.343921808185705624e-04
1.343921808185705624e-04
1.099572388515577317e-04
1.343921808185705624e-04
1.099572388515577317e-04
1.099572388515577317e-04
1.099572388515577317e-04
1.099572388515577317e-04
1.221747098350641403e-04
1.221747098350641403e-04
1.221747098350641403e-04
1.221747098350641403e-04
1.221747098350641403e-04
1.221747098350641403e-04
1.221747098350641403e-04
9.773976786805130951e-05
9.773976786805130951e-05
4.886988393402565475e-05
1.221747098350641403e-04
1.221747098350641403e-04
1.099572388515577317e-04
1.221747098350641403e-04
1.221747098350641403e-04
1.099572388515577317e-04
1.221747098350641403e-04
1.221747098350641403e-04
1.099572388515577317e-04
1.221747098350641403e-04
1.099572388515577317e-04
1.221747098350641403e-04
1.221747098350641403e-04
1.099572388515577317e-04
1.099572388515577317e-04
1.221747098350641403e-04
9.773976786805130951e-05
1.221747098350641403e-04
1.099572388515577317e-04
1.099572388515577317e-04
1.099572388515577317e-04
9.773976786805130951e-05
1.221747098350641403e-04
1.221747098350641403e-04
1.221747098350641403e-04
1.221747098350641403e-04
1.221747098350641403e-04
1.099572388515577317e-04
9.773976786805130951e-05
1.099572388515577317e-04
1.099572388515577317e-04
9.773976786805130951e-05
9.773976786805130951e-05
1.099572388515577317e-04
1.099572388515577317e-04
1.099572388515577317e-04
9.773976786805130951e-05
9.773976786805130951e-05
1.099572388515577317e-04
9.773976786805130951e-05
1.099572388515577317e-04
1.099572388515577317e-04
7.330482590103847874e-05
8.552229688454490090e-05
9.773976786805130951e-05
9.773976786805130951e-05
9.773976786805130951e-05
9.773976786805130951e-05
4.886988393402565475e-05
9.773976786805130951e-05
9.773976786805130951e-05
8.552229688454490090e-05
9.773976786805130951e-05
9.773976786805130951e-05
9.773976786805130951e-05
9.773976786805130951e-05
9.773976786805130951e-05
9.773976786805130951e-05
9.773976786805130951e-05
7.330482590103847874e-05
9.773976786805130951e-05
7.330482590103847874e-05
9.773976786805130951e-05
9.773976786805130951e-05
4.886988393402565475e-05
9.773976786805130951e-05
9.773976786805130951e-05
8.552229688454490090e-05
9.773976786805130951e-05
9.773976786805130951e-05
8.552229688454490090e-05
9.773976786805130951e-05
9.773976786805130951e-05
9.773976786805130951e-05
9.773976786805130951e-05
8.552229688454490090e-05
9.773976786805130951e-05
9.773976786805130951e-05
9.773976786805130951e-05
9.773976786805130951e-05
9.773976786805130951e-05
9.773976786805130951e-05
9.773976786805130951e-05
9.773976786805130951e-05
9.773976786805130951e-05
9.773976786805130951e-05
9.773976786805130951e-05
9.773976786805130951e-05
9.773976786805130951e-05
8.552229688454490090e-05
9.773976786805130951e-05
9.773976786805130951e-05
4.886988393402565475e-05
9.773976786805130951e-05
9.773976786805130951e-05
9.773976786805130951e-05
7.330482590103847874e-05
9.773976786805130951e-05
8.552229688454490090e-05
8.552229688454490090e-05
8.552229688454490090e-05
8.552229688454490090e-05
8.552229688454490090e-05
7.330482590103847874e-05
8.552229688454490090e-05
7.330482590103847874e-05
8.552229688454490090e-05
8.552229688454490090e-05
7.330482590103847874e-05
7.330482590103847874e-05
8.552229688454490090e-05
7.330482590103847874e-05
8.552229688454490090e-05
8.552229688454490090e-05
8.552229688454490090e-05
8.552229688454490090e-05
8.552229688454490090e-05
6.108735491753207014e-05
7.330482590103847874e-05
7.330482590103847874e-05
7.330482590103847874e-05
7.330482590103847874e-05
7.330482590103847874e-05
7.330482590103847874e-05
7.330482590103847874e-05
7.330482590103847874e-05
7.330482590103847874e-05
7.330482590103847874e-05
7.330482590103847874e-05
7.330482590103847874e-05
7.330482590103847874e-05
4.886988393402565475e-05
7.330482590103847874e-05
4.886988393402565475e-05
7.330482590103847874e-05
7.330482590103847874e-05
7.330482590103847874e-05
7.330482590103847874e-05
7.330482590103847874e-05
7.330482590103847874e-05
7.330482590103847874e-05
7.330482590103847874e-05
6.108735491753207014e-05
7.330482590103847874e-05
7.330482590103847874e-05
7.330482590103847874e-05
7.330482590103847874e-05
7.330482590103847874e-05
7.330482590103847874e-05
7.330482590103847874e-05
7.330482590103847874e-05
7.330482590103847874e-05
7.330482590103847874e-05
7.330482590103847874e-05
7.330482590103847874e-05
6.108735491753207014e-05
7.330482590103847874e-05
6.108735491753207014e-05
7.330482590103847874e-05
7.330482590103847874e-05
7.330482590103847874e-05
7.330482590103847874e-05
7.330482590103847874e-05
7.330482590103847874e-05
2.443494196701282738e-05
7.330482590103847874e-05
7.330482590103847874e-05
7.330482590103847874e-05
7.330482590103847874e-05
7.330482590103847874e-05
7.330482590103847874e-05
7.330482590103847874e-05
3.665241295051923937e-05
7.330482590103847874e-05
7.330482590103847874e-05
7.330482590103847874e-05
7.330482590103847874e-05
7.330482590103847874e-05
7.330482590103847874e-05
4.886988393402565475e-05
6.108735491753207014e-05
7.330482590103847874e-05
7.330482590103847874e-05
7.330482590103847874e-05
7.330482590103847874e-05
6.108735491753207014e-05
6.108735491753207014e-05
6.108735491753207014e-05
6.108735491753207014e-05
6.108735491753207014e-05
4.886988393402565475e-05
6.108735491753207014e-05
6.108735491753207014e-05
4.886988393402565475e-05
6.108735491753207014e-05
3.665241295051923937e-05
6.108735491753207014e-05
6.108735491753207014e-05
4.886988393402565475e-05
6.108735491753207014e-05
