3.958828186856690233e-04
2.375296912114014357e-03
3.958828186856690233e-04
3.958828186856690233e-04
3.958828186856690233e-04
7.917656373713380467e-04
2.395091053048297725e-01
3.958828186856690233e-04
3.958828186856690233e-04
7.917656373713380467e-04
3.958828186856690233e-04
2.434679334916864668e-01
3.958828186856690233e-04
3.958828186856690233e-04
3.958828186856690233e-04
3.958828186856690233e-04
3.958828186856690233e-04
3.958828186856690233e-04
7.917656373713380467e-04
3.958828186856690233e-04
3.958828186856690233e-04
3.958828186856690233e-04
3.958828186856690233e-04
2.771179730799683272e-03
3.958828186856690233e-04
3.958828186856690233e-04
3.958828186856690233e-04
1.979414093428345008e-03
3.958828186856690233e-04
3.958828186856690233e-04
4.354711005542359799e-03
3.958828186856690233e-04
3.958828186856690233e-04
2.375296912114014357e-03
7.917656373713380467e-04
3.958828186856690233e-04
3.958828186856690233e-04
3.958828186856690233e-04
3.958828186856690233e-04
3.958828186856690233e-04
3.958828186856690233e-04
3.958828186856690233e-04
3.958828186856690233e-04
3.958828186856690233e-04
3.958828186856690233e-04
3.958828186856690233e-04
1.187648456057007178e-03
3.958828186856690233e-04
3.958828186856690233e-04
3.958828186856690233e-04
3.958828186856690233e-04
3.958828186856690233e-04
3.958828186856690233e-04
3.958828186856690233e-04
3.958828186856690233e-04
4.354711005542359799e-03
3.562945368171021535e-03
3.958828186856690233e-04
3.958828186856690233e-04
7.917656373713380467e-04
3.958828186856690233e-04
3.958828186856690233e-04
3.958828186856690233e-04
3.958828186856690233e-04
3.958828186856690233e-04
5.938242280285035458e-03
3.958828186856690233e-04
3.958828186856690233e-04
3.958828186856690233e-04
3.958828186856690233e-04
3.958828186856690233e-04
3.958828186856690233e-04
3.958828186856690233e-04
3.958828186856690233e-04
3.958828186856690233e-04
3.958828186856690233e-04
3.958828186856690233e-04
3.958828186856690233e-04
3.958828186856690233e-04
3.958828186856690233e-04
3.958828186856690233e-04
3.958828186856690233e-04
3.958828186856690233e-04
3.958828186856690233e-04
3.958828186856690233e-04
3.958828186856690233e-04
3.958828186856690233e-04
3.958828186856690233e-04
3.958828186856690233e-04
3.958828186856690233e-04
3.958828186856690233e-04
3.958828186856690233e-04
3.958828186856690233e-04
3.958828186856690233e-04
3.958828186856690233e-04
3.958828186856690233e-04
3.958828186856690233e-04
3.958828186856690233e-04
3.958828186856690233e-04
3.958828186856690233e-04
7.917656373713380467e-04
3.958828186856690233e-04
3.958828186856690233e-04
3.958828186856690233e-04
3.958828186856690233e-04
3.958828186856690233e-04
3.958828186856690233e-04
3.958828186856690233e-04
3.958828186856690233e-04
7.917656373713380467e-04
3.958828186856690233e-04
3.958828186856690233e-04
3.958828186856690233e-04
3.958828186856690233e-04
3.958828186856690233e-04
2.098178939034045856e-02
3.958828186856690233e-04
3.958828186856690233e-04
3.958828186856690233e-04
3.681710213776721863e-02
3.958828186856690233e-04
3.958828186856690233e-04
3.958828186856690233e-04
3.958828186856690233e-04
3.958828186856690233e-04
7.917656373713380467e-04
2.771179730799683272e-03
3.958828186856690233e-04
2.771179730799683272e-03
3.958828186856690233e-04
3.958828186856690233e-04
3.958828186856690233e-04
3.958828186856690233e-04
2.177355502771179813e-02
3.958828186856690233e-04
3.958828186856690233e-04
3.958828186856690233e-04
3.958828186856690233e-04
3.958828186856690233e-04
3.958828186856690233e-04
3.958828186856690233e-04
3.958828186856690233e-04
3.958828186856690233e-04
3.958828186856690233e-04
3.958828186856690233e-04
3.958828186856690233e-04
3.958828186856690233e-04
3.958828186856690233e-04
3.958828186856690233e-04
3.958828186856690233e-04
1.900237529691211485e-02
3.958828186856690233e-04
3.958828186856690233e-04
3.958828186856690233e-04
3.958828186856690233e-04
3.958828186856690233e-04
3.958828186856690233e-04
3.958828186856690233e-04
3.958828186856690233e-04
3.958828186856690233e-04
3.958828186856690233e-04
3.958828186856690233e-04
3.958828186856690233e-04
3.958828186856690233e-04
3.958828186856690233e-04
3.958828186856690233e-04
3.958828186856690233e-04
3.958828186856690233e-04
3.958828186856690233e-04
3.958828186856690233e-04
3.958828186856690233e-04
3.958828186856690233e-04
3.958828186856690233e-04
3.958828186856690233e-04
3.958828186856690233e-04
3.958828186856690233e-04
3.958828186856690233e-04
3.958828186856690233e-04
3.958828186856690233e-04
3.958828186856690233e-04
3.958828186856690233e-04
3.958828186856690233e-04
3.958828186856690233e-04
3.958828186856690233e-04
3.958828186856690233e-04
3.958828186856690233e-04
3.958828186856690233e-04
3.958828186856690233e-04
3.958828186856690233e-04
3.958828186856690233e-04
3.958828186856690233e-04
3.958828186856690233e-04
3.958828186856690233e-04
3.958828186856690233e-04
3.958828186856690233e-04
3.958828186856690233e-04
3.958828186856690233e-04
3.958828186856690233e-04
3.958828186856690233e-04
3.958828186856690233e-04
3.958828186856690233e-04
3.958828186856690233e-04
3.958828186856690233e-04
3.958828186856690233e-04
3.958828186856690233e-04
3.958828186856690233e-04
3.958828186856690233e-04
3.958828186856690233e-04
3.958828186856690233e-04
3.958828186856690233e-04
3.958828186856690233e-04
3.958828186856690233e-04
2.771179730799683272e-03
3.958828186856690233e-04
3.958828186856690233e-04
3.958828186856690233e-04
3.958828186856690233e-04
3.958828186856690233e-04
3.958828186856690233e-04
3.958828186856690233e-04
3.958828186856690233e-04
3.958828186856690233e-04
3.958828186856690233e-04
3.958828186856690233e-04
3.958828186856690233e-04
3.958828186856690233e-04
3.958828186856690233e-04
3.958828186856690233e-04
3.958828186856690233e-04
3.958828186856690233e-04
3.958828186856690233e-04
3.958828186856690233e-04
3.958828186856690233e-04
3.958828186856690233e-04
3.958828186856690233e-04
3.958828186856690233e-04
3.958828186856690233e-04
3.958828186856690233e-04
3.958828186856690233e-04
3.958828186856690233e-04
3.958828186856690233e-04
3.958828186856690233e-04
3.958828186856690233e-04
3.958828186856690233e-04
3.958828186856690233e-04
3.958828186856690233e-04
3.958828186856690233e-04
3.958828186856690233e-04
3.958828186856690233e-04
3.958828186856690233e-04
3.958828186856690233e-04
3.958828186856690233e-04
3.958828186856690233e-04
3.958828186856690233e-04
3.958828186856690233e-04
3.958828186856690233e-04
3.958828186856690233e-04
3.958828186856690233e-04
3.958828186856690233e-04
3.958828186856690233e-04
3.958828186856690233e-04
3.958828186856690233e-04
3.958828186856690233e-04
3.958828186856690233e-04
8.709422011084719598e-03
3.958828186856690233e-04
3.958828186856690233e-04
3.958828186856690233e-04
3.958828186856690233e-04
7.917656373713380467e-04
3.958828186856690233e-04
3.958828186856690233e-04
1.187648456057007178e-03
3.958828186856690233e-04
3.958828186856690233e-04
3.958828186856690233e-04
9.105304829770387645e-03
3.958828186856690233e-04
3.958828186856690233e-04
3.958828186856690233e-04
3.958828186856690233e-04
3.958828186856690233e-04
3.958828186856690233e-04
3.958828186856690233e-04
3.958828186856690233e-04
3.958828186856690233e-04
3.958828186856690233e-04
3.958828186856690233e-04
3.958828186856690233e-04
3.958828186856690233e-04
3.958828186856690233e-04
3.958828186856690233e-04
3.958828186856690233e-04
3.958828186856690233e-04
3.958828186856690233e-04
3.958828186856690233e-04
3.958828186856690233e-04
1.979414093428345008e-03
3.958828186856690233e-04
3.958828186856690233e-04
2.771179730799683272e-03
3.958828186856690233e-04
3.958828186856690233e-04
3.958828186856690233e-04
3.958828186856690233e-04
3.958828186856690233e-04
3.958828186856690233e-04
3.958828186856690233e-04
3.958828186856690233e-04
3.958828186856690233e-04
3.958828186856690233e-04
3.958828186856690233e-04
3.958828186856690233e-04
3.958828186856690233e-04
3.958828186856690233e-04
3.958828186856690233e-04
3.958828186856690233e-04
3.958828186856690233e-04
3.958828186856690233e-04
3.958828186856690233e-04
3.958828186856690233e-04
3.958828186856690233e-04
3.958828186856690233e-04
3.958828186856690233e-04
3.958828186856690233e-04
3.958828186856690233e-04
3.958828186856690233e-04
3.958828186856690233e-04
7.917656373713380467e-04
3.958828186856690233e-04
7.917656373713380467e-04
3.958828186856690233e-04
3.958828186856690233e-04
3.958828186856690233e-04
3.958828186856690233e-04
3.958828186856690233e-04
3.958828186856690233e-04
3.958828186856690233e-04
3.958828186856690233e-04
3.958828186856690233e-04
3.958828186856690233e-04
3.958828186856690233e-04
3.958828186856690233e-04
3.958828186856690233e-04
3.958828186856690233e-04
3.958828186856690233e-04
3.958828186856690233e-04
2.375296912114014357e-03
3.958828186856690233e-04
3.958828186856690233e-04
3.958828186856690233e-04
3.958828186856690233e-04
3.958828186856690233e-04
3.958828186856690233e-04
3.958828186856690233e-04
3.958828186856690233e-04
3.958828186856690233e-04
3.958828186856690233e-04
3.958828186856690233e-04
3.958828186856690233e-04
3.958828186856690233e-04
3.958828186856690233e-04
3.958828186856690233e-04
3.958828186856690233e-04
3.958828186856690233e-04
3.958828186856690233e-04
3.958828186856690233e-04
3.958828186856690233e-04
3.958828186856690233e-04
3.958828186856690233e-04
3.958828186856690233e-04
3.958828186856690233e-04
3.958828186856690233e-04
3.958828186856690233e-04
3.958828186856690233e-04
3.958828186856690233e-04
3.958828186856690233e-04
3.958828186856690233e-04
3.958828186856690233e-04
3.958828186856690233e-04
3.958828186856690233e-04
3.958828186856690233e-04
3.958828186856690233e-04
3.958828186856690233e-04
3.958828186856690233e-04
3.958828186856690233e-04
3.958828186856690233e-04
3.958828186856690233e-04
3.958828186856690233e-04
3.958828186856690233e-04
3.958828186856690233e-04
3.958828186856690233e-04
3.958828186856690233e-04
3.958828186856690233e-04
3.958828186856690233e-04
3.958828186856690233e-04
3.958828186856690233e-04
3.958828186856690233e-04
3.958828186856690233e-04
3.958828186856690233e-04
3.958828186856690233e-04
3.958828186856690233e-04
3.958828186856690233e-04
3.958828186856690233e-04
3.958828186856690233e-04
3.958828186856690233e-04
3.958828186856690233e-04
3.958828186856690233e-04
3.958828186856690233e-04
3.958828186856690233e-04
3.958828186856690233e-04
3.958828186856690233e-04
3.958828186856690233e-04
3.958828186856690233e-04
3.958828186856690233e-04
3.958828186856690233e-04
3.958828186856690233e-04
3.958828186856690233e-04
3.958828186856690233e-04
3.958828186856690233e-04
3.958828186856690233e-04
3.958828186856690233e-04
3.958828186856690233e-04
3.958828186856690233e-04
3.958828186856690233e-04
3.958828186856690233e-04
3.958828186856690233e-04
3.958828186856690233e-04
3.958828186856690233e-04
3.958828186856690233e-04
3.958828186856690233e-04
3.958828186856690233e-04
3.958828186856690233e-04
3.958828186856690233e-04
3.958828186856690233e-04
3.958828186856690233e-04
3.958828186856690233e-04
3.958828186856690233e-04
3.958828186856690233e-04
3.958828186856690233e-04
3.958828186856690233e-04
3.958828186856690233e-04
3.958828186856690233e-04
3.958828186856690233e-04
3.958828186856690233e-04
3.958828186856690233e-04
3.958828186856690233e-04
3.958828186856690233e-04
3.958828186856690233e-04
3.958828186856690233e-04
3.958828186856690233e-04
3.958828186856690233e-04
3.958828186856690233e-04
3.958828186856690233e-04
3.958828186856690233e-04
3.958828186856690233e-04
3.958828186856690233e-04
3.958828186856690233e-04
3.958828186856690233e-04
3.958828186856690233e-04
3.958828186856690233e-04
3.958828186856690233e-04
3.958828186856690233e-04
3.958828186856690233e-04
3.958828186856690233e-04
3.958828186856690233e-04
3.958828186856690233e-04
3.958828186856690233e-04
3.958828186856690017e-03
3.958828186856690233e-04
3.958828186856690233e-04
3.958828186856690233e-04
3.958828186856690233e-04
3.958828186856690233e-04
3.958828186856690233e-04
3.958828186856690233e-04
3.958828186856690233e-04
3.958828186856690233e-04
3.958828186856690233e-04
3.958828186856690233e-04
3.958828186856690233e-04
3.958828186856690233e-04
3.958828186856690233e-04
3.958828186856690233e-04
3.958828186856690233e-04
3.958828186856690233e-04
3.958828186856690233e-04
3.958828186856690233e-04
3.958828186856690233e-04
3.958828186856690233e-04
3.958828186856690233e-04
3.958828186856690233e-04
3.958828186856690233e-04
3.958828186856690233e-04
3.958828186856690233e-04
3.958828186856690233e-04
3.958828186856690233e-04
3.958828186856690233e-04
3.958828186856690233e-04
3.958828186856690233e-04
3.958828186856690233e-04
3.958828186856690233e-04
3.958828186856690233e-04
3.958828186856690233e-04
3.958828186856690233e-04
3.958828186856690233e-04
3.958828186856690233e-04
3.958828186856690233e-04
3.958828186856690233e-04
3.958828186856690233e-04
3.958828186856690233e-04
3.958828186856690233e-04
3.958828186856690233e-04
3.958828186856690233e-04
3.958828186856690233e-04
3.958828186856690233e-04
3.958828186856690233e-04
3.958828186856690233e-04
3.958828186856690233e-04
3.958828186856690233e-04
3.958828186856690233e-04
3.958828186856690233e-04
3.958828186856690233e-04
3.958828186856690233e-04
3.958828186856690233e-04
3.958828186856690233e-04
3.958828186856690233e-04
3.958828186856690233e-04
3.958828186856690233e-04
3.958828186856690233e-04
3.958828186856690233e-04
3.958828186856690233e-04
3.958828186856690233e-04
3.958828186856690233e-04
3.958828186856690233e-04
3.958828186856690233e-04
3.958828186856690233e-04
3.958828186856690233e-04
3.958828186856690233e-04
3.958828186856690233e-04
3.958828186856690233e-04
3.958828186856690233e-04
3.958828186856690233e-04
3.958828186856690233e-04
3.958828186856690233e-04
3.958828186856690233e-04
3.958828186856690233e-04
3.958828186856690233e-04
3.958828186856690233e-04
3.958828186856690233e-04
3.958828186856690233e-04
3.958828186856690233e-04
3.958828186856690233e-04
3.958828186856690233e-04
3.958828186856690233e-04
3.958828186856690233e-04
3.958828186856690233e-04
3.958828186856690233e-04
3.958828186856690233e-04
3.958828186856690233e-04
3.958828186856690233e-04
3.958828186856690233e-04
3.958828186856690233e-04
3.958828186856690233e-04
3.958828186856690233e-04
3.958828186856690233e-04
3.958828186856690233e-04
3.958828186856690233e-04
3.958828186856690233e-04
3.958828186856690233e-04
3.958828186856690233e-04
3.958828186856690233e-04
3.958828186856690233e-04
3.958828186856690233e-04
3.958828186856690233e-04
3.958828186856690233e-04
3.958828186856690233e-04
3.958828186856690233e-04
3.958828186856690233e-04
3.958828186856690233e-04
3.958828186856690233e-04
3.958828186856690233e-04
3.958828186856690233e-04
3.958828186856690233e-04
3.958828186856690233e-04
3.958828186856690233e-04
3.958828186856690233e-04
3.958828186856690233e-04
3.958828186856690233e-04
3.958828186856690233e-04
3.958828186856690233e-04
3.958828186856690233e-04
3.958828186856690233e-04
3.958828186856690233e-04
3.958828186856690233e-04
3.958828186856690233e-04
3.958828186856690233e-04
3.958828186856690233e-04
3.958828186856690233e-04
3.958828186856690233e-04
3.958828186856690233e-04
3.958828186856690233e-04
3.958828186856690233e-04
3.958828186856690233e-04
3.958828186856690233e-04
3.958828186856690233e-04
3.958828186856690233e-04
3.958828186856690233e-04
3.958828186856690233e-04
3.958828186856690233e-04
3.958828186856690233e-04
3.958828186856690233e-04
3.958828186856690233e-04
3.958828186856690233e-04
3.958828186856690233e-04
3.958828186856690233e-04
3.958828186856690233e-04
3.958828186856690233e-04
3.958828186856690233e-04
3.958828186856690233e-04
3.958828186856690233e-04
3.958828186856690233e-04
3.958828186856690233e-04
3.958828186856690233e-04
3.958828186856690233e-04
3.958828186856690233e-04
3.958828186856690233e-04
3.958828186856690233e-04
3.958828186856690233e-04
3.958828186856690233e-04
3.958828186856690233e-04
3.958828186856690233e-04
3.958828186856690233e-04
3.958828186856690233e-04
3.958828186856690233e-04
3.958828186856690233e-04
3.958828186856690233e-04
3.958828186856690233e-04
3.958828186856690233e-04
3.958828186856690233e-04
3.958828186856690233e-04
3.958828186856690233e-04
3.958828186856690233e-04
3.958828186856690233e-04
3.958828186856690233e-04
3.958828186856690233e-04
3.958828186856690233e-04
3.958828186856690233e-04
3.958828186856690233e-04
3.958828186856690233e-04
3.958828186856690233e-04
3.958828186856690233e-04
3.958828186856690233e-04
3.958828186856690233e-04
3.958828186856690233e-04
3.958828186856690233e-04
3.958828186856690233e-04
3.958828186856690233e-04
3.958828186856690233e-04
3.958828186856690233e-04
3.958828186856690233e-04
3.958828186856690233e-04
3.958828186856690233e-04
3.958828186856690233e-04
3.958828186856690233e-04
3.958828186856690233e-04
3.958828186856690233e-04
3.958828186856690233e-04
3.958828186856690233e-04
3.958828186856690233e-04
3.958828186856690233e-04
3.958828186856690233e-04
3.958828186856690233e-04
3.958828186856690233e-04
3.958828186856690233e-04
3.958828186856690233e-04
3.958828186856690233e-04
3.958828186856690233e-04
3.958828186856690233e-04
3.958828186856690233e-04
3.958828186856690233e-04
3.958828186856690233e-04
3.958828186856690233e-04
3.958828186856690233e-04
3.958828186856690233e-04
3.958828186856690233e-04
3.958828186856690233e-04
3.958828186856690233e-04
3.958828186856690233e-04
3.958828186856690233e-04
3.958828186856690233e-04
3.958828186856690233e-04
3.958828186856690233e-04
3.958828186856690233e-04
3.958828186856690233e-04
3.958828186856690233e-04
3.958828186856690233e-04
3.958828186856690233e-04
3.958828186856690233e-04
3.958828186856690233e-04
3.958828186856690233e-04
3.958828186856690233e-04
3.958828186856690233e-04
3.958828186856690233e-04
3.958828186856690233e-04
7.917656373713380467e-04
3.958828186856690233e-04
3.958828186856690233e-04
3.958828186856690233e-04
3.958828186856690233e-04
3.958828186856690233e-04
3.958828186856690233e-04
3.958828186856690233e-04
3.958828186856690233e-04
3.958828186856690233e-04
3.958828186856690233e-04
3.958828186856690233e-04
3.958828186856690233e-04
3.958828186856690233e-04
3.958828186856690233e-04
3.958828186856690233e-04
3.958828186856690233e-04
3.958828186856690233e-04
3.958828186856690233e-04
3.958828186856690233e-04
3.958828186856690233e-04
3.958828186856690233e-04
3.958828186856690233e-04
3.958828186856690233e-04
3.958828186856690233e-04
3.958828186856690233e-04
3.958828186856690233e-04
3.958828186856690233e-04
3.958828186856690233e-04
3.958828186856690233e-04
3.958828186856690233e-04
3.958828186856690233e-04
3.958828186856690233e-04
3.958828186856690233e-04
3.958828186856690233e-04
3.958828186856690233e-04
3.958828186856690233e-04
3.958828186856690233e-04
3.958828186856690233e-04
3.958828186856690233e-04
3.958828186856690233e-04
3.958828186856690233e-04
3.958828186856690233e-04
3.958828186856690233e-04
3.958828186856690233e-04
3.958828186856690233e-04
3.958828186856690233e-04
3.958828186856690233e-04
3.958828186856690233e-04
3.958828186856690233e-04
3.958828186856690233e-04
3.958828186856690233e-04
3.958828186856690233e-04
3.958828186856690233e-04
3.958828186856690233e-04
3.958828186856690233e-04
3.958828186856690233e-04
3.958828186856690233e-04
3.958828186856690233e-04
3.958828186856690233e-04
3.958828186856690233e-04
3.958828186856690233e-04
3.958828186856690233e-04
3.958828186856690233e-04
3.958828186856690233e-04
3.958828186856690233e-04
3.958828186856690233e-04
3.958828186856690233e-04
3.958828186856690233e-04
3.958828186856690233e-04
3.958828186856690233e-04
3.958828186856690233e-04
3.958828186856690233e-04
3.958828186856690233e-04
3.958828186856690233e-04
3.958828186856690233e-04
3.958828186856690233e-04
3.958828186856690233e-04
3.958828186856690233e-04
3.958828186856690233e-04
3.958828186856690233e-04
3.958828186856690233e-04
3.958828186856690233e-04
3.958828186856690233e-04
3.958828186856690233e-04
3.958828186856690233e-04
3.958828186856690233e-04
3.958828186856690233e-04
3.958828186856690233e-04
3.958828186856690233e-04
3.958828186856690233e-04
3.958828186856690233e-04
3.958828186856690233e-04
3.958828186856690233e-04
3.958828186856690233e-04
3.958828186856690233e-04
3.958828186856690233e-04
3.958828186856690233e-04
3.958828186856690233e-04
3.958828186856690233e-04
3.958828186856690233e-04
3.958828186856690233e-04
3.958828186856690233e-04
3.958828186856690233e-04
3.958828186856690233e-04
3.958828186856690233e-04
3.958828186856690233e-04
3.958828186856690233e-04
3.958828186856690233e-04
3.958828186856690233e-04
3.958828186856690233e-04
3.958828186856690233e-04
3.958828186856690233e-04
3.958828186856690233e-04
3.958828186856690233e-04
3.958828186856690233e-04
3.958828186856690233e-04
3.958828186856690233e-04
3.958828186856690233e-04
3.958828186856690233e-04
3.958828186856690233e-04
3.958828186856690233e-04
3.958828186856690233e-04
3.958828186856690233e-04
3.958828186856690233e-04
3.958828186856690233e-04
3.958828186856690233e-04
3.958828186856690233e-04
3.958828186856690233e-04
3.958828186856690233e-04
3.958828186856690233e-04
3.958828186856690233e-04
3.958828186856690233e-04
3.958828186856690233e-04
3.958828186856690233e-04
3.958828186856690233e-04
3.958828186856690233e-04
3.958828186856690233e-04
3.958828186856690233e-04
3.958828186856690233e-04
3.958828186856690233e-04
3.958828186856690233e-04
3.958828186856690233e-04
3.958828186856690233e-04
3.958828186856690233e-04
3.958828186856690233e-04
3.958828186856690233e-04
3.958828186856690233e-04
3.958828186856690233e-04
3.958828186856690233e-04
3.958828186856690233e-04
3.958828186856690233e-04
3.958828186856690233e-04
3.958828186856690233e-04
3.958828186856690233e-04
3.958828186856690233e-04
3.958828186856690233e-04
3.958828186856690233e-04
3.958828186856690233e-04
3.958828186856690233e-04
3.958828186856690233e-04
3.958828186856690233e-04
3.958828186856690233e-04
3.958828186856690233e-04
3.958828186856690233e-04
3.958828186856690233e-04
3.958828186856690233e-04
3.958828186856690233e-04
3.958828186856690233e-04
3.958828186856690233e-04
3.958828186856690233e-04
3.958828186856690233e-04
3.958828186856690233e-04
3.958828186856690233e-04
3.958828186856690233e-04
3.958828186856690233e-04
3.958828186856690233e-04
3.958828186856690233e-04
3.958828186856690233e-04
3.958828186856690233e-04
3.958828186856690233e-04
3.958828186856690233e-04
3.958828186856690233e-04
3.958828186856690233e-04
3.958828186856690233e-04
3.958828186856690233e-04
3.958828186856690233e-04
3.958828186856690233e-04
3.958828186856690233e-04
3.958828186856690233e-04
3.958828186856690233e-04
3.958828186856690233e-04
3.958828186856690233e-04
3.958828186856690233e-04
3.958828186856690233e-04
