2.627198648514359608e-02
2.433419457418264931e-02
2.172562854019675915e-02
2.088095001490609254e-02
2.023501937791910912e-02
2.112938487528569914e-02
1.054605982311437873e-02
1.753950114280035735e-02
1.731590976845871072e-02
1.156464275067077378e-02
1.095597734274073379e-02
2.372552916625260931e-03
1.168886018086057882e-02
1.115472523104442046e-02
9.701381297823710378e-03
9.515055152539003691e-03
9.365994236311238688e-03
8.720063599324257009e-03
7.937493789128490310e-03
7.813276358938687008e-03
7.589684984597038636e-03
7.639371956672960304e-03
7.776011129881745323e-03
7.490311040445195301e-03
7.105237006856801943e-03
6.248136738547152742e-03
6.732584716287389436e-03
6.471728112888800247e-03
6.484149855907781097e-03
6.285401967604094427e-03
6.012123621186525255e-03
5.974858392129583570e-03
5.477988671370366894e-03
5.664314816655072714e-03
5.229553810990758556e-03
6.024545364205505238e-03
5.950014906091622736e-03
5.540097386465268545e-03
5.838219218920798551e-03
5.453145185332406060e-03
5.092914637781973536e-03
5.192288581933816871e-03
4.931431978535227682e-03
5.068071151744012702e-03
4.769949319288482696e-03
5.005962436649110184e-03
4.943853721554208533e-03
4.496670972870913524e-03
4.658153632117658510e-03
4.459405743813971840e-03
4.732684090231541012e-03
4.943853721554208533e-03
4.360031799662128504e-03
4.583623174003776009e-03
4.173705654377421817e-03
4.297923084567226854e-03
4.409718771738050172e-03
4.223392626453344352e-03
4.223392626453344352e-03
4.707840604193580178e-03
3.962536023054755163e-03
3.403557587200635969e-03
4.049488224187617648e-03
3.751366391732087642e-03
3.714101162675146391e-03
3.378714101162675135e-03
4.037066481168637665e-03
3.254496670972870966e-03
3.490509788333498887e-03
3.266918413991851382e-03
2.620987777004869269e-03
3.279340157010831799e-03
3.465666302295538053e-03
3.415979330219616385e-03
3.353870615124714301e-03
3.080592268707145129e-03
3.291761900029812216e-03
3.391135844181655552e-03
2.633409520023849686e-03
2.695518235118751771e-03
2.919109609460399275e-03
3.018483553612243044e-03
3.142700983802047213e-03
3.068170525688164712e-03
3.192387955877968881e-03
2.496770346815065100e-03
2.782470436251614689e-03
2.869422637384477608e-03
3.018483553612243044e-03
2.906687866441418858e-03
2.857000894365497191e-03
2.757626950213653855e-03
2.745205207194673439e-03
2.620987777004869269e-03
2.943953095498360543e-03
2.794892179270595106e-03
2.807313922289575523e-03
2.521613832853025934e-03
2.695518235118751771e-03
2.409818145682202182e-03
2.086852827188710909e-03
2.447083374739143433e-03
1.999900626055847990e-03
2.310444201530358847e-03
2.347709430587300097e-03
2.459505117758123850e-03
2.397396402663221765e-03
2.372552916625260931e-03
2.173805028321574261e-03
2.298022458511378430e-03
1.987478883036867573e-03
2.173805028321574261e-03
1.689357050581337567e-03
1.937791910960946122e-03
1.937791910960946122e-03
1.341548246049885677e-03
1.950213653979926539e-03
2.062009341150750075e-03
1.825996223790122153e-03
7.825698101957666991e-04
1.937791910960946122e-03
1.900526681904004872e-03
1.751465765676239652e-03
1.962635396998906739e-03
1.888104938885024455e-03
1.813574480771141736e-03
1.639670078505415900e-03
1.863261452847063404e-03
1.689357050581337567e-03
1.763887508695220069e-03
1.875683195866043821e-03
1.602404849448474649e-03
1.614826592467455066e-03
1.068269899632316505e-03
1.850839709828082987e-03
1.515452648315611731e-03
1.503030905296631314e-03
1.676935307562357150e-03
1.627248335486435483e-03
1.838417966809102570e-03
1.552717877372552981e-03
1.776309251714200486e-03
1.726622279638278818e-03
1.788730994733180903e-03
1.527874391334592147e-03
1.515452648315611731e-03
1.726622279638278818e-03
1.614826592467455066e-03
1.689357050581337567e-03
1.739044022657259235e-03
9.688959554804730612e-04
1.589983106429494232e-03
1.378813475106826928e-03
1.552717877372552981e-03
1.527874391334592147e-03
1.589983106429494232e-03
1.465765676239689846e-03
1.602404849448474649e-03
1.428500447182748595e-03
1.465765676239689846e-03
1.478187419258670480e-03
1.465765676239689846e-03
1.589983106429494232e-03
1.490609162277650897e-03
1.602404849448474649e-03
1.329126503030905260e-03
1.503030905296631314e-03
1.304283016992944426e-03
1.291861273973964009e-03
1.416078704163768178e-03
1.503030905296631314e-03
1.329126503030905260e-03
1.353969989068866094e-03
1.329126503030905260e-03
1.304283016992944426e-03
8.571002683096492006e-04
1.341548246049885677e-03
1.031004670575375037e-03
1.341548246049885677e-03
1.316704760011924843e-03
1.304283016992944426e-03
1.217330815860081508e-03
1.304283016992944426e-03
8.695220113286296175e-04
1.329126503030905260e-03
1.316704760011924843e-03
1.279439530954983592e-03
1.279439530954983592e-03
1.316704760011924843e-03
1.217330815860081508e-03
1.341548246049885677e-03
1.242174301898042342e-03
1.353969989068866094e-03
1.142800357746199006e-03
1.242174301898042342e-03
1.267017787936003176e-03
1.130378614727218589e-03
1.192487329822120674e-03
1.242174301898042342e-03
1.093113385670277339e-03
1.055848156613336088e-03
1.068269899632316505e-03
1.093113385670277339e-03
1.130378614727218589e-03
1.093113385670277339e-03
1.130378614727218589e-03
1.167643843784159840e-03
9.316307264235317021e-04
1.080691642651296922e-03
1.043426413594355454e-03
1.080691642651296922e-03
8.819437543476100344e-04
9.316307264235317021e-04
6.956176090629036723e-04
1.080691642651296922e-03
1.031004670575375037e-03
1.018582927556394620e-03
1.105535128689257756e-03
9.937394415184337866e-04
9.937394415184337866e-04
9.688959554804730612e-04
9.316307264235317021e-04
9.937394415184337866e-04
1.043426413594355454e-03
9.813176984994533697e-04
9.688959554804730612e-04
9.688959554804730612e-04
9.316307264235317021e-04
5.962436649110603370e-04
9.067872403855708682e-04
9.937394415184337866e-04
1.018582927556394620e-03
9.937394415184337866e-04
9.813176984994533697e-04
7.080393520818840892e-04
1.006161184537414204e-03
8.322567822716883668e-04
9.937394415184337866e-04
9.937394415184337866e-04
9.937394415184337866e-04
9.440524694425122274e-04
9.813176984994533697e-04
8.695220113286296175e-04
8.571002683096492006e-04
9.688959554804730612e-04
9.688959554804730612e-04
9.564742124614926443e-04
8.695220113286296175e-04
8.446785252906687837e-04
9.067872403855708682e-04
8.446785252906687837e-04
8.695220113286296175e-04
9.067872403855708682e-04
8.571002683096492006e-04
8.819437543476100344e-04
8.819437543476100344e-04
7.080393520818840892e-04
8.695220113286296175e-04
8.446785252906687837e-04
7.949915532147471160e-04
7.453045811388254484e-04
7.577263241578058653e-04
8.074132962337275329e-04
8.322567822716883668e-04
5.092914637781973102e-04
7.701480671767862822e-04
8.322567822716883668e-04
7.080393520818840892e-04
6.956176090629036723e-04
7.204610951008645061e-04
8.074132962337275329e-04
7.825698101957666991e-04
7.080393520818840892e-04
7.328828381198449230e-04
7.949915532147471160e-04
6.583523800059624216e-04
4.471827486832952257e-04
7.453045811388254484e-04
7.328828381198449230e-04
6.831958660439232554e-04
6.335088939680015878e-04
7.701480671767862822e-04
7.577263241578058653e-04
5.465566928351386694e-04
7.328828381198449230e-04
7.453045811388254484e-04
6.583523800059624216e-04
7.328828381198449230e-04
6.583523800059624216e-04
6.707741230249428385e-04
7.080393520818840892e-04
6.583523800059624216e-04
6.086654079300407539e-04
6.086654079300407539e-04
6.956176090629036723e-04
6.459306369869820047e-04
6.459306369869820047e-04
5.465566928351386694e-04
6.210871509490211708e-04
6.583523800059624216e-04
4.968697207592168933e-04
5.714001788730995032e-04
5.838219218920799201e-04
5.589784358541190863e-04
6.583523800059624216e-04
2.235913743416476128e-04
5.465566928351386694e-04
2.111696313226671959e-04
6.086654079300407539e-04
5.838219218920799201e-04
3.850740335883931411e-04
6.086654079300407539e-04
5.341349498161582525e-04
6.210871509490211708e-04
5.465566928351386694e-04
5.838219218920799201e-04
6.086654079300407539e-04
5.589784358541190863e-04
5.465566928351386694e-04
5.217132067971777271e-04
4.471827486832952257e-04
5.838219218920799201e-04
4.596044917022756426e-04
5.962436649110603370e-04
5.962436649110603370e-04
4.471827486832952257e-04
5.589784358541190863e-04
4.347610056643148087e-04
4.844479777402365306e-04
1.490609162277650843e-04
5.465566928351386694e-04
5.465566928351386694e-04
5.092914637781973102e-04
8.695220113286295904e-05
5.217132067971777271e-04
5.217132067971777271e-04
5.092914637781973102e-04
5.341349498161582525e-04
5.589784358541190863e-04
5.092914637781973102e-04
1.117956871708238064e-04
4.596044917022756426e-04
5.589784358541190863e-04
1.117956871708238064e-04
5.341349498161582525e-04
4.844479777402365306e-04
5.217132067971777271e-04
4.347610056643148087e-04
4.968697207592168933e-04
4.471827486832952257e-04
9.937394415184338950e-05
5.217132067971777271e-04
5.341349498161582525e-04
5.341349498161582525e-04
5.341349498161582525e-04
5.092914637781973102e-04
4.596044917022756426e-04
4.720262347212561137e-04
5.217132067971777271e-04
7.453045811388254213e-05
4.471827486832952257e-04
5.217132067971777271e-04
4.596044917022756426e-04
5.092914637781973102e-04
4.099175196263539749e-04
3.602305475504322531e-04
4.347610056643148087e-04
4.844479777402365306e-04
4.596044917022756426e-04
7.453045811388254213e-05
4.968697207592168933e-04
4.968697207592168933e-04
4.099175196263539749e-04
3.974957766073735580e-04
4.968697207592168933e-04
6.210871509490211166e-05
4.968697207592168933e-04
4.844479777402365306e-04
4.099175196263539749e-04
4.347610056643148087e-04
4.223392626453343918e-04
4.596044917022756426e-04
4.223392626453343918e-04
4.844479777402365306e-04
4.968697207592169475e-05
2.484348603796084738e-05
4.099175196263539749e-04
4.720262347212561137e-04
4.720262347212561137e-04
4.347610056643148087e-04
3.726522905694127242e-04
4.099175196263539749e-04
4.596044917022756426e-04
4.099175196263539749e-04
3.850740335883931411e-04
4.596044917022756426e-04
4.596044917022756426e-04
4.596044917022756426e-04
3.726522905694127242e-04
1.242174301898042369e-05
1.242174301898042369e-05
3.850740335883931411e-04
1.242174301898042369e-05
3.974957766073735580e-04
1.242174301898042369e-05
4.223392626453343918e-04
1.242174301898042369e-05
1.242174301898042369e-05
3.726522905694127242e-04
3.850740335883931411e-04
4.347610056643148087e-04
3.850740335883931411e-04
3.602305475504322531e-04
3.850740335883931411e-04
4.223392626453343918e-04
4.347610056643148087e-04
4.347610056643148087e-04
3.726522905694127242e-04
2.484348603796084467e-04
3.974957766073735580e-04
3.850740335883931411e-04
3.602305475504322531e-04
3.105435754745105854e-04
3.974957766073735580e-04
3.602305475504322531e-04
3.602305475504322531e-04
4.099175196263539749e-04
4.099175196263539749e-04
4.099175196263539749e-04
3.602305475504322531e-04
3.974957766073735580e-04
3.726522905694127242e-04
3.478088045314518362e-04
2.732783464175693347e-04
3.229653184934910023e-04
3.229653184934910023e-04
3.850740335883931411e-04
3.353870615124714192e-04
3.850740335883931411e-04
3.850740335883931411e-04
3.229653184934910023e-04
2.857000894365497516e-04
3.602305475504322531e-04
3.602305475504322531e-04
3.478088045314518362e-04
3.229653184934910023e-04
3.105435754745105854e-04
3.726522905694127242e-04
3.602305475504322531e-04
3.726522905694127242e-04
3.229653184934910023e-04
3.353870615124714192e-04
3.229653184934910023e-04
3.353870615124714192e-04
3.105435754745105854e-04
3.602305475504322531e-04
3.229653184934910023e-04
3.478088045314518362e-04
3.602305475504322531e-04
2.111696313226671959e-04
3.229653184934910023e-04
3.353870615124714192e-04
2.484348603796084467e-04
3.353870615124714192e-04
3.105435754745105854e-04
3.105435754745105854e-04
2.732783464175693347e-04
2.857000894365497516e-04
1.242174301898042233e-04
2.981218324555301685e-04
2.857000894365497516e-04
1.863261452847063621e-04
3.105435754745105854e-04
2.981218324555301685e-04
2.484348603796084467e-04
2.732783464175693347e-04
2.732783464175693347e-04
2.981218324555301685e-04
3.105435754745105854e-04
3.229653184934910023e-04
3.229653184934910023e-04
3.229653184934910023e-04
2.608566033985888636e-04
3.229653184934910023e-04
3.105435754745105854e-04
3.229653184934910023e-04
3.229653184934910023e-04
3.229653184934910023e-04
2.608566033985888636e-04
2.981218324555301685e-04
2.981218324555301685e-04
1.863261452847063621e-04
3.105435754745105854e-04
3.105435754745105854e-04
3.105435754745105854e-04
2.857000894365497516e-04
3.105435754745105854e-04
2.981218324555301685e-04
2.981218324555301685e-04
2.608566033985888636e-04
2.981218324555301685e-04
2.981218324555301685e-04
2.235913743416476128e-04
2.608566033985888636e-04
2.981218324555301685e-04
2.732783464175693347e-04
2.981218324555301685e-04
2.608566033985888636e-04
2.857000894365497516e-04
2.360131173606280568e-04
2.484348603796084467e-04
2.857000894365497516e-04
2.484348603796084467e-04
2.857000894365497516e-04
2.732783464175693347e-04
2.360131173606280568e-04
2.484348603796084467e-04
2.857000894365497516e-04
2.732783464175693347e-04
2.608566033985888636e-04
1.987478883036867790e-04
1.987478883036867790e-04
1.739044022657259181e-04
2.608566033985888636e-04
2.111696313226671959e-04
2.484348603796084467e-04
2.608566033985888636e-04
2.360131173606280568e-04
2.111696313226671959e-04
2.235913743416476128e-04
2.360131173606280568e-04
2.235913743416476128e-04
2.608566033985888636e-04
2.608566033985888636e-04
2.608566033985888636e-04
2.360131173606280568e-04
2.360131173606280568e-04
2.484348603796084467e-04
2.235913743416476128e-04
1.987478883036867790e-04
2.484348603796084467e-04
1.739044022657259181e-04
2.484348603796084467e-04
2.484348603796084467e-04
2.484348603796084467e-04
2.111696313226671959e-04
2.235913743416476128e-04
2.111696313226671959e-04
1.739044022657259181e-04
1.739044022657259181e-04
2.111696313226671959e-04
2.360131173606280568e-04
1.614826592467455012e-04
2.360131173606280568e-04
1.863261452847063621e-04
2.235913743416476128e-04
2.235913743416476128e-04
2.111696313226671959e-04
1.987478883036867790e-04
2.360131173606280568e-04
1.863261452847063621e-04
2.235913743416476128e-04
2.360131173606280568e-04
2.360131173606280568e-04
1.863261452847063621e-04
1.987478883036867790e-04
1.863261452847063621e-04
2.235913743416476128e-04
2.111696313226671959e-04
2.235913743416476128e-04
2.235913743416476128e-04
2.111696313226671959e-04
2.111696313226671959e-04
2.111696313226671959e-04
2.111696313226671959e-04
1.739044022657259181e-04
1.987478883036867790e-04
1.490609162277650843e-04
2.235913743416476128e-04
1.987478883036867790e-04
1.614826592467455012e-04
1.863261452847063621e-04
2.111696313226671959e-04
2.111696313226671959e-04
1.739044022657259181e-04
2.111696313226671959e-04
1.987478883036867790e-04
2.111696313226671959e-04
1.614826592467455012e-04
2.111696313226671959e-04
2.111696313226671959e-04
1.739044022657259181e-04
1.614826592467455012e-04
2.111696313226671959e-04
1.614826592467455012e-04
2.111696313226671959e-04
1.614826592467455012e-04
1.117956871708238064e-04
1.863261452847063621e-04
1.863261452847063621e-04
2.111696313226671959e-04
1.366391732087846673e-04
2.111696313226671959e-04
1.987478883036867790e-04
1.739044022657259181e-04
1.366391732087846673e-04
1.863261452847063621e-04
1.987478883036867790e-04
1.987478883036867790e-04
1.614826592467455012e-04
1.614826592467455012e-04
1.863261452847063621e-04
1.863261452847063621e-04
1.987478883036867790e-04
1.987478883036867790e-04
1.614826592467455012e-04
1.739044022657259181e-04
1.490609162277650843e-04
1.614826592467455012e-04
1.739044022657259181e-04
1.863261452847063621e-04
1.739044022657259181e-04
1.863261452847063621e-04
1.366391732087846673e-04
1.614826592467455012e-04
1.366391732087846673e-04
1.863261452847063621e-04
1.863261452847063621e-04
1.863261452847063621e-04
1.863261452847063621e-04
1.863261452847063621e-04
1.242174301898042233e-04
1.863261452847063621e-04
1.614826592467455012e-04
1.863261452847063621e-04
1.739044022657259181e-04
1.366391732087846673e-04
1.739044022657259181e-04
1.614826592467455012e-04
1.490609162277650843e-04
1.614826592467455012e-04
1.739044022657259181e-04
1.490609162277650843e-04
1.242174301898042233e-04
1.739044022657259181e-04
1.490609162277650843e-04
1.739044022657259181e-04
1.242174301898042233e-04
1.614826592467455012e-04
1.739044022657259181e-04
1.490609162277650843e-04
1.614826592467455012e-04
1.614826592467455012e-04
1.614826592467455012e-04
1.366391732087846673e-04
1.614826592467455012e-04
1.614826592467455012e-04
9.937394415184338950e-05
1.366391732087846673e-04
1.117956871708238064e-04
1.614826592467455012e-04
1.242174301898042233e-04
1.366391732087846673e-04
1.614826592467455012e-04
1.614826592467455012e-04
1.490609162277650843e-04
1.366391732087846673e-04
1.242174301898042233e-04
1.614826592467455012e-04
1.614826592467455012e-04
1.366391732087846673e-04
1.614826592467455012e-04
1.614826592467455012e-04
1.242174301898042233e-04
1.614826592467455012e-04
1.614826592467455012e-04
1.366391732087846673e-04
1.117956871708238064e-04
1.366391732087846673e-04
1.490609162277650843e-04
1.490609162277650843e-04
1.117956871708238064e-04
9.937394415184338950e-05
1.366391732087846673e-04
1.366391732087846673e-04
1.366391732087846673e-04
1.490609162277650843e-04
1.490609162277650843e-04
1.490609162277650843e-04
1.490609162277650843e-04
1.366391732087846673e-04
1.242174301898042233e-04
1.117956871708238064e-04
1.242174301898042233e-04
8.695220113286295904e-05
1.366391732087846673e-04
1.366391732087846673e-04
1.366391732087846673e-04
1.117956871708238064e-04
1.366391732087846673e-04
1.366391732087846673e-04
1.366391732087846673e-04
1.366391732087846673e-04
1.242174301898042233e-04
1.366391732087846673e-04
1.242174301898042233e-04
1.242174301898042233e-04
1.366391732087846673e-04
9.937394415184338950e-05
1.117956871708238064e-04
1.366391732087846673e-04
1.366391732087846673e-04
1.366391732087846673e-04
9.937394415184338950e-05
1.117956871708238064e-04
1.366391732087846673e-04
1.366391732087846673e-04
8.695220113286295904e-05
1.242174301898042233e-04
1.366391732087846673e-04
9.937394415184338950e-05
9.937394415184338950e-05
1.366391732087846673e-04
1.242174301898042233e-04
1.366391732087846673e-04
1.117956871708238064e-04
1.366391732087846673e-04
1.366391732087846673e-04
1.366391732087846673e-04
1.242174301898042233e-04
9.937394415184338950e-05
1.242174301898042233e-04
1.242174301898042233e-04
8.695220113286295904e-05
3.726522905694127106e-05
1.117956871708238064e-04
1.242174301898042233e-04
9.937394415184338950e-05
9.937394415184338950e-05
8.695220113286295904e-05
9.937394415184338950e-05
1.242174301898042233e-04
1.242174301898042233e-04
9.937394415184338950e-05
1.117956871708238064e-04
8.695220113286295904e-05
1.117956871708238064e-04
1.117956871708238064e-04
1.117956871708238064e-04
1.117956871708238064e-04
1.117956871708238064e-04
1.117956871708238064e-04
1.117956871708238064e-04
1.117956871708238064e-04
8.695220113286295904e-05
1.117956871708238064e-04
1.117956871708238064e-04
8.695220113286295904e-05
1.117956871708238064e-04
8.695220113286295904e-05
1.117956871708238064e-04
1.117956871708238064e-04
1.117956871708238064e-04
8.695220113286295904e-05
1.117956871708238064e-04
1.117956871708238064e-04
1.117956871708238064e-04
8.695220113286295904e-05
1.117956871708238064e-04
8.695220113286295904e-05
1.242174301898042369e-05
8.695220113286295904e-05
8.695220113286295904e-05
1.117956871708238064e-04
1.117956871708238064e-04
1.117956871708238064e-04
6.210871509490211166e-05
8.695220113286295904e-05
8.695220113286295904e-05
1.117956871708238064e-04
1.117956871708238064e-04
8.695220113286295904e-05
8.695220113286295904e-05
8.695220113286295904e-05
6.210871509490211166e-05
8.695220113286295904e-05
1.117956871708238064e-04
8.695220113286295904e-05
8.695220113286295904e-05
8.695220113286295904e-05
8.695220113286295904e-05
1.117956871708238064e-04
9.937394415184338950e-05
9.937394415184338950e-05
1.117956871708238064e-04
1.117956871708238064e-04
1.117956871708238064e-04
8.695220113286295904e-05
8.695220113286295904e-05
7.453045811388254213e-05
9.937394415184338950e-05
9.937394415184338950e-05
7.453045811388254213e-05
7.453045811388254213e-05
7.453045811388254213e-05
8.695220113286295904e-05
7.453045811388254213e-05
8.695220113286295904e-05
9.937394415184338950e-05
7.453045811388254213e-05
7.453045811388254213e-05
9.937394415184338950e-05
8.695220113286295904e-05
6.210871509490211166e-05
8.695220113286295904e-05
9.937394415184338950e-05
9.937394415184338950e-05
9.937394415184338950e-05
8.695220113286295904e-05
6.210871509490211166e-05
1.242174301898042369e-05
8.695220113286295904e-05
7.453045811388254213e-05
8.695220113286295904e-05
8.695220113286295904e-05
8.695220113286295904e-05
6.210871509490211166e-05
7.453045811388254213e-05
8.695220113286295904e-05
8.695220113286295904e-05
6.210871509490211166e-05
6.210871509490211166e-05
8.695220113286295904e-05
8.695220113286295904e-05
8.695220113286295904e-05
8.695220113286295904e-05
8.695220113286295904e-05
1.242174301898042369e-05
7.453045811388254213e-05
8.695220113286295904e-05
8.695220113286295904e-05
8.695220113286295904e-05
8.695220113286295904e-05
8.695220113286295904e-05
8.695220113286295904e-05
8.695220113286295904e-05
8.695220113286295904e-05
8.695220113286295904e-05
6.210871509490211166e-05
8.695220113286295904e-05
7.453045811388254213e-05
8.695220113286295904e-05
8.695220113286295904e-05
8.695220113286295904e-05
8.695220113286295904e-05
6.210871509490211166e-05
8.695220113286295904e-05
6.210871509490211166e-05
8.695220113286295904e-05
8.695220113286295904e-05
8.695220113286295904e-05
8.695220113286295904e-05
6.210871509490211166e-05
8.695220113286295904e-05
8.695220113286295904e-05
8.695220113286295904e-05
8.695220113286295904e-05
8.695220113286295904e-05
8.695220113286295904e-05
8.695220113286295904e-05
8.695220113286295904e-05
3.726522905694127106e-05
8.695220113286295904e-05
8.695220113286295904e-05
8.695220113286295904e-05
6.210871509490211166e-05
8.695220113286295904e-05
8.695220113286295904e-05
8.695220113286295904e-05
8.695220113286295904e-05
8.695220113286295904e-05
7.453045811388254213e-05
7.453045811388254213e-05
6.210871509490211166e-05
6.210871509490211166e-05
7.453045811388254213e-05
7.453045811388254213e-05
7.453045811388254213e-05
7.453045811388254213e-05
7.453045811388254213e-05
6.210871509490211166e-05
7.453045811388254213e-05
7.453045811388254213e-05
7.453045811388254213e-05
7.453045811388254213e-05
7.453045811388254213e-05
7.453045811388254213e-05
7.453045811388254213e-05
7.453045811388254213e-05
7.453045811388254213e-05
