2.736123159967502466e-02
2.678288649288773290e-02
2.228005673290095121e-02
2.167417138293331255e-02
2.208727503063851946e-02
2.203219454427782567e-02
2.053125129094890075e-02
1.911292876716101305e-02
1.112625824486030215e-02
1.174591371641811599e-02
1.279244295727131192e-02
1.138789055507360114e-02
1.122264909599151803e-02
1.016234973354814691e-02
9.997108274466063801e-03
9.102050371104777535e-03
9.349912559727903069e-03
8.482394899546963699e-03
8.482394899546963699e-03
8.413544291596094724e-03
8.358463805235400931e-03
8.027980887071232974e-03
7.490946145054460693e-03
7.697497968907065016e-03
7.904049792759670207e-03
7.477176023464287245e-03
6.912601038267168069e-03
6.761129700775257538e-03
6.637198606463694771e-03
6.361796174660222340e-03
5.742140703102408504e-03
6.582118120103000111e-03
6.334255931479874577e-03
6.169014472397791465e-03
5.962462648545186275e-03
5.714600459922060741e-03
5.769680946282755400e-03
5.576899244020324525e-03
3.125817600969416511e-03
5.590669365610497973e-03
5.563129122430151077e-03
5.384117541757893650e-03
4.847082799741121370e-03
5.232646204265983987e-03
5.039864502003553112e-03
4.984784015642858453e-03
5.108715109954421220e-03
5.067404745183900008e-03
1.982897508985004276e-03
4.612990732708170151e-03
4.805772434970601026e-03
4.792002313380427578e-03
4.489059638396607384e-03
4.723151705429558603e-03
5.067404745183900008e-03
5.122485231544594668e-03
4.351358422494870301e-03
4.062185869101224422e-03
4.075955990691397871e-03
3.952024896379835103e-03
3.924484653199487340e-03
3.745473072527230347e-03
3.497610883904104812e-03
3.635312099805841461e-03
3.676622464576362239e-03
3.773013315707577676e-03
3.745473072527230347e-03
3.621541978215667579e-03
3.690392586166535687e-03
3.566461491854972920e-03
3.153357844149763840e-03
3.594001735035320250e-03
3.098277357789069181e-03
3.318599303231847385e-03
2.891725533936464858e-03
3.015656628248027625e-03
2.877955412346290976e-03
2.974346263477506414e-03
3.112047479379243062e-03
3.029426749838201073e-03
3.208438330510458500e-03
2.588782858952644664e-03
2.960576141887332965e-03
2.726484074854380879e-03
2.988116385067680295e-03
2.698943831674033549e-03
2.974346263477506414e-03
2.809104804395422868e-03
2.781564561215075539e-03
2.657633466903512771e-03
2.506162129411602674e-03
2.547472494182123452e-03
2.506162129411602674e-03
2.533702372591950004e-03
2.327150548739345248e-03
2.409771278280387237e-03
2.464851764641081897e-03
1.845196293083267844e-03
2.492392007821429226e-03
2.203219454427782480e-03
2.244529819198303692e-03
2.340920670329519129e-03
2.368460913509866459e-03
2.313380427149171800e-03
1.363242037427190440e-03
2.437311521460734567e-03
2.313380427149171800e-03
2.354690791919692577e-03
1.982897508985004276e-03
2.148138968067087821e-03
2.079288360116219713e-03
2.024207873755525054e-03
2.299610305558997918e-03
2.079288360116219713e-03
2.134368846476914373e-03
2.079288360116219713e-03
2.065518238526046265e-03
1.927817022624309833e-03
1.872736536263615173e-03
1.969127387394830828e-03
2.065518238526046265e-03
2.024207873755525054e-03
1.817656049902920731e-03
1.996667630575178157e-03
1.927817022624309833e-03
1.611104226050315974e-03
1.927817022624309833e-03
2.065518238526046265e-03
2.065518238526046265e-03
1.817656049902920731e-03
1.858966414673441508e-03
1.583563982869968644e-03
1.969127387394830828e-03
1.776345685132399736e-03
1.858966414673441508e-03
1.748805441952052406e-03
1.445862766968232429e-03
1.652414590820836969e-03
1.748805441952052406e-03
1.514713374919100537e-03
1.638644469230663304e-03
1.652414590820836969e-03
1.776345685132399736e-03
1.666184712411010634e-03
1.542253618099447866e-03
1.528483496509274201e-03
1.556023739689621531e-03
1.418322523787885099e-03
1.735035320361878741e-03
1.611104226050315974e-03
1.624874347640489639e-03
1.556023739689621531e-03
1.583563982869968644e-03
1.528483496509274201e-03
1.418322523787885099e-03
1.459632888558405877e-03
1.473403010148579542e-03
1.459632888558405877e-03
1.294391429476322332e-03
1.569793861279795196e-03
1.321931672656669662e-03
1.473403010148579542e-03
1.514713374919100537e-03
1.459632888558405877e-03
1.528483496509274201e-03
1.514713374919100537e-03
1.280621307886148667e-03
1.184230456754933230e-03
1.404552402197711434e-03
1.418322523787885099e-03
1.225540821525454007e-03
1.363242037427190440e-03
1.266851186295975002e-03
1.432092645378058764e-03
1.253081064705801337e-03
1.349471915837016775e-03
1.321931672656669662e-03
1.115379848804064905e-03
1.129149970394238570e-03
1.184230456754933230e-03
1.321931672656669662e-03
1.225540821525454007e-03
1.294391429476322332e-03
1.280621307886148667e-03
1.129149970394238570e-03
1.087839605623717575e-03
1.198000578345106894e-03
1.198000578345106894e-03
1.129149970394238570e-03
1.142920091984412235e-03
1.060299362443370462e-03
1.087839605623717575e-03
9.776786329023284729e-04
9.914487544925021378e-04
9.639085113121549165e-04
9.501383897219812516e-04
1.115379848804064905e-03
9.776786329023284729e-04
1.142920091984412235e-03
1.142920091984412235e-03
1.060299362443370462e-03
9.363682681318075867e-04
1.087839605623717575e-03
1.087839605623717575e-03
9.501383897219812516e-04
9.501383897219812516e-04
9.225981465416339218e-04
9.776786329023284729e-04
1.074069484033543910e-03
8.262072954104184843e-04
1.005218876082675803e-03
9.776786329023284729e-04
9.501383897219812516e-04
8.812877817711130355e-04
1.032759119263023133e-03
6.885060795086820522e-04
8.950579033612867004e-04
8.950579033612867004e-04
9.225981465416339218e-04
1.018988997672849468e-03
1.005218876082675803e-03
9.914487544925021378e-04
4.957243772462510689e-04
8.399774170005921492e-04
9.363682681318075867e-04
9.363682681318075867e-04
7.573566874595502683e-04
9.501383897219812516e-04
8.399774170005921492e-04
8.675176601809393706e-04
7.711268090497239332e-04
8.124371738202448194e-04
8.262072954104184843e-04
8.399774170005921492e-04
7.848969306398975981e-04
7.848969306398975981e-04
8.675176601809393706e-04
8.675176601809393706e-04
8.399774170005921492e-04
7.848969306398975981e-04
7.573566874595502683e-04
8.399774170005921492e-04
6.747359579185083873e-04
7.986670522300711545e-04
7.573566874595502683e-04
7.711268090497239332e-04
7.711268090497239332e-04
7.848969306398975981e-04
8.124371738202448194e-04
8.399774170005921492e-04
4.681841340659037933e-04
6.471957147381611659e-04
7.022762010988557171e-04
5.783451067872929499e-04
7.022762010988557171e-04
7.022762010988557171e-04
6.471957147381611659e-04
6.747359579185083873e-04
7.848969306398975981e-04
7.298164442792029385e-04
7.435865658693766034e-04
6.471957147381611659e-04
7.160463226890293820e-04
6.471957147381611659e-04
7.711268090497239332e-04
6.885060795086820522e-04
5.645749851971192850e-04
6.747359579185083873e-04
7.022762010988557171e-04
6.609658363283348308e-04
6.196554715578138361e-04
7.022762010988557171e-04
6.747359579185083873e-04
6.885060795086820522e-04
6.196554715578138361e-04
7.022762010988557171e-04
5.645749851971192850e-04
5.094944988364247338e-04
6.334255931479875010e-04
6.747359579185083873e-04
6.747359579185083873e-04
6.747359579185083873e-04
5.370347420167719552e-04
6.609658363283348308e-04
5.783451067872929499e-04
5.645749851971192850e-04
5.783451067872929499e-04
5.783451067872929499e-04
6.471957147381611659e-04
6.334255931479875010e-04
5.645749851971192850e-04
5.645749851971192850e-04
5.508048636069456201e-04
5.645749851971192850e-04
5.645749851971192850e-04
5.508048636069456201e-04
5.921152283774666148e-04
5.921152283774666148e-04
4.268737692953828529e-04
5.783451067872929499e-04
4.819542556560774582e-04
5.232646204265983987e-04
6.058853499676401713e-04
5.508048636069456201e-04
5.921152283774666148e-04
4.819542556560774582e-04
5.921152283774666148e-04
5.370347420167719552e-04
5.645749851971192850e-04
5.645749851971192850e-04
4.268737692953828529e-04
4.681841340659037933e-04
5.094944988364247338e-04
4.681841340659037933e-04
5.783451067872929499e-04
5.232646204265983987e-04
5.645749851971192850e-04
5.645749851971192850e-04
4.819542556560774582e-04
5.232646204265983987e-04
5.508048636069456201e-04
4.819542556560774582e-04
4.957243772462510689e-04
5.508048636069456201e-04
4.819542556560774582e-04
4.268737692953828529e-04
5.370347420167719552e-04
4.681841340659037933e-04
3.442530397543410261e-04
6.885060795086820251e-05
4.819542556560774582e-04
5.094944988364247338e-04
4.819542556560774582e-04
4.957243772462510689e-04
4.819542556560774582e-04
4.544140124757301826e-04
8.262072954104185385e-05
4.544140124757301826e-04
4.957243772462510689e-04
5.094944988364247338e-04
5.094944988364247338e-04
5.094944988364247338e-04
5.094944988364247338e-04
5.094944988364247338e-04
5.094944988364247338e-04
3.717932829346883017e-04
3.993335261150355773e-04
4.544140124757301826e-04
3.855634045248619666e-04
4.131036477052092422e-04
4.268737692953828529e-04
4.544140124757301826e-04
3.717932829346883017e-04
4.268737692953828529e-04
3.855634045248619666e-04
4.681841340659037933e-04
4.406438908855565178e-04
4.544140124757301826e-04
4.544140124757301826e-04
4.268737692953828529e-04
3.442530397543410261e-04
4.268737692953828529e-04
4.544140124757301826e-04
3.855634045248619666e-04
4.131036477052092422e-04
3.442530397543410261e-04
3.442530397543410261e-04
4.406438908855565178e-04
3.442530397543410261e-04
3.717932829346883017e-04
4.268737692953828529e-04
3.580231613445146910e-04
3.717932829346883017e-04
4.131036477052092422e-04
3.993335261150355773e-04
3.993335261150355773e-04
2.616323102132991994e-04
3.993335261150355773e-04
3.993335261150355773e-04
4.131036477052092422e-04
3.855634045248619666e-04
3.580231613445146910e-04
2.478621886231255345e-04
3.580231613445146910e-04
3.993335261150355773e-04
3.304829181641674154e-04
2.891725533936464749e-04
3.442530397543410261e-04
3.993335261150355773e-04
3.442530397543410261e-04
3.993335261150355773e-04
3.993335261150355773e-04
3.304829181641674154e-04
3.993335261150355773e-04
3.029426749838200856e-04
3.442530397543410261e-04
3.717932829346883017e-04
3.855634045248619666e-04
3.855634045248619666e-04
3.855634045248619666e-04
3.167127965739937505e-04
3.717932829346883017e-04
3.304829181641674154e-04
3.442530397543410261e-04
2.065518238526046211e-04
2.616323102132991994e-04
3.029426749838200856e-04
2.891725533936464749e-04
3.304829181641674154e-04
3.304829181641674154e-04
2.478621886231255345e-04
3.442530397543410261e-04
2.616323102132991994e-04
3.304829181641674154e-04
3.580231613445146910e-04
3.304829181641674154e-04
3.304829181641674154e-04
3.580231613445146910e-04
3.580231613445146910e-04
3.442530397543410261e-04
3.442530397543410261e-04
3.442530397543410261e-04
2.891725533936464749e-04
3.442530397543410261e-04
3.029426749838200856e-04
3.029426749838200856e-04
2.891725533936464749e-04
2.478621886231255345e-04
2.891725533936464749e-04
2.891725533936464749e-04
3.304829181641674154e-04
3.029426749838200856e-04
2.065518238526046211e-04
3.167127965739937505e-04
2.754024318034728100e-04
2.754024318034728100e-04
2.340920670329518967e-04
2.065518238526046211e-04
3.167127965739937505e-04
2.891725533936464749e-04
2.616323102132991994e-04
3.167127965739937505e-04
1.790115806722573455e-04
3.167127965739937505e-04
2.340920670329518967e-04
2.754024318034728100e-04
3.029426749838200856e-04
2.616323102132991994e-04
2.891725533936464749e-04
2.478621886231255345e-04
2.616323102132991994e-04
1.377012159017364050e-04
2.891725533936464749e-04
2.340920670329518967e-04
2.754024318034728100e-04
2.340920670329518967e-04
2.891725533936464749e-04
2.616323102132991994e-04
2.891725533936464749e-04
2.754024318034728100e-04
1.927817022624309833e-04
2.478621886231255345e-04
2.754024318034728100e-04
2.478621886231255345e-04
2.754024318034728100e-04
2.616323102132991994e-04
2.616323102132991994e-04
2.616323102132991994e-04
2.616323102132991994e-04
2.340920670329518967e-04
2.340920670329518967e-04
2.478621886231255345e-04
2.616323102132991994e-04
2.616323102132991994e-04
2.478621886231255345e-04
2.616323102132991994e-04
2.340920670329518967e-04
1.790115806722573455e-04
2.340920670329518967e-04
2.340920670329518967e-04
2.616323102132991994e-04
2.478621886231255345e-04
2.616323102132991994e-04
2.340920670329518967e-04
2.478621886231255345e-04
2.616323102132991994e-04
2.203219454427782589e-04
2.616323102132991994e-04
2.616323102132991994e-04
1.790115806722573455e-04
9.639085113121549165e-05
2.616323102132991994e-04
2.203219454427782589e-04
2.478621886231255345e-04
2.203219454427782589e-04
2.065518238526046211e-04
2.203219454427782589e-04
2.478621886231255345e-04
2.478621886231255345e-04
2.478621886231255345e-04
2.478621886231255345e-04
1.377012159017364050e-04
2.203219454427782589e-04
2.340920670329518967e-04
2.203219454427782589e-04
2.340920670329518967e-04
2.203219454427782589e-04
2.340920670329518967e-04
2.340920670329518967e-04
2.340920670329518967e-04
1.927817022624309833e-04
2.340920670329518967e-04
2.340920670329518967e-04
1.790115806722573455e-04
2.065518238526046211e-04
2.340920670329518967e-04
2.203219454427782589e-04
2.065518238526046211e-04
2.340920670329518967e-04
2.340920670329518967e-04
2.340920670329518967e-04
2.340920670329518967e-04
2.340920670329518967e-04
2.340920670329518967e-04
2.203219454427782589e-04
2.340920670329518967e-04
2.340920670329518967e-04
1.514713374919100428e-04
1.927817022624309833e-04
1.927817022624309833e-04
2.203219454427782589e-04
2.203219454427782589e-04
1.790115806722573455e-04
1.652414590820837077e-04
2.203219454427782589e-04
2.203219454427782589e-04
1.652414590820837077e-04
1.927817022624309833e-04
2.065518238526046211e-04
1.790115806722573455e-04
1.927817022624309833e-04
2.065518238526046211e-04
2.065518238526046211e-04
2.065518238526046211e-04
1.927817022624309833e-04
2.065518238526046211e-04
1.790115806722573455e-04
2.065518238526046211e-04
2.065518238526046211e-04
1.790115806722573455e-04
1.927817022624309833e-04
1.927817022624309833e-04
1.514713374919100428e-04
1.514713374919100428e-04
1.790115806722573455e-04
1.514713374919100428e-04
1.927817022624309833e-04
1.377012159017364050e-04
1.927817022624309833e-04
1.927817022624309833e-04
1.652414590820837077e-04
1.927817022624309833e-04
1.927817022624309833e-04
1.790115806722573455e-04
1.652414590820837077e-04
1.927817022624309833e-04
1.514713374919100428e-04
1.927817022624309833e-04
1.927817022624309833e-04
1.927817022624309833e-04
1.652414590820837077e-04
1.514713374919100428e-04
1.790115806722573455e-04
1.239310943115627672e-04
1.790115806722573455e-04
1.790115806722573455e-04
1.790115806722573455e-04
1.790115806722573455e-04
1.790115806722573455e-04
1.790115806722573455e-04
1.652414590820837077e-04
1.239310943115627672e-04
1.790115806722573455e-04
1.652414590820837077e-04
1.790115806722573455e-04
6.885060795086820251e-05
1.790115806722573455e-04
1.790115806722573455e-04
1.652414590820837077e-04
9.639085113121549165e-05
1.790115806722573455e-04
1.790115806722573455e-04
9.639085113121549165e-05
1.652414590820837077e-04
1.652414590820837077e-04
1.790115806722573455e-04
1.239310943115627672e-04
1.652414590820837077e-04
1.514713374919100428e-04
1.652414590820837077e-04
1.239310943115627672e-04
1.652414590820837077e-04
1.652414590820837077e-04
1.514713374919100428e-04
1.652414590820837077e-04
1.652414590820837077e-04
1.239310943115627672e-04
1.377012159017364050e-04
1.652414590820837077e-04
9.639085113121549165e-05
1.514713374919100428e-04
1.514713374919100428e-04
1.652414590820837077e-04
1.514713374919100428e-04
1.239310943115627672e-04
1.377012159017364050e-04
1.514713374919100428e-04
1.514713374919100428e-04
1.514713374919100428e-04
1.514713374919100428e-04
1.514713374919100428e-04
1.514713374919100428e-04
1.239310943115627672e-04
1.514713374919100428e-04
1.514713374919100428e-04
1.514713374919100428e-04
1.239310943115627672e-04
1.514713374919100428e-04
1.377012159017364050e-04
1.101609727213891294e-04
1.514713374919100428e-04
1.514713374919100428e-04
1.514713374919100428e-04
1.377012159017364050e-04
1.514713374919100428e-04
1.514713374919100428e-04
1.514713374919100428e-04
1.514713374919100428e-04
1.514713374919100428e-04
1.514713374919100428e-04
1.514713374919100428e-04
1.514713374919100428e-04
1.514713374919100428e-04
1.514713374919100428e-04
1.377012159017364050e-04
1.514713374919100428e-04
1.377012159017364050e-04
1.239310943115627672e-04
1.239310943115627672e-04
1.377012159017364050e-04
1.377012159017364050e-04
9.639085113121549165e-05
9.639085113121549165e-05
9.639085113121549165e-05
1.377012159017364050e-04
2.754024318034728236e-05
8.262072954104185385e-05
1.377012159017364050e-04
1.377012159017364050e-04
1.377012159017364050e-04
1.377012159017364050e-04
1.239310943115627672e-04
1.101609727213891294e-04
1.239310943115627672e-04
1.239310943115627672e-04
1.101609727213891294e-04
1.239310943115627672e-04
1.239310943115627672e-04
1.239310943115627672e-04
1.239310943115627672e-04
9.639085113121549165e-05
9.639085113121549165e-05
1.101609727213891294e-04
1.239310943115627672e-04
1.239310943115627672e-04
1.239310943115627672e-04
1.101609727213891294e-04
9.639085113121549165e-05
1.239310943115627672e-04
1.239310943115627672e-04
9.639085113121549165e-05
1.239310943115627672e-04
1.239310943115627672e-04
1.239310943115627672e-04
1.101609727213891294e-04
1.239310943115627672e-04
9.639085113121549165e-05
6.885060795086820251e-05
1.239310943115627672e-04
1.239310943115627672e-04
1.239310943115627672e-04
1.239310943115627672e-04
1.239310943115627672e-04
1.239310943115627672e-04
1.239310943115627672e-04
1.101609727213891294e-04
1.239310943115627672e-04
1.239310943115627672e-04
1.239310943115627672e-04
1.239310943115627672e-04
1.239310943115627672e-04
1.239310943115627672e-04
9.639085113121549165e-05
9.639085113121549165e-05
1.239310943115627672e-04
1.101609727213891294e-04
1.101609727213891294e-04
9.639085113121549165e-05
1.377012159017364118e-05
1.239310943115627672e-04
9.639085113121549165e-05
1.101609727213891294e-04
1.239310943115627672e-04
1.101609727213891294e-04
1.239310943115627672e-04
1.239310943115627672e-04
1.239310943115627672e-04
5.508048636069456472e-05
1.101609727213891294e-04
1.101609727213891294e-04
1.101609727213891294e-04
6.885060795086820251e-05
8.262072954104185385e-05
9.639085113121549165e-05
1.101609727213891294e-04
1.101609727213891294e-04
9.639085113121549165e-05
9.639085113121549165e-05
1.101609727213891294e-04
1.101609727213891294e-04
1.101609727213891294e-04
8.262072954104185385e-05
1.101609727213891294e-04
1.101609727213891294e-04
1.101609727213891294e-04
9.639085113121549165e-05
9.639085113121549165e-05
8.262072954104185385e-05
9.639085113121549165e-05
9.639085113121549165e-05
8.262072954104185385e-05
9.639085113121549165e-05
9.639085113121549165e-05
8.262072954104185385e-05
6.885060795086820251e-05
9.639085113121549165e-05
9.639085113121549165e-05
9.639085113121549165e-05
9.639085113121549165e-05
5.508048636069456472e-05
9.639085113121549165e-05
9.639085113121549165e-05
9.639085113121549165e-05
9.639085113121549165e-05
9.639085113121549165e-05
6.885060795086820251e-05
9.639085113121549165e-05
9.639085113121549165e-05
6.885060795086820251e-05
9.639085113121549165e-05
6.885060795086820251e-05
9.639085113121549165e-05
1.377012159017364118e-05
9.639085113121549165e-05
9.639085113121549165e-05
8.262072954104185385e-05
6.885060795086820251e-05
9.639085113121549165e-05
9.639085113121549165e-05
9.639085113121549165e-05
8.262072954104185385e-05
9.639085113121549165e-05
9.639085113121549165e-05
8.262072954104185385e-05
9.639085113121549165e-05
9.639085113121549165e-05
8.262072954104185385e-05
9.639085113121549165e-05
9.639085113121549165e-05
9.639085113121549165e-05
9.639085113121549165e-05
9.639085113121549165e-05
6.885060795086820251e-05
6.885060795086820251e-05
6.885060795086820251e-05
9.639085113121549165e-05
9.639085113121549165e-05
9.639085113121549165e-05
9.639085113121549165e-05
6.885060795086820251e-05
6.885060795086820251e-05
8.262072954104185385e-05
8.262072954104185385e-05
6.885060795086820251e-05
8.262072954104185385e-05
8.262072954104185385e-05
8.262072954104185385e-05
8.262072954104185385e-05
8.262072954104185385e-05
8.262072954104185385e-05
8.262072954104185385e-05
6.885060795086820251e-05
8.262072954104185385e-05
6.885060795086820251e-05
5.508048636069456472e-05
8.262072954104185385e-05
5.508048636069456472e-05
6.885060795086820251e-05
6.885060795086820251e-05
2.754024318034728236e-05
8.262072954104185385e-05
8.262072954104185385e-05
8.262072954104185385e-05
6.885060795086820251e-05
6.885060795086820251e-05
6.885060795086820251e-05
8.262072954104185385e-05
1.377012159017364118e-05
8.262072954104185385e-05
5.508048636069456472e-05
5.508048636069456472e-05
8.262072954104185385e-05
6.885060795086820251e-05
6.885060795086820251e-05
6.885060795086820251e-05
6.885060795086820251e-05
4.131036477052092693e-05
6.885060795086820251e-05
6.885060795086820251e-05
6.885060795086820251e-05
6.885060795086820251e-05
6.885060795086820251e-05
5.508048636069456472e-05
6.885060795086820251e-05
6.885060795086820251e-05
6.885060795086820251e-05
6.885060795086820251e-05
4.131036477052092693e-05
6.885060795086820251e-05
6.885060795086820251e-05
6.885060795086820251e-05
6.885060795086820251e-05
6.885060795086820251e-05
6.885060795086820251e-05
6.885060795086820251e-05
6.885060795086820251e-05
6.885060795086820251e-05
6.885060795086820251e-05
6.885060795086820251e-05
6.885060795086820251e-05
6.885060795086820251e-05
5.508048636069456472e-05
6.885060795086820251e-05
5.508048636069456472e-05
6.885060795086820251e-05
4.131036477052092693e-05
6.885060795086820251e-05
6.885060795086820251e-05
6.885060795086820251e-05
6.885060795086820251e-05
6.885060795086820251e-05
6.885060795086820251e-05
6.885060795086820251e-05
6.885060795086820251e-05
6.885060795086820251e-05
4.131036477052092693e-05
6.885060795086820251e-05
6.885060795086820251e-05
6.885060795086820251e-05
4.131036477052092693e-05
4.131036477052092693e-05
6.885060795086820251e-05
5.508048636069456472e-05
6.885060795086820251e-05
4.131036477052092693e-05
5.508048636069456472e-05
6.885060795086820251e-05
6.885060795086820251e-05
6.885060795086820251e-05
6.885060795086820251e-05
6.885060795086820251e-05
6.885060795086820251e-05
5.508048636069456472e-05
6.885060795086820251e-05
5.508048636069456472e-05
6.885060795086820251e-05
6.885060795086820251e-05
6.885060795086820251e-05
6.885060795086820251e-05
6.885060795086820251e-05
6.885060795086820251e-05
6.885060795086820251e-05
6.885060795086820251e-05
5.508048636069456472e-05
6.885060795086820251e-05
6.885060795086820251e-05
6.885060795086820251e-05
6.885060795086820251e-05
6.885060795086820251e-05
6.885060795086820251e-05
