2.743851892788062852e-02
2.685824813484388035e-02
2.234042553191489464e-02
2.173252279635258521e-02
2.214700193423597627e-02
2.209173804918485723e-02
2.058579718154186083e-02
1.916275214147554473e-02
1.114948880906327724e-02
1.177120751588836729e-02
1.282122133185962902e-02
1.141199226305609354e-02
1.124620060790273643e-02
1.018237082066869234e-02
1.001657916551533523e-02
9.118541033434649987e-03
9.367228516164685659e-03
8.496822326609559939e-03
8.496822326609559939e-03
8.427742470295662008e-03
8.372478585244542970e-03
8.040895274937828741e-03
7.502072395689417250e-03
7.709311964631113644e-03
7.916551533572810037e-03
7.488256424426637491e-03
6.921801602652666481e-03
6.769825918762089126e-03
6.673114119922630809e-03
6.369162752141475231e-03
5.747444045316386051e-03
6.590218292345952251e-03
6.341530809615915712e-03
6.175739154462558597e-03
5.968499585520862204e-03
5.719812102790826532e-03
5.775075987841945570e-03
5.581652390163028069e-03
5.402044763746891194e-03
5.636916275214147974e-03
5.567836418900248309e-03
5.388228792484111435e-03
4.849405913235700812e-03
5.236253108593534079e-03
5.042829510914617445e-03
4.987565625863498407e-03
5.111909367228516243e-03
5.070461453440176965e-03
4.697430229345122589e-03
4.614534401768444032e-03
4.807957999447361533e-03
4.794142028184581773e-03
4.490190660403426196e-03
4.725062171870682108e-03
5.070461453440176965e-03
5.125725338491296003e-03
4.352030947775628600e-03
4.061895551257253649e-03
4.075711522520033409e-03
3.951367781155015572e-03
3.923735838629456053e-03
3.744128212213318745e-03
3.495440729483282639e-03
3.633600442111080235e-03
3.675048355899419514e-03
3.771760154738878264e-03
3.744128212213318745e-03
3.619784470848300476e-03
3.688864327162199707e-03
3.564520585797181437e-03
3.426360873169383842e-03
3.592152528322740956e-03
3.094777562862669178e-03
3.315833103067145765e-03
2.887537993920972785e-03
3.011881735285990621e-03
2.873722022658193025e-03
2.970433821497651342e-03
3.108593534125448938e-03
3.025697706548770381e-03
3.205305332964907255e-03
2.583586626139817641e-03
2.956617850234871583e-03
2.721746338767615236e-03
2.984249792760431102e-03
2.694114396242055717e-03
2.970433821497651342e-03
2.804642166344293794e-03
2.777010223818734275e-03
2.652666482453716439e-03
2.500690798563139083e-03
2.542138712351478362e-03
2.500690798563139083e-03
2.528322741088698603e-03
2.321083172147001775e-03
2.403978999723680766e-03
2.459242884774799805e-03
2.238187344570323218e-03
2.486874827300359324e-03
2.196739430781983939e-03
2.238187344570323218e-03
2.334899143409781535e-03
2.362531085935341054e-03
2.307267200884222016e-03
2.238187344570323218e-03
2.431610942249240286e-03
2.307267200884222016e-03
2.348715114672561294e-03
1.975683890577507786e-03
2.141475545730864901e-03
2.072395689416966103e-03
2.017131804365847065e-03
2.293451229621442256e-03
2.072395689416966103e-03
2.127659574468085141e-03
2.072395689416966103e-03
2.058579718154186344e-03
1.920420005526388531e-03
1.865156120475269493e-03
1.961867919314728027e-03
2.058579718154186344e-03
2.017131804365847065e-03
1.809892235424150238e-03
1.989499861840287546e-03
1.920420005526388531e-03
1.602652666482453627e-03
1.920420005526388531e-03
2.058579718154186344e-03
2.058579718154186344e-03
1.809892235424150238e-03
1.851340149212489733e-03
1.575020723956894108e-03
1.961867919314728027e-03
1.768444321635810959e-03
1.851340149212489733e-03
1.740812379110251440e-03
1.436861011329096513e-03
1.644100580270793123e-03
1.740812379110251440e-03
1.505940867642995310e-03
1.630284609008013363e-03
1.644100580270793123e-03
1.768444321635810959e-03
1.657916551533572883e-03
1.533572810168554830e-03
1.519756838905775070e-03
1.547388781431334589e-03
1.409229068803536994e-03
1.726996407847471680e-03
1.602652666482453627e-03
1.616468637745233387e-03
1.547388781431334589e-03
1.575020723956894108e-03
1.519756838905775070e-03
1.409229068803536994e-03
1.450676982591876272e-03
1.464492953854656032e-03
1.450676982591876272e-03
1.284885327438518941e-03
1.561204752694114349e-03
1.312517269964078460e-03
1.464492953854656032e-03
1.505940867642995310e-03
1.450676982591876272e-03
1.519756838905775070e-03
1.505940867642995310e-03
1.271069356175739181e-03
1.174357557336280647e-03
1.395413097540757017e-03
1.409229068803536994e-03
1.215805471124620143e-03
1.353965183752417738e-03
1.257253384912959421e-03
1.423045040066316753e-03
1.243437413650179662e-03
1.340149212489637979e-03
1.312517269964078460e-03
1.105277701022381849e-03
1.119093672285161609e-03
1.174357557336280647e-03
1.312517269964078460e-03
1.215805471124620143e-03
1.284885327438518941e-03
1.271069356175739181e-03
1.119093672285161609e-03
1.077645758496822330e-03
1.188173528599060407e-03
1.188173528599060407e-03
1.119093672285161609e-03
1.132909643547941369e-03
1.050013815971262811e-03
1.077645758496822330e-03
9.671179883945841453e-04
9.809339596573640133e-04
9.533020171318043858e-04
9.394860458690246262e-04
1.105277701022381849e-03
9.671179883945841453e-04
1.132909643547941369e-03
1.132909643547941369e-03
1.050013815971262811e-03
9.256700746062448667e-04
1.077645758496822330e-03
1.077645758496822330e-03
9.394860458690246262e-04
9.394860458690246262e-04
9.118541033434649987e-04
9.671179883945841453e-04
1.063829787234042571e-03
8.151423045040066817e-04
9.947499309201437729e-04
9.671179883945841453e-04
9.394860458690246262e-04
8.704061895551257200e-04
1.022381873445703292e-03
9.533020171318043858e-04
8.842221608179054795e-04
8.842221608179054795e-04
9.118541033434649987e-04
1.008565902182923532e-03
9.947499309201437729e-04
9.809339596573640133e-04
8.842221608179054795e-04
8.289582757667864413e-04
9.256700746062448667e-04
9.256700746062448667e-04
7.460624481901077755e-04
9.394860458690246262e-04
8.289582757667864413e-04
8.565902182923459604e-04
7.598784194528875350e-04
8.013263332412268137e-04
8.151423045040066817e-04
8.289582757667864413e-04
7.736943907156672946e-04
7.736943907156672946e-04
8.565902182923459604e-04
8.565902182923459604e-04
8.289582757667864413e-04
7.736943907156672946e-04
7.460624481901077755e-04
8.289582757667864413e-04
8.427742470295662008e-04
7.875103619784470542e-04
7.460624481901077755e-04
7.598784194528875350e-04
7.598784194528875350e-04
7.736943907156672946e-04
8.013263332412268137e-04
8.289582757667864413e-04
6.769825918762088692e-04
6.355346780878695905e-04
6.907985631389886288e-04
5.664548217739706843e-04
6.907985631389886288e-04
6.907985631389886288e-04
6.355346780878695905e-04
6.631666206134291097e-04
7.736943907156672946e-04
7.184305056645482563e-04
7.322464769273280159e-04
6.355346780878695905e-04
7.046145344017684968e-04
6.355346780878695905e-04
7.598784194528875350e-04
6.769825918762088692e-04
5.526388505111909247e-04
6.631666206134291097e-04
6.907985631389886288e-04
6.493506493506493501e-04
6.079027355623100714e-04
6.907985631389886288e-04
6.631666206134291097e-04
6.769825918762088692e-04
6.079027355623100714e-04
6.907985631389886288e-04
5.526388505111909247e-04
4.973749654600718864e-04
6.217187068250898310e-04
6.631666206134291097e-04
6.631666206134291097e-04
6.631666206134291097e-04
5.250069079856314056e-04
6.493506493506493501e-04
5.664548217739706843e-04
5.526388505111909247e-04
5.664548217739706843e-04
5.664548217739706843e-04
6.355346780878695905e-04
6.217187068250898310e-04
5.526388505111909247e-04
5.526388505111909247e-04
5.388228792484111651e-04
5.526388505111909247e-04
5.526388505111909247e-04
5.388228792484111651e-04
5.802707930367504438e-04
5.802707930367504438e-04
4.144791378833932206e-04
5.664548217739706843e-04
4.697430229345123131e-04
5.111909367228516460e-04
5.940867642995302034e-04
5.388228792484111651e-04
5.802707930367504438e-04
4.697430229345123131e-04
5.802707930367504438e-04
5.250069079856314056e-04
5.526388505111909247e-04
5.526388505111909247e-04
4.144791378833932206e-04
4.559270516717324993e-04
5.526388505111909247e-04
4.559270516717324993e-04
5.664548217739706843e-04
5.111909367228516460e-04
5.526388505111909247e-04
5.526388505111909247e-04
4.697430229345123131e-04
5.111909367228516460e-04
5.388228792484111651e-04
4.697430229345123131e-04
4.835589941972920727e-04
5.388228792484111651e-04
4.697430229345123131e-04
4.144791378833932206e-04
5.250069079856314056e-04
4.559270516717324993e-04
3.315833103067145548e-04
4.559270516717324993e-04
4.697430229345123131e-04
4.973749654600718864e-04
4.697430229345123131e-04
4.835589941972920727e-04
4.697430229345123131e-04
4.421110804089527398e-04
4.697430229345123131e-04
4.421110804089527398e-04
4.835589941972920727e-04
4.973749654600718864e-04
4.973749654600718864e-04
4.973749654600718864e-04
4.973749654600718864e-04
4.973749654600718864e-04
4.973749654600718864e-04
3.592152528322741282e-04
3.868471953578336473e-04
4.421110804089527398e-04
3.730312240950538877e-04
4.006631666206134069e-04
4.144791378833932206e-04
4.421110804089527398e-04
3.592152528322741282e-04
4.144791378833932206e-04
3.730312240950538877e-04
4.559270516717324993e-04
4.282951091461729802e-04
4.421110804089527398e-04
4.421110804089527398e-04
4.144791378833932206e-04
3.315833103067145548e-04
4.144791378833932206e-04
4.421110804089527398e-04
3.730312240950538877e-04
4.006631666206134069e-04
3.315833103067145548e-04
3.315833103067145548e-04
4.282951091461729802e-04
3.315833103067145548e-04
3.592152528322741282e-04
4.144791378833932206e-04
3.453992815694943144e-04
3.592152528322741282e-04
4.006631666206134069e-04
3.868471953578336473e-04
3.868471953578336473e-04
2.486874827300359432e-04
3.868471953578336473e-04
3.868471953578336473e-04
4.006631666206134069e-04
3.730312240950538877e-04
3.453992815694943144e-04
4.006631666206134069e-04
3.453992815694943144e-04
3.868471953578336473e-04
3.730312240950538877e-04
2.763194252555954624e-04
3.315833103067145548e-04
3.868471953578336473e-04
3.315833103067145548e-04
3.868471953578336473e-04
3.868471953578336473e-04
3.177673390439347953e-04
3.868471953578336473e-04
2.901353965183752219e-04
3.315833103067145548e-04
3.592152528322741282e-04
3.730312240950538877e-04
3.730312240950538877e-04
3.730312240950538877e-04
3.039513677811550357e-04
3.592152528322741282e-04
3.177673390439347953e-04
3.315833103067145548e-04
1.934235976789168236e-04
2.486874827300359432e-04
2.901353965183752219e-04
2.763194252555954624e-04
3.177673390439347953e-04
3.177673390439347953e-04
2.348715114672561566e-04
3.315833103067145548e-04
2.486874827300359432e-04
3.177673390439347953e-04
3.453992815694943144e-04
3.177673390439347953e-04
3.177673390439347953e-04
3.453992815694943144e-04
3.453992815694943144e-04
3.315833103067145548e-04
3.315833103067145548e-04
3.315833103067145548e-04
2.763194252555954624e-04
3.315833103067145548e-04
2.901353965183752219e-04
2.901353965183752219e-04
2.763194252555954624e-04
2.348715114672561566e-04
2.763194252555954624e-04
3.177673390439347953e-04
3.177673390439347953e-04
2.901353965183752219e-04
1.934235976789168236e-04
3.039513677811550357e-04
2.625034539928157028e-04
2.625034539928157028e-04
2.210555402044763699e-04
1.934235976789168236e-04
3.039513677811550357e-04
2.763194252555954624e-04
2.486874827300359432e-04
3.039513677811550357e-04
2.348715114672561566e-04
3.039513677811550357e-04
2.210555402044763699e-04
2.625034539928157028e-04
2.901353965183752219e-04
2.486874827300359432e-04
2.763194252555954624e-04
2.348715114672561566e-04
2.486874827300359432e-04
2.210555402044763699e-04
2.763194252555954624e-04
2.210555402044763699e-04
2.625034539928157028e-04
2.210555402044763699e-04
2.763194252555954624e-04
2.486874827300359432e-04
2.763194252555954624e-04
2.625034539928157028e-04
1.796076264161370641e-04
2.348715114672561566e-04
2.625034539928157028e-04
2.348715114672561566e-04
2.625034539928157028e-04
2.486874827300359432e-04
2.486874827300359432e-04
2.486874827300359432e-04
2.486874827300359432e-04
2.210555402044763699e-04
2.210555402044763699e-04
2.348715114672561566e-04
2.486874827300359432e-04
2.486874827300359432e-04
2.348715114672561566e-04
2.486874827300359432e-04
2.210555402044763699e-04
1.657916551533572774e-04
2.210555402044763699e-04
2.210555402044763699e-04
2.486874827300359432e-04
2.348715114672561566e-04
2.486874827300359432e-04
2.210555402044763699e-04
2.348715114672561566e-04
2.486874827300359432e-04
2.072395689416966103e-04
2.486874827300359432e-04
2.486874827300359432e-04
1.657916551533572774e-04
8.289582757667863871e-05
2.486874827300359432e-04
2.072395689416966103e-04
2.348715114672561566e-04
2.072395689416966103e-04
1.934235976789168236e-04
2.072395689416966103e-04
2.348715114672561566e-04
2.348715114672561566e-04
2.348715114672561566e-04
2.348715114672561566e-04
1.243437413650179716e-04
2.072395689416966103e-04
2.210555402044763699e-04
2.072395689416966103e-04
2.210555402044763699e-04
2.072395689416966103e-04
2.210555402044763699e-04
2.210555402044763699e-04
2.210555402044763699e-04
1.796076264161370641e-04
2.210555402044763699e-04
2.210555402044763699e-04
1.657916551533572774e-04
1.934235976789168236e-04
2.210555402044763699e-04
2.072395689416966103e-04
1.934235976789168236e-04
2.210555402044763699e-04
2.210555402044763699e-04
2.210555402044763699e-04
2.210555402044763699e-04
2.210555402044763699e-04
2.210555402044763699e-04
2.072395689416966103e-04
2.210555402044763699e-04
2.210555402044763699e-04
1.381597126277977312e-04
1.796076264161370641e-04
1.796076264161370641e-04
2.072395689416966103e-04
2.072395689416966103e-04
1.657916551533572774e-04
1.519756838905775178e-04
2.072395689416966103e-04
2.072395689416966103e-04
1.519756838905775178e-04
1.796076264161370641e-04
1.934235976789168236e-04
1.657916551533572774e-04
1.796076264161370641e-04
1.934235976789168236e-04
1.934235976789168236e-04
1.934235976789168236e-04
1.796076264161370641e-04
1.934235976789168236e-04
1.657916551533572774e-04
1.934235976789168236e-04
1.934235976789168236e-04
1.657916551533572774e-04
1.796076264161370641e-04
1.796076264161370641e-04
1.381597126277977312e-04
1.381597126277977312e-04
1.657916551533572774e-04
1.381597126277977312e-04
1.796076264161370641e-04
1.243437413650179716e-04
1.796076264161370641e-04
1.796076264161370641e-04
1.519756838905775178e-04
1.796076264161370641e-04
1.796076264161370641e-04
1.657916551533572774e-04
1.519756838905775178e-04
1.796076264161370641e-04
1.381597126277977312e-04
1.796076264161370641e-04
1.796076264161370641e-04
1.796076264161370641e-04
1.519756838905775178e-04
1.381597126277977312e-04
1.657916551533572774e-04
1.105277701022381849e-04
1.657916551533572774e-04
1.657916551533572774e-04
1.657916551533572774e-04
1.657916551533572774e-04
1.657916551533572774e-04
1.657916551533572774e-04
1.519756838905775178e-04
1.105277701022381849e-04
1.657916551533572774e-04
1.519756838905775178e-04
1.657916551533572774e-04
5.526388505111909247e-05
1.657916551533572774e-04
1.657916551533572774e-04
1.519756838905775178e-04
8.289582757667863871e-05
1.657916551533572774e-04
1.657916551533572774e-04
8.289582757667863871e-05
1.519756838905775178e-04
1.519756838905775178e-04
1.657916551533572774e-04
1.105277701022381849e-04
1.519756838905775178e-04
1.381597126277977312e-04
1.519756838905775178e-04
1.105277701022381849e-04
1.519756838905775178e-04
1.519756838905775178e-04
1.381597126277977312e-04
1.519756838905775178e-04
1.519756838905775178e-04
1.243437413650179716e-04
1.243437413650179716e-04
1.519756838905775178e-04
8.289582757667863871e-05
1.381597126277977312e-04
1.381597126277977312e-04
1.519756838905775178e-04
1.381597126277977312e-04
1.105277701022381849e-04
1.243437413650179716e-04
1.381597126277977312e-04
1.381597126277977312e-04
1.381597126277977312e-04
1.381597126277977312e-04
1.381597126277977312e-04
1.381597126277977312e-04
1.105277701022381849e-04
1.381597126277977312e-04
1.381597126277977312e-04
1.381597126277977312e-04
1.105277701022381849e-04
1.381597126277977312e-04
1.243437413650179716e-04
9.671179883945841182e-05
1.381597126277977312e-04
1.381597126277977312e-04
1.381597126277977312e-04
1.243437413650179716e-04
1.381597126277977312e-04
1.381597126277977312e-04
1.381597126277977312e-04
1.381597126277977312e-04
1.381597126277977312e-04
1.381597126277977312e-04
1.381597126277977312e-04
1.381597126277977312e-04
1.381597126277977312e-04
1.381597126277977312e-04
1.243437413650179716e-04
1.381597126277977312e-04
1.243437413650179716e-04
1.105277701022381849e-04
1.105277701022381849e-04
1.243437413650179716e-04
1.243437413650179716e-04
8.289582757667863871e-05
8.289582757667863871e-05
8.289582757667863871e-05
1.243437413650179716e-04
1.381597126277977312e-05
6.907985631389886559e-05
1.243437413650179716e-04
1.243437413650179716e-04
1.243437413650179716e-04
1.243437413650179716e-04
1.105277701022381849e-04
9.671179883945841182e-05
1.105277701022381849e-04
1.105277701022381849e-04
9.671179883945841182e-05
1.105277701022381849e-04
1.105277701022381849e-04
1.105277701022381849e-04
1.105277701022381849e-04
8.289582757667863871e-05
8.289582757667863871e-05
9.671179883945841182e-05
1.105277701022381849e-04
1.105277701022381849e-04
1.105277701022381849e-04
9.671179883945841182e-05
8.289582757667863871e-05
1.105277701022381849e-04
1.105277701022381849e-04
8.289582757667863871e-05
1.105277701022381849e-04
1.105277701022381849e-04
1.105277701022381849e-04
9.671179883945841182e-05
1.105277701022381849e-04
8.289582757667863871e-05
5.526388505111909247e-05
1.105277701022381849e-04
1.105277701022381849e-04
1.105277701022381849e-04
1.105277701022381849e-04
1.105277701022381849e-04
1.105277701022381849e-04
1.105277701022381849e-04
9.671179883945841182e-05
1.105277701022381849e-04
1.105277701022381849e-04
1.105277701022381849e-04
1.105277701022381849e-04
1.105277701022381849e-04
1.105277701022381849e-04
8.289582757667863871e-05
8.289582757667863871e-05
1.105277701022381849e-04
9.671179883945841182e-05
9.671179883945841182e-05
8.289582757667863871e-05
0.000000000000000000e+00
1.105277701022381849e-04
8.289582757667863871e-05
9.671179883945841182e-05
1.105277701022381849e-04
9.671179883945841182e-05
1.105277701022381849e-04
1.105277701022381849e-04
1.105277701022381849e-04
4.144791378833931935e-05
9.671179883945841182e-05
9.671179883945841182e-05
9.671179883945841182e-05
5.526388505111909247e-05
6.907985631389886559e-05
8.289582757667863871e-05
9.671179883945841182e-05
9.671179883945841182e-05
8.289582757667863871e-05
8.289582757667863871e-05
9.671179883945841182e-05
9.671179883945841182e-05
9.671179883945841182e-05
6.907985631389886559e-05
9.671179883945841182e-05
9.671179883945841182e-05
9.671179883945841182e-05
8.289582757667863871e-05
8.289582757667863871e-05
6.907985631389886559e-05
8.289582757667863871e-05
8.289582757667863871e-05
6.907985631389886559e-05
8.289582757667863871e-05
8.289582757667863871e-05
6.907985631389886559e-05
5.526388505111909247e-05
8.289582757667863871e-05
8.289582757667863871e-05
8.289582757667863871e-05
8.289582757667863871e-05
4.144791378833931935e-05
8.289582757667863871e-05
8.289582757667863871e-05
8.289582757667863871e-05
8.289582757667863871e-05
8.289582757667863871e-05
5.526388505111909247e-05
8.289582757667863871e-05
8.289582757667863871e-05
5.526388505111909247e-05
8.289582757667863871e-05
5.526388505111909247e-05
8.289582757667863871e-05
0.000000000000000000e+00
8.289582757667863871e-05
8.289582757667863871e-05
6.907985631389886559e-05
5.526388505111909247e-05
8.289582757667863871e-05
8.289582757667863871e-05
8.289582757667863871e-05
6.907985631389886559e-05
8.289582757667863871e-05
8.289582757667863871e-05
6.907985631389886559e-05
8.289582757667863871e-05
8.289582757667863871e-05
6.907985631389886559e-05
8.289582757667863871e-05
8.289582757667863871e-05
8.289582757667863871e-05
8.289582757667863871e-05
8.289582757667863871e-05
5.526388505111909247e-05
5.526388505111909247e-05
5.526388505111909247e-05
8.289582757667863871e-05
8.289582757667863871e-05
8.289582757667863871e-05
8.289582757667863871e-05
5.526388505111909247e-05
5.526388505111909247e-05
6.907985631389886559e-05
6.907985631389886559e-05
5.526388505111909247e-05
6.907985631389886559e-05
6.907985631389886559e-05
6.907985631389886559e-05
6.907985631389886559e-05
6.907985631389886559e-05
6.907985631389886559e-05
6.907985631389886559e-05
5.526388505111909247e-05
6.907985631389886559e-05
5.526388505111909247e-05
4.144791378833931935e-05
6.907985631389886559e-05
4.144791378833931935e-05
5.526388505111909247e-05
6.907985631389886559e-05
1.381597126277977312e-05
6.907985631389886559e-05
6.907985631389886559e-05
6.907985631389886559e-05
6.907985631389886559e-05
5.526388505111909247e-05
5.526388505111909247e-05
6.907985631389886559e-05
6.907985631389886559e-05
6.907985631389886559e-05
4.144791378833931935e-05
4.144791378833931935e-05
6.907985631389886559e-05
5.526388505111909247e-05
5.526388505111909247e-05
5.526388505111909247e-05
5.526388505111909247e-05
2.763194252555954624e-05
5.526388505111909247e-05
5.526388505111909247e-05
5.526388505111909247e-05
5.526388505111909247e-05
5.526388505111909247e-05
4.144791378833931935e-05
5.526388505111909247e-05
5.526388505111909247e-05
5.526388505111909247e-05
5.526388505111909247e-05
2.763194252555954624e-05
5.526388505111909247e-05
5.526388505111909247e-05
5.526388505111909247e-05
5.526388505111909247e-05
5.526388505111909247e-05
5.526388505111909247e-05
5.526388505111909247e-05
5.526388505111909247e-05
5.526388505111909247e-05
5.526388505111909247e-05
5.526388505111909247e-05
5.526388505111909247e-05
5.526388505111909247e-05
4.144791378833931935e-05
5.526388505111909247e-05
4.144791378833931935e-05
5.526388505111909247e-05
2.763194252555954624e-05
5.526388505111909247e-05
5.526388505111909247e-05
5.526388505111909247e-05
5.526388505111909247e-05
5.526388505111909247e-05
5.526388505111909247e-05
5.526388505111909247e-05
5.526388505111909247e-05
5.526388505111909247e-05
2.763194252555954624e-05
5.526388505111909247e-05
5.526388505111909247e-05
5.526388505111909247e-05
2.763194252555954624e-05
2.763194252555954624e-05
5.526388505111909247e-05
4.144791378833931935e-05
5.526388505111909247e-05
2.763194252555954624e-05
4.144791378833931935e-05
5.526388505111909247e-05
5.526388505111909247e-05
5.526388505111909247e-05
5.526388505111909247e-05
5.526388505111909247e-05
5.526388505111909247e-05
4.144791378833931935e-05
5.526388505111909247e-05
4.144791378833931935e-05
5.526388505111909247e-05
5.526388505111909247e-05
5.526388505111909247e-05
5.526388505111909247e-05
5.526388505111909247e-05
5.526388505111909247e-05
5.526388505111909247e-05
5.526388505111909247e-05
4.144791378833931935e-05
5.526388505111909247e-05
5.526388505111909247e-05
5.526388505111909247e-05
5.526388505111909247e-05
5.526388505111909247e-05
5.526388505111909247e-05
