2.417509059698645657e-02
2.498569521266450627e-02
2.026511539195117312e-02
2.014590883082204714e-02
1.964524127407972498e-02
1.996709898912836165e-02
1.792866679382033174e-02
1.746376120541674737e-02
1.507962998283425560e-02
1.218291054739652907e-02
1.077627312607285989e-02
1.052593934770169708e-02
1.038289147434674764e-02
1.100276559221819578e-02
9.548445546442876214e-03
8.630555025748616604e-03
9.131222582490940501e-03
7.915315658973869420e-03
8.606713713522793144e-03
7.307362197215334747e-03
7.629219912263971413e-03
7.211996948312034833e-03
7.164314323860385310e-03
7.211996948312034833e-03
7.211996948312034833e-03
6.270265115391950896e-03
6.723250047682624402e-03
6.544440205988938039e-03
6.639805454892237085e-03
5.781518214762540464e-03
5.531184436391379383e-03
5.614629029181765832e-03
5.769597558649627866e-03
5.423898531375166872e-03
5.888804119778752975e-03
5.805359526988365659e-03
5.006675567423231159e-03
5.137802784665267998e-03
5.519263780278466786e-03
5.423898531375166872e-03
5.304691970246042630e-03
4.970913599084493366e-03
5.197406065229830119e-03
4.851707037955369124e-03
4.625214571810032371e-03
4.756341789052069211e-03
4.958992942971580768e-03
4.792103757390807003e-03
4.732500476826244883e-03
4.517928666793820727e-03
4.184150295632271463e-03
4.672897196261681894e-03
4.780183101277894406e-03
4.613293915697119774e-03
4.601373259584207176e-03
4.601373259584207176e-03
4.589452603471295446e-03
4.362960137325958693e-03
4.064943734503147221e-03
4.529849322906732458e-03
4.124547015067709342e-03
3.659641426664123672e-03
3.862292580583635230e-03
3.957657829486934710e-03
3.766927331680335750e-03
3.790768643906160511e-03
3.898054548922372589e-03
3.659641426664123672e-03
3.516593553309174235e-03
3.135132557695975448e-03
3.266259774938012721e-03
2.992084684341026011e-03
3.242418462712187525e-03
3.409307648292962158e-03
3.027846652679763370e-03
2.360289910356666142e-03
3.135132557695975448e-03
3.075529277131413327e-03
3.170894526034712807e-03
2.777512874308601856e-03
3.063608621018500729e-03
2.932481403776463890e-03
3.087449933244325925e-03
2.980164028228113847e-03
3.063608621018500729e-03
2.610623688727827657e-03
2.860957467098989172e-03
2.884798779324813933e-03
2.801354186534427051e-03
3.015925996566851206e-03
2.694068281518214973e-03
2.694068281518214973e-03
2.598703032614915059e-03
2.217242037001716706e-03
2.634465000953652419e-03
2.694068281518214973e-03
2.705988937631127137e-03
1.692733168033568481e-03
2.336448598130840947e-03
2.419893190921228263e-03
2.551020408163265103e-03
2.443734503147053025e-03
1.966908258630555191e-03
2.300686629792103588e-03
2.312607285905016186e-03
2.384131222582490904e-03
2.300686629792103588e-03
2.157638756437154151e-03
2.038432195308029909e-03
2.217242037001716706e-03
2.205321380888804108e-03
2.098035475872592030e-03
1.728495136372305840e-03
2.062273507533854671e-03
1.549685294678619044e-03
1.513923326339881685e-03
1.943066946404730213e-03
2.074194163646767269e-03
1.728495136372305840e-03
1.847701697501430516e-03
1.716574480259393460e-03
1.966908258630555191e-03
1.680812511920656100e-03
1.966908258630555191e-03
1.966908258630555191e-03
1.978828914743467355e-03
1.692733168033568481e-03
1.776177760823955797e-03
1.454320045775319564e-03
1.621209231356093763e-03
1.728495136372305840e-03
1.788098416936868178e-03
1.251668891855807790e-03
1.859622353614342897e-03
1.859622353614342897e-03
1.704653824146481079e-03
1.859622353614342897e-03
1.633129887469006360e-03
1.788098416936868178e-03
1.561605950791531642e-03
1.645050543581918741e-03
1.752336448598130819e-03
1.752336448598130819e-03
1.716574480259393460e-03
1.466240701888231945e-03
1.704653824146481079e-03
1.645050543581918741e-03
1.466240701888231945e-03
1.656971199694831122e-03
1.656971199694831122e-03
1.585447263017356404e-03
1.168224299065420474e-03
1.537764638565706663e-03
1.525843982452794283e-03
1.573526606904444023e-03
1.394716765210757227e-03
1.442399389662406967e-03
1.466240701888231945e-03
1.418558077436582205e-03
1.358954796872019867e-03
1.358954796872019867e-03
1.323192828533282508e-03
1.490082014114056923e-03
1.466240701888231945e-03
1.537764638565706663e-03
1.502002670226969304e-03
1.478161358001144326e-03
1.358954796872019867e-03
1.394716765210757227e-03
1.347034140759107487e-03
1.335113484646194889e-03
1.466240701888231945e-03
1.275510204081632551e-03
1.299351516307457530e-03
1.358954796872019867e-03
1.382796109097844846e-03
1.382796109097844846e-03
1.382796109097844846e-03
1.287430860194545149e-03
1.215906923517070430e-03
1.358954796872019867e-03
1.263589547968720170e-03
1.049017737936296015e-03
1.275510204081632551e-03
1.060938394049208396e-03
1.263589547968720170e-03
1.311272172420369911e-03
1.251668891855807790e-03
1.239748235742895192e-03
1.251668891855807790e-03
1.227827579629982811e-03
1.287430860194545149e-03
1.299351516307457530e-03
1.192065611291245452e-03
1.192065611291245452e-03
8.582872401296967298e-04
9.536524890329964267e-04
1.168224299065420474e-03
1.144382986839595712e-03
1.192065611291245452e-03
1.132462330726683114e-03
1.192065611291245452e-03
1.096700362387945755e-03
1.060938394049208396e-03
9.655731451459088075e-04
1.144382986839595712e-03
1.120541674613770734e-03
1.060938394049208396e-03
9.417318329200839375e-04
1.096700362387945755e-03
9.655731451459088075e-04
9.059698645813465782e-04
1.060938394049208396e-03
1.060938394049208396e-03
8.106046156780468814e-04
8.463665840167842406e-04
1.025176425710471037e-03
9.894144573717336775e-04
9.655731451459088075e-04
9.774938012588212967e-04
9.774938012588212967e-04
9.655731451459088075e-04
9.536524890329964267e-04
9.417318329200839375e-04
1.001335113484646275e-03
1.013255769597558656e-03
1.001335113484646275e-03
8.463665840167842406e-04
9.178905206942589590e-04
9.298111768071714483e-04
9.298111768071714483e-04
9.774938012588212967e-04
8.225252717909593706e-04
9.655731451459088075e-04
9.059698645813465782e-04
9.655731451459088075e-04
8.940492084684340890e-04
9.536524890329964267e-04
9.536524890329964267e-04
7.510013351134846521e-04
8.940492084684340890e-04
5.125882128552355184e-04
9.298111768071714483e-04
9.059698645813465782e-04
9.298111768071714483e-04
8.940492084684340890e-04
8.582872401296967298e-04
7.748426473393095221e-04
8.344459279038718598e-04
8.344459279038718598e-04
8.225252717909593706e-04
7.390806790005721629e-04
8.463665840167842406e-04
8.106046156780468814e-04
6.794773984360099337e-04
8.463665840167842406e-04
8.463665840167842406e-04
8.106046156780468814e-04
6.675567423230974445e-04
7.629219912263971413e-04
7.271600228876597821e-04
7.986839595651345006e-04
7.986839595651345006e-04
7.748426473393095221e-04
7.510013351134846521e-04
7.629219912263971413e-04
7.510013351134846521e-04
7.748426473393095221e-04
7.033187106618348037e-04
7.748426473393095221e-04
7.033187106618348037e-04
6.794773984360099337e-04
7.390806790005721629e-04
7.152393667747472929e-04
6.079534617585352152e-04
7.271600228876597821e-04
7.033187106618348037e-04
5.364295250810604968e-04
7.152393667747472929e-04
7.152393667747472929e-04
7.390806790005721629e-04
5.721914934197978560e-04
6.437154300972725745e-04
6.913980545489224229e-04
6.794773984360099337e-04
5.960328056456227260e-04
6.913980545489224229e-04
7.152393667747472929e-04
7.033187106618348037e-04
6.556360862101849553e-04
6.437154300972725745e-04
6.556360862101849553e-04
5.125882128552355184e-04
6.675567423230974445e-04
6.198741178714475960e-04
6.437154300972725745e-04
6.437154300972725745e-04
2.384131222582491067e-04
6.079534617585352152e-04
6.317947739843600852e-04
5.721914934197978560e-04
5.841121495327102368e-04
5.364295250810604968e-04
6.317947739843600852e-04
5.006675567423231376e-04
4.887469006294106483e-04
5.960328056456227260e-04
6.198741178714475960e-04
5.721914934197978560e-04
5.841121495327102368e-04
5.841121495327102368e-04
5.602708373068853668e-04
5.364295250810604968e-04
5.841121495327102368e-04
5.960328056456227260e-04
5.364295250810604968e-04
4.649055884035857241e-04
5.602708373068853668e-04
5.841121495327102368e-04
5.483501811939728776e-04
5.602708373068853668e-04
4.887469006294106483e-04
5.364295250810604968e-04
5.245088689681480076e-04
5.602708373068853668e-04
4.410642761777607999e-04
5.364295250810604968e-04
5.125882128552355184e-04
5.364295250810604968e-04
5.602708373068853668e-04
5.602708373068853668e-04
5.364295250810604968e-04
4.768262445164982133e-04
5.125882128552355184e-04
5.364295250810604968e-04
5.245088689681480076e-04
5.125882128552355184e-04
5.125882128552355184e-04
5.364295250810604968e-04
4.887469006294106483e-04
4.529849322906732891e-04
5.125882128552355184e-04
4.172229639519359299e-04
5.125882128552355184e-04
4.410642761777607999e-04
4.529849322906732891e-04
3.695403395002860815e-04
5.125882128552355184e-04
4.887469006294106483e-04
4.887469006294106483e-04
3.695403395002860815e-04
4.649055884035857241e-04
4.053023078390234407e-04
4.887469006294106483e-04
4.410642761777607999e-04
4.529849322906732891e-04
4.887469006294106483e-04
5.006675567423231376e-04
5.006675567423231376e-04
4.291436200648483649e-04
4.291436200648483649e-04
5.006675567423231376e-04
4.887469006294106483e-04
4.291436200648483649e-04
4.649055884035857241e-04
4.887469006294106483e-04
3.933816517261110057e-04
4.410642761777607999e-04
4.887469006294106483e-04
4.649055884035857241e-04
4.649055884035857241e-04
4.768262445164982133e-04
4.529849322906732891e-04
4.768262445164982133e-04
4.410642761777607999e-04
4.291436200648483649e-04
3.695403395002860815e-04
4.529849322906732891e-04
4.291436200648483649e-04
4.649055884035857241e-04
4.053023078390234407e-04
4.649055884035857241e-04
4.410642761777607999e-04
3.456990272744612114e-04
4.649055884035857241e-04
4.529849322906732891e-04
3.695403395002860815e-04
4.410642761777607999e-04
4.529849322906732891e-04
3.456990272744612114e-04
4.410642761777607999e-04
4.410642761777607999e-04
4.291436200648483649e-04
4.172229639519359299e-04
2.980164028228113630e-04
4.172229639519359299e-04
4.410642761777607999e-04
4.410642761777607999e-04
4.410642761777607999e-04
4.291436200648483649e-04
4.053023078390234407e-04
4.291436200648483649e-04
4.291436200648483649e-04
3.695403395002860815e-04
4.053023078390234407e-04
4.291436200648483649e-04
3.814609956131985707e-04
4.291436200648483649e-04
4.291436200648483649e-04
3.933816517261110057e-04
4.053023078390234407e-04
4.053023078390234407e-04
4.172229639519359299e-04
2.264924661453366446e-04
3.933816517261110057e-04
3.933816517261110057e-04
4.172229639519359299e-04
3.814609956131985707e-04
3.456990272744612114e-04
3.576196833873736465e-04
3.576196833873736465e-04
3.814609956131985707e-04
3.933816517261110057e-04
3.456990272744612114e-04
3.695403395002860815e-04
3.933816517261110057e-04
3.933816517261110057e-04
3.933816517261110057e-04
3.695403395002860815e-04
3.337783711615487222e-04
3.576196833873736465e-04
3.218577150486362872e-04
3.576196833873736465e-04
3.814609956131985707e-04
3.695403395002860815e-04
3.456990272744612114e-04
2.980164028228113630e-04
3.695403395002860815e-04
3.099370589357237980e-04
3.456990272744612114e-04
3.576196833873736465e-04
3.337783711615487222e-04
3.337783711615487222e-04
3.576196833873736465e-04
3.576196833873736465e-04
3.337783711615487222e-04
3.218577150486362872e-04
2.741750905969864388e-04
3.337783711615487222e-04
3.456990272744612114e-04
3.099370589357237980e-04
2.503337783711615688e-04
3.337783711615487222e-04
2.264924661453366446e-04
3.456990272744612114e-04
2.860957467098989280e-04
3.337783711615487222e-04
2.264924661453366446e-04
3.337783711615487222e-04
2.980164028228113630e-04
3.099370589357237980e-04
3.456990272744612114e-04
2.860957467098989280e-04
3.218577150486362872e-04
3.337783711615487222e-04
3.337783711615487222e-04
2.741750905969864388e-04
2.741750905969864388e-04
3.099370589357237980e-04
3.218577150486362872e-04
2.741750905969864388e-04
2.980164028228113630e-04
2.860957467098989280e-04
3.218577150486362872e-04
3.218577150486362872e-04
3.099370589357237980e-04
3.099370589357237980e-04
3.099370589357237980e-04
2.741750905969864388e-04
3.099370589357237980e-04
5.960328056456227667e-05
2.741750905969864388e-04
3.099370589357237980e-04
2.860957467098989280e-04
2.860957467098989280e-04
2.980164028228113630e-04
2.026511539195117203e-04
2.741750905969864388e-04
3.099370589357237980e-04
3.099370589357237980e-04
1.788098416936868232e-04
2.026511539195117203e-04
2.026511539195117203e-04
2.860957467098989280e-04
2.264924661453366446e-04
2.622544344840740038e-04
2.622544344840740038e-04
2.860957467098989280e-04
2.860957467098989280e-04
2.741750905969864388e-04
2.860957467098989280e-04
2.503337783711615688e-04
2.860957467098989280e-04
2.264924661453366446e-04
2.384131222582491067e-04
2.622544344840740038e-04
2.860957467098989280e-04
2.264924661453366446e-04
2.741750905969864388e-04
2.622544344840740038e-04
2.384131222582491067e-04
1.192065611291245533e-04
2.622544344840740038e-04
1.192065611291245533e-05
2.741750905969864388e-04
2.741750905969864388e-04
2.145718100324241825e-04
2.741750905969864388e-04
2.622544344840740038e-04
2.145718100324241825e-04
2.384131222582491067e-04
1.668891855807743611e-04
2.264924661453366446e-04
2.503337783711615688e-04
2.503337783711615688e-04
2.503337783711615688e-04
2.503337783711615688e-04
2.384131222582491067e-04
2.503337783711615688e-04
1.072859050162120912e-04
2.384131222582491067e-04
8.344459279038718056e-05
2.145718100324241825e-04
2.503337783711615688e-04
2.145718100324241825e-04
1.549685294678618990e-04
2.026511539195117203e-04
2.145718100324241825e-04
2.145718100324241825e-04
7.152393667747473200e-05
1.192065611291245533e-04
2.384131222582491067e-04
2.145718100324241825e-04
2.384131222582491067e-04
2.384131222582491067e-04
2.026511539195117203e-04
2.264924661453366446e-04
2.264924661453366446e-04
1.668891855807743611e-04
1.788098416936868232e-04
1.668891855807743611e-04
2.026511539195117203e-04
2.264924661453366446e-04
2.026511539195117203e-04
1.668891855807743611e-04
2.145718100324241825e-04
2.026511539195117203e-04
2.264924661453366446e-04
2.264924661453366446e-04
2.145718100324241825e-04
2.264924661453366446e-04
5.960328056456227667e-05
1.907304978065992853e-04
2.264924661453366446e-04
2.145718100324241825e-04
2.264924661453366446e-04
2.264924661453366446e-04
2.264924661453366446e-04
2.264924661453366446e-04
2.026511539195117203e-04
2.145718100324241825e-04
1.549685294678618990e-04
2.145718100324241825e-04
2.026511539195117203e-04
1.907304978065992853e-04
2.145718100324241825e-04
2.145718100324241825e-04
2.026511539195117203e-04
2.145718100324241825e-04
2.145718100324241825e-04
1.788098416936868232e-04
1.549685294678618990e-04
2.026511539195117203e-04
2.026511539195117203e-04
1.549685294678618990e-04
1.788098416936868232e-04
2.026511539195117203e-04
2.026511539195117203e-04
1.907304978065992853e-04
1.549685294678618990e-04
2.026511539195117203e-04
2.026511539195117203e-04
1.788098416936868232e-04
1.907304978065992853e-04
2.026511539195117203e-04
2.026511539195117203e-04
1.668891855807743611e-04
2.026511539195117203e-04
1.907304978065992853e-04
1.907304978065992853e-04
1.668891855807743611e-04
2.026511539195117203e-04
2.026511539195117203e-04
2.026511539195117203e-04
1.788098416936868232e-04
1.907304978065992853e-04
1.907304978065992853e-04
1.907304978065992853e-04
1.907304978065992853e-04
1.788098416936868232e-04
1.668891855807743611e-04
1.907304978065992853e-04
1.907304978065992853e-04
1.907304978065992853e-04
1.907304978065992853e-04
1.788098416936868232e-04
1.668891855807743611e-04
1.788098416936868232e-04
1.788098416936868232e-04
1.788098416936868232e-04
1.788098416936868232e-04
1.788098416936868232e-04
1.668891855807743611e-04
1.311272172420370019e-04
1.192065611291245533e-04
1.788098416936868232e-04
1.311272172420370019e-04
1.549685294678618990e-04
1.788098416936868232e-04
1.788098416936868232e-04
1.788098416936868232e-04
1.788098416936868232e-04
1.788098416936868232e-04
1.788098416936868232e-04
1.668891855807743611e-04
1.549685294678618990e-04
1.430478733549494640e-04
1.311272172420370019e-04
1.668891855807743611e-04
1.668891855807743611e-04
1.430478733549494640e-04
1.668891855807743611e-04
9.536524890329964267e-05
1.668891855807743611e-04
1.668891855807743611e-04
1.430478733549494640e-04
1.668891855807743611e-04
5.960328056456227667e-05
1.668891855807743611e-04
1.549685294678618990e-04
1.311272172420370019e-04
1.311272172420370019e-04
9.536524890329964267e-05
1.311272172420370019e-04
1.072859050162120912e-04
1.549685294678618990e-04
1.549685294678618990e-04
1.549685294678618990e-04
1.549685294678618990e-04
1.549685294678618990e-04
1.311272172420370019e-04
1.192065611291245533e-05
1.549685294678618990e-04
1.072859050162120912e-04
1.192065611291245533e-04
1.549685294678618990e-04
8.344459279038718056e-05
1.549685294678618990e-04
1.192065611291245533e-04
3.576196833873736600e-05
1.549685294678618990e-04
1.192065611291245533e-04
1.311272172420370019e-04
1.549685294678618990e-04
1.311272172420370019e-04
1.311272172420370019e-04
1.430478733549494640e-04
1.311272172420370019e-04
1.311272172420370019e-04
1.430478733549494640e-04
1.311272172420370019e-04
1.311272172420370019e-04
1.430478733549494640e-04
1.192065611291245533e-04
1.430478733549494640e-04
1.430478733549494640e-04
1.430478733549494640e-04
1.430478733549494640e-04
1.430478733549494640e-04
1.311272172420370019e-04
1.311272172420370019e-04
1.430478733549494640e-04
1.311272172420370019e-04
3.576196833873736600e-05
1.311272172420370019e-04
1.311272172420370019e-04
1.311272172420370019e-04
1.192065611291245533e-04
1.192065611291245533e-04
1.311272172420370019e-04
1.311272172420370019e-04
1.311272172420370019e-04
1.192065611291245533e-04
1.311272172420370019e-04
1.311272172420370019e-04
8.344459279038718056e-05
1.311272172420370019e-04
1.192065611291245533e-04
1.311272172420370019e-04
1.072859050162120912e-04
1.311272172420370019e-04
1.192065611291245533e-04
1.311272172420370019e-04
1.072859050162120912e-04
1.311272172420370019e-04
1.311272172420370019e-04
1.072859050162120912e-04
1.311272172420370019e-04
1.192065611291245533e-05
1.311272172420370019e-04
1.192065611291245533e-04
1.192065611291245533e-05
1.311272172420370019e-04
1.192065611291245533e-04
1.192065611291245533e-04
1.192065611291245533e-04
1.072859050162120912e-04
1.311272172420370019e-04
1.072859050162120912e-04
1.072859050162120912e-04
1.192065611291245533e-04
1.072859050162120912e-04
1.192065611291245533e-04
9.536524890329964267e-05
1.072859050162120912e-04
1.192065611291245533e-04
1.192065611291245533e-04
1.192065611291245533e-04
1.192065611291245533e-04
1.192065611291245533e-04
9.536524890329964267e-05
9.536524890329964267e-05
1.192065611291245533e-04
1.072859050162120912e-04
1.072859050162120912e-04
1.072859050162120912e-04
5.960328056456227667e-05
8.344459279038718056e-05
1.072859050162120912e-04
9.536524890329964267e-05
1.072859050162120912e-04
8.344459279038718056e-05
1.072859050162120912e-04
1.072859050162120912e-04
8.344459279038718056e-05
8.344459279038718056e-05
1.072859050162120912e-04
8.344459279038718056e-05
8.344459279038718056e-05
9.536524890329964267e-05
1.072859050162120912e-04
5.960328056456227667e-05
9.536524890329964267e-05
1.072859050162120912e-04
1.072859050162120912e-04
1.072859050162120912e-04
1.072859050162120912e-04
7.152393667747473200e-05
8.344459279038718056e-05
1.072859050162120912e-04
8.344459279038718056e-05
8.344459279038718056e-05
1.192065611291245533e-05
1.072859050162120912e-04
1.072859050162120912e-04
1.072859050162120912e-04
9.536524890329964267e-05
1.072859050162120912e-04
1.072859050162120912e-04
9.536524890329964267e-05
1.072859050162120912e-04
1.192065611291245533e-05
9.536524890329964267e-05
9.536524890329964267e-05
1.072859050162120912e-04
8.344459279038718056e-05
1.072859050162120912e-04
1.072859050162120912e-04
1.072859050162120912e-04
1.072859050162120912e-04
1.072859050162120912e-04
1.072859050162120912e-04
1.072859050162120912e-04
1.072859050162120912e-04
1.072859050162120912e-04
1.072859050162120912e-04
1.072859050162120912e-04
1.072859050162120912e-04
9.536524890329964267e-05
5.960328056456227667e-05
8.344459279038718056e-05
8.344459279038718056e-05
9.536524890329964267e-05
9.536524890329964267e-05
9.536524890329964267e-05
7.152393667747473200e-05
9.536524890329964267e-05
9.536524890329964267e-05
8.344459279038718056e-05
7.152393667747473200e-05
9.536524890329964267e-05
9.536524890329964267e-05
9.536524890329964267e-05
9.536524890329964267e-05
8.344459279038718056e-05
9.536524890329964267e-05
9.536524890329964267e-05
8.344459279038718056e-05
8.344459279038718056e-05
8.344459279038718056e-05
8.344459279038718056e-05
8.344459279038718056e-05
8.344459279038718056e-05
8.344459279038718056e-05
8.344459279038718056e-05
8.344459279038718056e-05
8.344459279038718056e-05
8.344459279038718056e-05
8.344459279038718056e-05
8.344459279038718056e-05
8.344459279038718056e-05
8.344459279038718056e-05
8.344459279038718056e-05
8.344459279038718056e-05
8.344459279038718056e-05
3.576196833873736600e-05
7.152393667747473200e-05
8.344459279038718056e-05
8.344459279038718056e-05
8.344459279038718056e-05
7.152393667747473200e-05
7.152393667747473200e-05
5.960328056456227667e-05
8.344459279038718056e-05
7.152393667747473200e-05
7.152393667747473200e-05
4.768262445164982133e-05
8.344459279038718056e-05
8.344459279038718056e-05
8.344459279038718056e-05
8.344459279038718056e-05
8.344459279038718056e-05
8.344459279038718056e-05
8.344459279038718056e-05
5.960328056456227667e-05
8.344459279038718056e-05
7.152393667747473200e-05
8.344459279038718056e-05
8.344459279038718056e-05
8.344459279038718056e-05
3.576196833873736600e-05
5.960328056456227667e-05
5.960328056456227667e-05
8.344459279038718056e-05
8.344459279038718056e-05
8.344459279038718056e-05
1.192065611291245533e-05
8.344459279038718056e-05
8.344459279038718056e-05
8.344459279038718056e-05
1.192065611291245533e-05
8.344459279038718056e-05
5.960328056456227667e-05
7.152393667747473200e-05
8.344459279038718056e-05
8.344459279038718056e-05
8.344459279038718056e-05
8.344459279038718056e-05
8.344459279038718056e-05
8.344459279038718056e-05
8.344459279038718056e-05
8.344459279038718056e-05
8.344459279038718056e-05
5.960328056456227667e-05
8.344459279038718056e-05
2.384131222582491067e-05
1.192065611291245533e-05
7.152393667747473200e-05
7.152393667747473200e-05
5.960328056456227667e-05
7.152393667747473200e-05
7.152393667747473200e-05
7.152393667747473200e-05
7.152393667747473200e-05
7.152393667747473200e-05
7.152393667747473200e-05
7.152393667747473200e-05
7.152393667747473200e-05
5.960328056456227667e-05
7.152393667747473200e-05
