2.440815933338149821e-02
2.522698263612937336e-02
2.045854104953881078e-02
2.033812585795824121e-02
1.983238205331984763e-02
2.015750307058738686e-02
1.809840329455964306e-02
1.762878404739541896e-02
1.522048021578402410e-02
1.229439106037617628e-02
1.087349179972545328e-02
1.062061989740625649e-02
1.047612166750957335e-02
1.110228066372853650e-02
9.633215326445584634e-03
8.706018351275197562e-03
9.211762155913589406e-03
7.983527201791778410e-03
8.681935312959082260e-03
7.369409724730872045e-03
7.694530741998410403e-03
7.273077571466416043e-03
7.224911494834188042e-03
7.273077571466416043e-03
7.273077571466416043e-03
6.321797557979914536e-03
6.779375285986080114e-03
6.598752498615224893e-03
6.695084651879680895e-03
5.828095272499578608e-03
5.575223370180381818e-03
5.659514004286781037e-03
5.816053753341521824e-03
5.466849697757869032e-03
5.936468944922091394e-03
5.852178310815692175e-03
5.045396527225874672e-03
5.177853237964501892e-03
5.563181851022325035e-03
5.466849697757869032e-03
5.346434506177299463e-03
5.009271969751703454e-03
5.238060833754786677e-03
4.888856778171133885e-03
4.660067914168051530e-03
4.792524624906677883e-03
4.997230450593646671e-03
4.828649182380849100e-03
4.768441586590564316e-03
4.551694241745538744e-03
4.214531705319942735e-03
4.708233990800279531e-03
4.816607663222792317e-03
4.648026395009994746e-03
4.635984875851937095e-03
4.635984875851937095e-03
4.623943356693880312e-03
4.395154492690797957e-03
4.094116513739373166e-03
4.563735760903595527e-03
4.154324109529657950e-03
3.684704862365436023e-03
3.889410688052404811e-03
3.985742841316860380e-03
3.793078534787948809e-03
3.817161573104062809e-03
3.925535245526575595e-03
3.684704862365436023e-03
3.540206632468752453e-03
3.154878019410928876e-03
3.287334730149555663e-03
3.010379789514245306e-03
3.263251691833441662e-03
3.431832960046239233e-03
3.046504346988416091e-03
2.372179274137224941e-03
3.154878019410928876e-03
3.094670423620644092e-03
3.191002576885099661e-03
2.793632444669219301e-03
3.082628904462586875e-03
2.950172193723960088e-03
3.106711942778700875e-03
2.998338270356188089e-03
3.082628904462586875e-03
2.625051176456421730e-03
2.877923078775618520e-03
2.902006117091732087e-03
2.817715482985333302e-03
3.034462827830358873e-03
2.709341810562820516e-03
2.709341810562820516e-03
2.613009657298364947e-03
2.227681044240541371e-03
2.649134214772535731e-03
2.709341810562820516e-03
2.721383329720877733e-03
1.697854201286034224e-03
2.348096235821111374e-03
2.432386869927510159e-03
2.564843580666136946e-03
2.456469908243624160e-03
1.974809141921344581e-03
2.311971678346940156e-03
2.324013197504997373e-03
2.396262312453338941e-03
2.311971678346940156e-03
2.167473448450256586e-03
2.047058256869686583e-03
2.227681044240541371e-03
2.215639525082484587e-03
2.107265852659971368e-03
1.733978758760205225e-03
2.071141295185800583e-03
1.553355971389350438e-03
1.517231413915179437e-03
1.950726103605230797e-03
2.083182814343857801e-03
1.733978758760205225e-03
1.854393950340775012e-03
1.721937239602148225e-03
1.974809141921344581e-03
1.685812682127977224e-03
1.974809141921344581e-03
1.974809141921344581e-03
1.986850661079401798e-03
1.697854201286034224e-03
1.782144835392433010e-03
1.457023818124894652e-03
1.625605086337692439e-03
1.733978758760205225e-03
1.794186354550490010e-03
1.252317992437925864e-03
1.866435469498832012e-03
1.866435469498832012e-03
1.709895720444091225e-03
1.866435469498832012e-03
1.637646605495749440e-03
1.794186354550490010e-03
1.565397490547407438e-03
1.649688124653806223e-03
1.758061797076319226e-03
1.758061797076319226e-03
1.721937239602148225e-03
1.469065337282951652e-03
1.709895720444091225e-03
1.649688124653806223e-03
1.469065337282951652e-03
1.661729643811863224e-03
1.661729643811863224e-03
1.589480528863521439e-03
1.168027358331527078e-03
1.541314452231293437e-03
1.529272933073236437e-03
1.577439009705464438e-03
1.396816222334609650e-03
1.444982298966837652e-03
1.469065337282951652e-03
1.420899260650723651e-03
1.360691664860438866e-03
1.360691664860438866e-03
1.324567107386267865e-03
1.493148375599065653e-03
1.469065337282951652e-03
1.541314452231293437e-03
1.505189894757122653e-03
1.481106856441008653e-03
1.360691664860438866e-03
1.396816222334609650e-03
1.348650145702381866e-03
1.336608626544324866e-03
1.469065337282951652e-03
1.276401030754039864e-03
1.300484069070153865e-03
1.360691664860438866e-03
1.384774703176552650e-03
1.384774703176552650e-03
1.384774703176552650e-03
1.288442549912096865e-03
1.216193434963755080e-03
1.360691664860438866e-03
1.264359511595982864e-03
1.047612166750957292e-03
1.276401030754039864e-03
1.059653685909014292e-03
1.264359511595982864e-03
1.312525588228210865e-03
1.252317992437925864e-03
1.240276473279869080e-03
1.252317992437925864e-03
1.228234954121812080e-03
1.288442549912096865e-03
1.300484069070153865e-03
1.192110396647641079e-03
1.192110396647641079e-03
8.549478602220456124e-04
9.512800134865015064e-04
1.168027358331527078e-03
1.143944320015413078e-03
1.192110396647641079e-03
1.131902800857356077e-03
1.192110396647641079e-03
1.095778243383185293e-03
1.059653685909014292e-03
9.633215326445583983e-04
1.143944320015413078e-03
1.119861281699299077e-03
1.059653685909014292e-03
9.392384943284445061e-04
1.095778243383185293e-03
9.633215326445583983e-04
9.031139368542735052e-04
1.059653685909014292e-03
1.059653685909014292e-03
8.067817835898177196e-04
8.429063410639886121e-04
1.023529128434843291e-03
9.874045709606722905e-04
9.633215326445583983e-04
9.753630518026153986e-04
9.753630518026153986e-04
9.633215326445583983e-04
9.512800134865015064e-04
9.392384943284445061e-04
9.994460901187292908e-04
1.011487609276786291e-03
9.994460901187292908e-04
8.429063410639886121e-04
9.151554560123305055e-04
9.271969751703875058e-04
9.271969751703875058e-04
9.753630518026153986e-04
8.188233027478747199e-04
9.633215326445583983e-04
9.031139368542735052e-04
9.633215326445583983e-04
8.910724176962165049e-04
9.512800134865015064e-04
9.512800134865015064e-04
7.465741877995328265e-04
8.910724176962165049e-04
5.057438046383931456e-04
9.271969751703875058e-04
9.031139368542735052e-04
9.271969751703875058e-04
8.910724176962165049e-04
8.549478602220456124e-04
7.706572261156467187e-04
8.308648219059316118e-04
8.308648219059316118e-04
8.188233027478747199e-04
7.345326686414758261e-04
8.429063410639886121e-04
8.067817835898177196e-04
6.743250728511909330e-04
8.429063410639886121e-04
8.429063410639886121e-04
8.067817835898177196e-04
6.622835536931339327e-04
7.586157069575897183e-04
7.224911494834188258e-04
7.947402644317607193e-04
7.947402644317607193e-04
7.706572261156467187e-04
7.465741877995328265e-04
7.586157069575897183e-04
7.465741877995328265e-04
7.706572261156467187e-04
6.984081111673048252e-04
7.706572261156467187e-04
6.984081111673048252e-04
6.743250728511909330e-04
7.345326686414758261e-04
7.104496303253618255e-04
6.020759579028490396e-04
7.224911494834188258e-04
6.984081111673048252e-04
5.298268429545071462e-04
7.104496303253618255e-04
7.104496303253618255e-04
7.345326686414758261e-04
5.659514004286780387e-04
6.382005153770199321e-04
6.863665920092479333e-04
6.743250728511909330e-04
5.900344387447920393e-04
6.863665920092479333e-04
7.104496303253618255e-04
6.984081111673048252e-04
6.502420345350769324e-04
6.382005153770199321e-04
6.502420345350769324e-04
5.057438046383931456e-04
6.622835536931339327e-04
6.141174770609060399e-04
6.382005153770199321e-04
6.382005153770199321e-04
6.261589962189629318e-04
6.020759579028490396e-04
6.261589962189629318e-04
5.659514004286780387e-04
5.779929195867350390e-04
5.298268429545071462e-04
6.261589962189629318e-04
4.937022854803361453e-04
4.816607663222791992e-04
5.900344387447920393e-04
6.141174770609060399e-04
5.659514004286780387e-04
5.779929195867350390e-04
5.779929195867350390e-04
5.539098812706211468e-04
5.298268429545071462e-04
5.779929195867350390e-04
5.900344387447920393e-04
5.298268429545071462e-04
4.575777280061652528e-04
5.539098812706211468e-04
5.779929195867350390e-04
5.418683621125641465e-04
5.539098812706211468e-04
4.816607663222791992e-04
5.298268429545071462e-04
5.177853237964501459e-04
5.539098812706211468e-04
4.334946896900513063e-04
5.298268429545071462e-04
5.057438046383931456e-04
5.298268429545071462e-04
5.539098812706211468e-04
5.539098812706211468e-04
5.298268429545071462e-04
4.696192471642222531e-04
5.057438046383931456e-04
5.298268429545071462e-04
5.177853237964501459e-04
5.057438046383931456e-04
5.057438046383931456e-04
5.298268429545071462e-04
4.816607663222791992e-04
4.455362088481082524e-04
5.057438046383931456e-04
4.094116513739373599e-04
5.057438046383931456e-04
4.334946896900513063e-04
4.455362088481082524e-04
3.612455747417094129e-04
5.057438046383931456e-04
4.816607663222791992e-04
4.816607663222791992e-04
3.612455747417094129e-04
4.575777280061652528e-04
3.973701322158803596e-04
4.816607663222791992e-04
4.334946896900513063e-04
4.455362088481082524e-04
4.816607663222791992e-04
4.937022854803361453e-04
4.937022854803361453e-04
4.214531705319943060e-04
4.214531705319943060e-04
4.937022854803361453e-04
4.816607663222791992e-04
4.214531705319943060e-04
4.575777280061652528e-04
4.816607663222791992e-04
3.853286130578233593e-04
4.334946896900513063e-04
4.816607663222791992e-04
4.575777280061652528e-04
4.575777280061652528e-04
4.696192471642222531e-04
4.455362088481082524e-04
4.696192471642222531e-04
4.334946896900513063e-04
4.214531705319943060e-04
3.612455747417094129e-04
4.455362088481082524e-04
4.214531705319943060e-04
4.575777280061652528e-04
3.973701322158803596e-04
4.575777280061652528e-04
4.334946896900513063e-04
3.371625364255954665e-04
4.575777280061652528e-04
4.455362088481082524e-04
3.612455747417094129e-04
4.334946896900513063e-04
4.455362088481082524e-04
3.371625364255954665e-04
4.334946896900513063e-04
4.334946896900513063e-04
4.214531705319943060e-04
4.094116513739373599e-04
2.889964597933675195e-04
4.094116513739373599e-04
4.334946896900513063e-04
4.334946896900513063e-04
4.334946896900513063e-04
4.214531705319943060e-04
3.973701322158803596e-04
4.214531705319943060e-04
4.214531705319943060e-04
3.612455747417094129e-04
3.973701322158803596e-04
4.214531705319943060e-04
3.732870938997664132e-04
4.214531705319943060e-04
4.214531705319943060e-04
3.853286130578233593e-04
3.973701322158803596e-04
3.973701322158803596e-04
4.094116513739373599e-04
2.167473448450256532e-04
3.853286130578233593e-04
3.853286130578233593e-04
4.094116513739373599e-04
3.732870938997664132e-04
3.371625364255954665e-04
3.492040555836524126e-04
3.492040555836524126e-04
3.732870938997664132e-04
3.853286130578233593e-04
3.371625364255954665e-04
3.612455747417094129e-04
3.853286130578233593e-04
3.853286130578233593e-04
3.853286130578233593e-04
3.612455747417094129e-04
3.251210172675384662e-04
3.492040555836524126e-04
3.130794981094814659e-04
3.492040555836524126e-04
3.732870938997664132e-04
3.612455747417094129e-04
3.371625364255954665e-04
2.889964597933675195e-04
3.612455747417094129e-04
3.010379789514245198e-04
3.371625364255954665e-04
3.492040555836524126e-04
3.251210172675384662e-04
3.251210172675384662e-04
3.492040555836524126e-04
3.492040555836524126e-04
3.251210172675384662e-04
3.130794981094814659e-04
2.649134214772535731e-04
3.251210172675384662e-04
3.371625364255954665e-04
3.010379789514245198e-04
2.408303831611395996e-04
3.251210172675384662e-04
2.167473448450256532e-04
3.371625364255954665e-04
2.769549406353105734e-04
3.251210172675384662e-04
2.167473448450256532e-04
3.251210172675384662e-04
2.889964597933675195e-04
3.010379789514245198e-04
3.371625364255954665e-04
2.769549406353105734e-04
3.130794981094814659e-04
3.251210172675384662e-04
3.251210172675384662e-04
2.649134214772535731e-04
2.649134214772535731e-04
3.010379789514245198e-04
3.130794981094814659e-04
2.649134214772535731e-04
2.889964597933675195e-04
2.769549406353105734e-04
3.130794981094814659e-04
3.130794981094814659e-04
3.010379789514245198e-04
3.010379789514245198e-04
3.010379789514245198e-04
2.649134214772535731e-04
3.010379789514245198e-04
2.287888640030826264e-04
2.649134214772535731e-04
3.010379789514245198e-04
2.769549406353105734e-04
2.769549406353105734e-04
2.889964597933675195e-04
1.926643065289116797e-04
2.649134214772535731e-04
3.010379789514245198e-04
3.010379789514245198e-04
1.685812682127977333e-04
1.926643065289116797e-04
1.926643065289116797e-04
2.769549406353105734e-04
2.167473448450256532e-04
2.528719023191965728e-04
2.528719023191965728e-04
2.769549406353105734e-04
2.769549406353105734e-04
2.649134214772535731e-04
2.769549406353105734e-04
2.408303831611395996e-04
2.769549406353105734e-04
2.167473448450256532e-04
2.287888640030826264e-04
2.528719023191965728e-04
2.769549406353105734e-04
2.167473448450256532e-04
2.649134214772535731e-04
2.528719023191965728e-04
2.287888640030826264e-04
1.083736724225128266e-04
2.528719023191965728e-04
0.000000000000000000e+00
2.649134214772535731e-04
2.649134214772535731e-04
2.047058256869686800e-04
2.649134214772535731e-04
2.528719023191965728e-04
2.047058256869686800e-04
2.287888640030826264e-04
1.565397490547407329e-04
2.167473448450256532e-04
2.408303831611395996e-04
2.408303831611395996e-04
2.408303831611395996e-04
2.408303831611395996e-04
2.287888640030826264e-04
2.408303831611395996e-04
9.633215326445583983e-05
2.287888640030826264e-04
7.224911494834187987e-05
2.047058256869686800e-04
2.408303831611395996e-04
2.047058256869686800e-04
1.444982298966837597e-04
1.926643065289116797e-04
2.047058256869686800e-04
2.047058256869686800e-04
6.020759579028489989e-05
1.083736724225128266e-04
2.287888640030826264e-04
2.047058256869686800e-04
2.287888640030826264e-04
2.287888640030826264e-04
1.926643065289116797e-04
2.167473448450256532e-04
2.167473448450256532e-04
1.565397490547407329e-04
1.685812682127977333e-04
1.565397490547407329e-04
1.926643065289116797e-04
2.167473448450256532e-04
1.926643065289116797e-04
1.565397490547407329e-04
2.047058256869686800e-04
1.926643065289116797e-04
2.167473448450256532e-04
2.167473448450256532e-04
2.047058256869686800e-04
2.167473448450256532e-04
4.816607663222791992e-05
1.806227873708547065e-04
2.167473448450256532e-04
2.047058256869686800e-04
2.167473448450256532e-04
2.167473448450256532e-04
2.167473448450256532e-04
2.167473448450256532e-04
1.926643065289116797e-04
2.047058256869686800e-04
1.444982298966837597e-04
2.047058256869686800e-04
1.926643065289116797e-04
1.806227873708547065e-04
2.047058256869686800e-04
2.047058256869686800e-04
1.926643065289116797e-04
2.047058256869686800e-04
2.047058256869686800e-04
1.685812682127977333e-04
1.444982298966837597e-04
1.926643065289116797e-04
1.926643065289116797e-04
1.444982298966837597e-04
1.685812682127977333e-04
1.926643065289116797e-04
1.926643065289116797e-04
1.806227873708547065e-04
1.444982298966837597e-04
1.926643065289116797e-04
1.926643065289116797e-04
1.685812682127977333e-04
1.806227873708547065e-04
1.926643065289116797e-04
1.926643065289116797e-04
1.565397490547407329e-04
1.926643065289116797e-04
1.806227873708547065e-04
1.806227873708547065e-04
1.565397490547407329e-04
1.926643065289116797e-04
1.926643065289116797e-04
1.926643065289116797e-04
1.685812682127977333e-04
1.806227873708547065e-04
1.806227873708547065e-04
1.806227873708547065e-04
1.806227873708547065e-04
1.685812682127977333e-04
1.565397490547407329e-04
1.806227873708547065e-04
1.806227873708547065e-04
1.806227873708547065e-04
1.806227873708547065e-04
1.685812682127977333e-04
1.565397490547407329e-04
1.685812682127977333e-04
1.685812682127977333e-04
1.685812682127977333e-04
1.685812682127977333e-04
1.685812682127977333e-04
1.565397490547407329e-04
1.204151915805697998e-04
1.083736724225128266e-04
1.685812682127977333e-04
1.204151915805697998e-04
1.444982298966837597e-04
1.685812682127977333e-04
1.685812682127977333e-04
1.685812682127977333e-04
1.685812682127977333e-04
1.685812682127977333e-04
1.685812682127977333e-04
1.565397490547407329e-04
1.444982298966837597e-04
1.324567107386267865e-04
1.204151915805697998e-04
1.565397490547407329e-04
1.565397490547407329e-04
1.324567107386267865e-04
1.565397490547407329e-04
8.429063410639886663e-05
1.565397490547407329e-04
1.565397490547407329e-04
1.324567107386267865e-04
1.565397490547407329e-04
4.816607663222791992e-05
1.565397490547407329e-04
1.444982298966837597e-04
1.204151915805697998e-04
1.204151915805697998e-04
8.429063410639886663e-05
1.204151915805697998e-04
9.633215326445583983e-05
1.444982298966837597e-04
1.444982298966837597e-04
1.444982298966837597e-04
1.444982298966837597e-04
1.444982298966837597e-04
1.204151915805697998e-04
0.000000000000000000e+00
1.444982298966837597e-04
9.633215326445583983e-05
1.083736724225128266e-04
1.444982298966837597e-04
7.224911494834187987e-05
1.444982298966837597e-04
1.083736724225128266e-04
2.408303831611395996e-05
1.444982298966837597e-04
1.083736724225128266e-04
1.204151915805697998e-04
1.444982298966837597e-04
1.204151915805697998e-04
1.204151915805697998e-04
1.324567107386267865e-04
1.204151915805697998e-04
1.204151915805697998e-04
1.324567107386267865e-04
1.204151915805697998e-04
1.204151915805697998e-04
1.324567107386267865e-04
1.083736724225128266e-04
1.324567107386267865e-04
1.324567107386267865e-04
1.324567107386267865e-04
1.324567107386267865e-04
1.324567107386267865e-04
1.204151915805697998e-04
1.204151915805697998e-04
1.324567107386267865e-04
1.204151915805697998e-04
2.408303831611395996e-05
1.204151915805697998e-04
1.204151915805697998e-04
1.204151915805697998e-04
1.083736724225128266e-04
1.083736724225128266e-04
1.204151915805697998e-04
1.204151915805697998e-04
1.204151915805697998e-04
1.083736724225128266e-04
1.204151915805697998e-04
1.204151915805697998e-04
7.224911494834187987e-05
1.204151915805697998e-04
1.083736724225128266e-04
1.204151915805697998e-04
9.633215326445583983e-05
1.204151915805697998e-04
1.083736724225128266e-04
1.204151915805697998e-04
9.633215326445583983e-05
1.204151915805697998e-04
1.204151915805697998e-04
9.633215326445583983e-05
1.204151915805697998e-04
0.000000000000000000e+00
1.204151915805697998e-04
1.083736724225128266e-04
1.083736724225128266e-04
1.204151915805697998e-04
1.083736724225128266e-04
1.083736724225128266e-04
1.083736724225128266e-04
9.633215326445583983e-05
1.204151915805697998e-04
9.633215326445583983e-05
9.633215326445583983e-05
1.083736724225128266e-04
9.633215326445583983e-05
1.083736724225128266e-04
8.429063410639886663e-05
9.633215326445583983e-05
1.083736724225128266e-04
1.083736724225128266e-04
1.083736724225128266e-04
1.083736724225128266e-04
1.083736724225128266e-04
8.429063410639886663e-05
9.633215326445583983e-05
1.083736724225128266e-04
9.633215326445583983e-05
9.633215326445583983e-05
9.633215326445583983e-05
4.816607663222791992e-05
7.224911494834187987e-05
9.633215326445583983e-05
8.429063410639886663e-05
9.633215326445583983e-05
7.224911494834187987e-05
9.633215326445583983e-05
9.633215326445583983e-05
7.224911494834187987e-05
7.224911494834187987e-05
9.633215326445583983e-05
7.224911494834187987e-05
7.224911494834187987e-05
8.429063410639886663e-05
9.633215326445583983e-05
4.816607663222791992e-05
8.429063410639886663e-05
9.633215326445583983e-05
9.633215326445583983e-05
9.633215326445583983e-05
9.633215326445583983e-05
6.020759579028489989e-05
7.224911494834187987e-05
9.633215326445583983e-05
7.224911494834187987e-05
7.224911494834187987e-05
0.000000000000000000e+00
9.633215326445583983e-05
9.633215326445583983e-05
9.633215326445583983e-05
8.429063410639886663e-05
9.633215326445583983e-05
9.633215326445583983e-05
8.429063410639886663e-05
9.633215326445583983e-05
0.000000000000000000e+00
8.429063410639886663e-05
8.429063410639886663e-05
9.633215326445583983e-05
7.224911494834187987e-05
9.633215326445583983e-05
9.633215326445583983e-05
9.633215326445583983e-05
9.633215326445583983e-05
9.633215326445583983e-05
9.633215326445583983e-05
9.633215326445583983e-05
9.633215326445583983e-05
9.633215326445583983e-05
9.633215326445583983e-05
9.633215326445583983e-05
9.633215326445583983e-05
8.429063410639886663e-05
4.816607663222791992e-05
7.224911494834187987e-05
7.224911494834187987e-05
8.429063410639886663e-05
8.429063410639886663e-05
8.429063410639886663e-05
6.020759579028489989e-05
8.429063410639886663e-05
8.429063410639886663e-05
7.224911494834187987e-05
6.020759579028489989e-05
8.429063410639886663e-05
8.429063410639886663e-05
8.429063410639886663e-05
8.429063410639886663e-05
7.224911494834187987e-05
8.429063410639886663e-05
8.429063410639886663e-05
7.224911494834187987e-05
7.224911494834187987e-05
7.224911494834187987e-05
7.224911494834187987e-05
7.224911494834187987e-05
7.224911494834187987e-05
7.224911494834187987e-05
7.224911494834187987e-05
7.224911494834187987e-05
7.224911494834187987e-05
7.224911494834187987e-05
7.224911494834187987e-05
7.224911494834187987e-05
7.224911494834187987e-05
7.224911494834187987e-05
7.224911494834187987e-05
7.224911494834187987e-05
7.224911494834187987e-05
2.408303831611395996e-05
6.020759579028489989e-05
7.224911494834187987e-05
7.224911494834187987e-05
7.224911494834187987e-05
6.020759579028489989e-05
6.020759579028489989e-05
4.816607663222791992e-05
7.224911494834187987e-05
6.020759579028489989e-05
6.020759579028489989e-05
3.612455747417093994e-05
7.224911494834187987e-05
7.224911494834187987e-05
7.224911494834187987e-05
7.224911494834187987e-05
7.224911494834187987e-05
7.224911494834187987e-05
7.224911494834187987e-05
4.816607663222791992e-05
7.224911494834187987e-05
6.020759579028489989e-05
7.224911494834187987e-05
7.224911494834187987e-05
7.224911494834187987e-05
2.408303831611395996e-05
4.816607663222791992e-05
4.816607663222791992e-05
7.224911494834187987e-05
7.224911494834187987e-05
7.224911494834187987e-05
0.000000000000000000e+00
7.224911494834187987e-05
7.224911494834187987e-05
7.224911494834187987e-05
0.000000000000000000e+00
7.224911494834187987e-05
4.816607663222791992e-05
6.020759579028489989e-05
7.224911494834187987e-05
7.224911494834187987e-05
7.224911494834187987e-05
7.224911494834187987e-05
7.224911494834187987e-05
7.224911494834187987e-05
7.224911494834187987e-05
7.224911494834187987e-05
7.224911494834187987e-05
4.816607663222791992e-05
7.224911494834187987e-05
1.204151915805697998e-05
0.000000000000000000e+00
6.020759579028489989e-05
6.020759579028489989e-05
4.816607663222791992e-05
6.020759579028489989e-05
6.020759579028489989e-05
6.020759579028489989e-05
6.020759579028489989e-05
6.020759579028489989e-05
6.020759579028489989e-05
6.020759579028489989e-05
6.020759579028489989e-05
4.816607663222791992e-05
6.020759579028489989e-05
