5.735163861824623538e-02
1.261071744906997472e-01
2.214348981399468625e-04
3.432240921169176125e-03
1.107174490699734312e-04
1.107174490699734312e-04
8.857395925597874500e-04
2.214348981399468647e-02
7.418069087688219758e-03
9.410983170947741575e-03
3.321523472099202666e-04
2.214348981399468733e-03
1.173604960141718355e-02
1.107174490699734312e-04
1.107174490699734312e-04
2.192205491585473912e-02
1.107174490699734312e-04
1.771479185119574900e-03
7.440212577502214319e-02
3.432240921169176125e-03
9.521700620017715250e-03
2.435783879539415216e-03
5.425155004428697941e-03
5.203720106288751458e-03
6.321966341895482455e-02
8.857395925597874500e-04
1.217891939769707608e-03
4.539415411868910274e-03
7.750221434898139916e-04
8.857395925597874500e-04
1.107174490699734312e-04
5.535872453498671833e-04
1.107174490699734312e-04
1.107174490699734312e-04
1.107174490699734312e-04
1.107174490699734312e-04
4.650132860938883950e-03
5.225863596102745673e-02
1.107174490699734312e-04
1.107174490699734312e-04
3.100088573959255966e-03
3.321523472099202666e-04
1.107174490699734312e-04
1.107174490699734312e-04
1.505757307351638687e-02
1.107174490699734312e-04
4.539415411868910274e-03
1.107174490699734312e-04
2.546501328609388892e-03
1.107174490699734312e-04
1.107174490699734367e-03
1.107174490699734312e-04
1.107174490699734312e-04
7.750221434898139916e-04
2.878653675819309050e-03
8.857395925597874500e-04
1.107174490699734312e-04
7.750221434898139916e-04
2.214348981399468625e-04
1.107174490699734312e-04
1.538972542072630616e-02
3.985828166519043633e-03
1.107174490699734312e-04
1.107174490699734312e-04
1.107174490699734312e-04
1.328609388839681067e-03
1.660761736049601311e-02
9.521700620017715250e-03
1.583259521700619912e-02
1.107174490699734312e-04
3.321523472099202666e-04
1.107174490699734312e-04
2.214348981399468733e-03
6.643046944198405333e-04
1.107174490699734312e-04
2.767936226749335808e-03
8.635961027457927583e-03
1.107174490699734312e-04
9.964570416297609083e-04
5.425155004428697941e-03
1.107174490699734312e-04
2.037201062887511113e-02
1.107174490699734312e-04
1.107174490699734312e-04
1.107174490699734312e-04
8.968113374667846874e-03
1.107174490699734312e-04
5.535872453498671833e-04
1.018600531443755557e-02
8.857395925597874500e-04
1.107174490699734312e-04
1.107174490699734312e-04
1.107174490699734312e-04
6.643046944198405333e-04
1.107174490699734312e-04
3.321523472099202666e-04
1.107174490699734312e-04
1.107174490699734312e-04
1.107174490699734312e-04
2.767936226749335808e-03
1.107174490699734312e-04
1.107174490699734312e-04
9.300265721877767899e-03
7.418069087688219758e-03
1.107174490699734312e-04
2.214348981399468625e-04
6.089459698848538258e-03
4.428697962798937250e-04
1.107174490699734312e-04
1.107174490699734312e-04
1.107174490699734312e-04
1.107174490699734312e-04
1.107174490699734312e-04
1.107174490699734312e-04
1.107174490699734312e-04
1.107174490699734312e-04
1.107174490699734312e-04
1.107174490699734312e-04
2.214348981399468625e-04
4.428697962798937250e-04
1.107174490699734312e-04
1.107174490699734312e-04
1.107174490699734312e-04
1.107174490699734312e-04
1.107174490699734312e-04
1.107174490699734312e-04
1.107174490699734312e-04
1.107174490699734312e-04
1.107174490699734312e-04
1.107174490699734312e-04
1.107174490699734312e-04
1.107174490699734312e-04
2.103631532329495058e-03
1.107174490699734312e-04
3.321523472099202666e-04
1.107174490699734312e-04
1.107174490699734312e-04
1.107174490699734312e-04
9.410983170947741575e-03
1.107174490699734312e-04
1.107174490699734312e-04
1.107174490699734312e-04
1.107174490699734312e-04
1.107174490699734312e-04
1.107174490699734312e-04
1.107174490699734312e-04
6.532329495128432091e-03
1.107174490699734312e-04
1.107174490699734312e-04
1.107174490699734312e-04
1.417183348095659920e-02
1.107174490699734312e-04
1.107174490699734312e-04
1.107174490699734312e-04
1.107174490699734312e-04
1.107174490699734312e-04
1.107174490699734312e-04
1.107174490699734312e-04
1.107174490699734312e-04
1.107174490699734312e-04
1.107174490699734312e-04
1.107174490699734312e-04
1.339681133746678521e-02
1.107174490699734312e-04
1.107174490699734312e-04
1.107174490699734312e-04
1.107174490699734312e-04
1.107174490699734312e-04
1.107174490699734312e-04
1.107174490699734312e-04
1.107174490699734312e-04
1.107174490699734312e-04
4.428697962798937250e-04
1.107174490699734312e-04
1.107174490699734312e-04
1.107174490699734312e-04
1.107174490699734312e-04
1.107174490699734312e-04
1.118246235606731691e-02
1.107174490699734312e-04
1.107174490699734312e-04
1.107174490699734312e-04
1.107174490699734312e-04
1.107174490699734312e-04
1.107174490699734312e-04
1.107174490699734312e-04
1.107174490699734312e-04
6.753764393268379441e-03
1.107174490699734312e-04
1.107174490699734312e-04
1.107174490699734312e-04
1.107174490699734312e-04
1.107174490699734312e-04
9.300265721877767899e-03
1.107174490699734312e-04
1.029672276350752924e-02
3.321523472099202666e-04
2.214348981399468625e-04
1.107174490699734312e-04
1.107174490699734312e-04
2.214348981399468733e-03
7.750221434898139916e-04
1.107174490699734312e-04
3.321523472099202666e-04
2.214348981399468625e-04
1.107174490699734312e-04
8.857395925597874500e-04
1.107174490699734312e-04
1.107174490699734312e-04
1.107174490699734312e-04
1.107174490699734312e-04
8.857395925597874500e-04
1.107174490699734312e-04
7.750221434898139916e-03
1.107174490699734312e-04
1.107174490699734312e-04
1.107174490699734312e-04
1.107174490699734312e-04
1.107174490699734312e-04
1.107174490699734312e-04
1.107174490699734312e-04
1.107174490699734312e-04
1.107174490699734312e-04
3.321523472099202666e-04
1.107174490699734312e-04
1.107174490699734312e-04
5.868024800708591775e-03
1.107174490699734312e-04
1.107174490699734312e-04
1.107174490699734312e-04
3.321523472099202666e-04
3.321523472099202666e-04
1.328609388839681067e-03
5.868024800708591775e-03
1.217891939769707608e-03
1.107174490699734312e-04
1.107174490699734312e-04
1.107174490699734312e-04
1.107174490699734312e-04
1.107174490699734312e-04
5.978742249778565450e-03
2.325066430469441975e-03
1.107174490699734312e-04
3.321523472099202666e-04
1.107174490699734312e-04
1.107174490699734312e-04
5.535872453498671833e-04
1.107174490699734312e-04
1.107174490699734312e-04
1.107174490699734312e-04
1.107174490699734312e-04
1.107174490699734312e-04
3.321523472099202666e-04
3.321523472099202883e-03
1.107174490699734312e-04
1.107174490699734312e-04
1.107174490699734312e-04
1.107174490699734312e-04
1.107174490699734312e-04
1.107174490699734312e-04
1.107174490699734312e-04
1.107174490699734312e-04
1.107174490699734312e-04
1.107174490699734312e-04
1.107174490699734312e-04
1.107174490699734312e-04
1.107174490699734312e-04
1.107174490699734312e-04
1.107174490699734312e-04
1.107174490699734312e-04
1.107174490699734312e-04
1.107174490699734312e-04
1.107174490699734312e-04
1.107174490699734312e-04
1.107174490699734312e-04
1.107174490699734312e-04
5.978742249778565450e-03
1.107174490699734312e-04
1.107174490699734312e-04
1.771479185119574900e-03
1.107174490699734312e-04
2.214348981399468625e-04
1.107174490699734312e-04
1.107174490699734312e-04
1.107174490699734312e-04
1.107174490699734312e-04
1.107174490699734312e-04
1.107174490699734312e-04
1.107174490699734312e-04
1.107174490699734312e-04
1.107174490699734312e-04
2.989371124889282725e-03
1.107174490699734312e-04
1.107174490699734312e-04
1.107174490699734312e-04
4.428697962798937250e-04
1.107174490699734312e-04
1.107174490699734312e-04
1.107174490699734312e-04
1.107174490699734312e-04
1.107174490699734312e-04
1.107174490699734312e-04
1.107174490699734312e-04
1.107174490699734312e-04
1.107174490699734312e-04
1.107174490699734312e-04
1.107174490699734312e-04
1.107174490699734312e-04
1.107174490699734312e-04
1.107174490699734312e-04
8.857395925597874500e-04
1.107174490699734312e-04
1.107174490699734312e-04
1.107174490699734312e-04
1.107174490699734312e-04
1.107174490699734312e-04
1.107174490699734312e-04
1.107174490699734312e-04
1.217891939769707608e-03
1.107174490699734312e-04
1.107174490699734312e-04
2.214348981399468625e-04
2.214348981399468625e-04
1.107174490699734312e-04
1.328609388839681067e-03
1.107174490699734312e-04
1.107174490699734312e-04
1.107174490699734312e-04
3.210806023029229208e-03
3.542958370239149800e-03
1.107174490699734312e-04
1.107174490699734312e-04
1.107174490699734312e-04
1.107174490699734312e-04
1.107174490699734312e-04
4.428697962798937467e-03
1.107174490699734312e-04
1.992914083259521817e-03
2.546501328609388892e-03
1.107174490699734312e-04
2.214348981399468625e-04
1.107174490699734312e-04
4.317980513728963791e-03
1.107174490699734312e-04
1.107174490699734312e-04
1.107174490699734312e-04
1.107174490699734312e-04
1.107174490699734312e-04
1.771479185119574900e-03
1.107174490699734367e-03
1.107174490699734312e-04
1.107174490699734312e-04
1.107174490699734312e-04
1.107174490699734312e-04
1.107174490699734312e-04
4.207263064658990116e-03
1.107174490699734312e-04
1.107174490699734312e-04
1.107174490699734312e-04
1.107174490699734312e-04
1.107174490699734312e-04
1.107174490699734312e-04
1.107174490699734312e-04
1.771479185119574900e-03
1.107174490699734312e-04
1.107174490699734312e-04
1.107174490699734312e-04
1.107174490699734312e-04
1.107174490699734312e-04
1.107174490699734312e-04
1.107174490699734312e-04
1.107174490699734312e-04
1.107174490699734312e-04
1.107174490699734312e-04
1.107174490699734312e-04
1.107174490699734312e-04
1.107174490699734312e-04
1.107174490699734312e-04
1.107174490699734312e-04
1.107174490699734312e-04
1.107174490699734312e-04
1.107174490699734312e-04
1.107174490699734312e-04
1.107174490699734312e-04
1.107174490699734312e-04
1.107174490699734312e-04
1.107174490699734312e-04
1.107174490699734312e-04
1.107174490699734312e-04
1.107174490699734312e-04
2.325066430469441975e-03
9.964570416297609083e-04
1.107174490699734312e-04
1.107174490699734312e-04
1.107174490699734312e-04
1.107174490699734312e-04
1.107174490699734312e-04
1.107174490699734312e-04
1.107174490699734312e-04
1.107174490699734312e-04
1.107174490699734312e-04
1.107174490699734312e-04
1.107174490699734312e-04
3.210806023029229208e-03
1.107174490699734312e-04
1.107174490699734312e-04
1.107174490699734312e-04
1.107174490699734312e-04
1.107174490699734312e-04
1.107174490699734312e-04
1.107174490699734312e-04
1.107174490699734312e-04
1.107174490699734312e-04
1.107174490699734312e-04
1.107174490699734312e-04
1.107174490699734312e-04
1.107174490699734312e-04
1.107174490699734312e-04
1.107174490699734312e-04
1.107174490699734312e-04
4.428697962798937250e-04
1.328609388839681067e-03
1.107174490699734312e-04
8.857395925597874500e-04
1.107174490699734312e-04
1.107174490699734312e-04
2.878653675819309050e-03
1.107174490699734312e-04
3.210806023029229208e-03
1.107174490699734312e-04
1.107174490699734312e-04
3.321523472099202666e-04
1.107174490699734312e-04
1.107174490699734312e-04
1.107174490699734312e-04
1.107174490699734312e-04
1.107174490699734312e-04
1.107174490699734312e-04
1.107174490699734312e-04
1.107174490699734312e-04
1.107174490699734312e-04
2.325066430469441975e-03
1.217891939769707608e-03
1.107174490699734312e-04
1.107174490699734312e-04
1.107174490699734312e-04
1.107174490699734312e-04
2.657218777679362133e-03
1.107174490699734312e-04
1.107174490699734312e-04
1.107174490699734312e-04
1.107174490699734312e-04
1.107174490699734312e-04
1.107174490699734312e-04
1.107174490699734312e-04
1.107174490699734312e-04
1.107174490699734312e-04
1.107174490699734312e-04
1.107174490699734312e-04
1.107174490699734312e-04
2.325066430469441975e-03
2.214348981399468733e-03
1.107174490699734312e-04
1.107174490699734312e-04
2.325066430469441975e-03
1.660761736049601442e-03
3.321523472099202666e-04
1.107174490699734312e-04
1.107174490699734312e-04
1.107174490699734312e-04
1.107174490699734312e-04
1.107174490699734312e-04
1.107174490699734312e-04
1.107174490699734312e-04
3.321523472099202666e-04
1.107174490699734312e-04
1.107174490699734312e-04
9.964570416297609083e-04
1.107174490699734312e-04
1.107174490699734312e-04
9.964570416297609083e-04
1.107174490699734312e-04
1.107174490699734312e-04
1.107174490699734312e-04
1.107174490699734312e-04
1.107174490699734312e-04
3.321523472099202666e-04
1.107174490699734312e-04
1.107174490699734312e-04
1.107174490699734312e-04
1.107174490699734312e-04
1.107174490699734312e-04
1.107174490699734312e-04
1.107174490699734312e-04
1.107174490699734312e-04
1.107174490699734312e-04
1.107174490699734312e-04
2.325066430469441975e-03
5.535872453498671833e-04
1.107174490699734312e-04
1.107174490699734312e-04
1.107174490699734312e-04
1.107174490699734312e-04
1.107174490699734312e-04
1.439326837909654525e-03
1.107174490699734312e-04
1.107174490699734312e-04
2.214348981399468733e-03
9.964570416297609083e-04
1.107174490699734312e-04
1.107174490699734312e-04
7.750221434898139916e-04
8.857395925597874500e-04
2.214348981399468625e-04
1.107174490699734312e-04
1.107174490699734312e-04
2.214348981399468625e-04
1.107174490699734312e-04
2.214348981399468625e-04
1.771479185119574900e-03
8.857395925597874500e-04
1.107174490699734312e-04
1.107174490699734312e-04
1.107174490699734312e-04
1.107174490699734312e-04
1.107174490699734312e-04
1.107174490699734312e-04
9.964570416297609083e-04
1.107174490699734312e-04
1.107174490699734312e-04
1.107174490699734312e-04
1.107174490699734312e-04
1.107174490699734312e-04
2.214348981399468625e-04
1.107174490699734312e-04
1.107174490699734312e-04
1.107174490699734312e-04
1.107174490699734312e-04
1.107174490699734312e-04
1.107174490699734312e-04
1.107174490699734312e-04
1.107174490699734312e-04
1.107174490699734312e-04
1.107174490699734312e-04
1.107174490699734312e-04
1.107174490699734312e-04
1.107174490699734312e-04
1.107174490699734312e-04
1.107174490699734312e-04
1.107174490699734312e-04
1.771479185119574900e-03
1.107174490699734312e-04
1.107174490699734312e-04
1.107174490699734312e-04
1.107174490699734312e-04
1.107174490699734312e-04
3.321523472099202666e-04
1.107174490699734312e-04
1.107174490699734312e-04
1.107174490699734312e-04
1.107174490699734312e-04
1.107174490699734312e-04
1.107174490699734312e-04
1.107174490699734312e-04
1.107174490699734312e-04
1.107174490699734312e-04
1.107174490699734312e-04
3.321523472099202666e-04
1.107174490699734312e-04
1.107174490699734312e-04
1.107174490699734312e-04
1.107174490699734312e-04
1.107174490699734312e-04
1.107174490699734312e-04
1.107174490699734312e-04
1.107174490699734312e-04
1.107174490699734312e-04
1.107174490699734312e-04
1.107174490699734312e-04
1.107174490699734312e-04
1.107174490699734312e-04
1.107174490699734312e-04
1.107174490699734312e-04
1.107174490699734312e-04
1.107174490699734312e-04
1.107174490699734312e-04
1.107174490699734312e-04
1.107174490699734312e-04
1.107174490699734312e-04
1.107174490699734312e-04
1.107174490699734312e-04
1.107174490699734312e-04
7.750221434898139916e-04
1.107174490699734312e-04
1.107174490699734312e-04
1.107174490699734312e-04
7.750221434898139916e-04
1.328609388839681067e-03
1.107174490699734312e-04
1.107174490699734312e-04
1.107174490699734312e-04
1.107174490699734312e-04
1.328609388839681067e-03
1.107174490699734312e-04
1.107174490699734312e-04
1.107174490699734312e-04
1.328609388839681067e-03
1.107174490699734312e-04
1.107174490699734312e-04
1.107174490699734312e-04
1.107174490699734312e-04
1.107174490699734312e-04
1.107174490699734312e-04
1.107174490699734312e-04
1.107174490699734312e-04
1.107174490699734312e-04
1.107174490699734312e-04
1.107174490699734312e-04
1.107174490699734312e-04
1.107174490699734312e-04
1.107174490699734312e-04
1.107174490699734312e-04
1.439326837909654525e-03
1.107174490699734312e-04
3.321523472099202666e-04
1.107174490699734312e-04
1.107174490699734312e-04
1.107174490699734312e-04
1.439326837909654525e-03
1.107174490699734312e-04
1.107174490699734312e-04
1.107174490699734312e-04
1.107174490699734312e-04
1.107174490699734312e-04
1.107174490699734312e-04
1.107174490699734312e-04
1.107174490699734312e-04
1.107174490699734312e-04
1.107174490699734312e-04
1.107174490699734312e-04
1.328609388839681067e-03
1.107174490699734312e-04
1.107174490699734312e-04
1.107174490699734312e-04
1.107174490699734312e-04
9.964570416297609083e-04
1.107174490699734312e-04
1.107174490699734312e-04
1.107174490699734312e-04
1.107174490699734312e-04
1.107174490699734312e-04
1.107174490699734312e-04
1.107174490699734312e-04
1.107174490699734312e-04
1.107174490699734312e-04
1.107174490699734312e-04
1.107174490699734312e-04
1.107174490699734312e-04
1.107174490699734312e-04
1.107174490699734312e-04
5.535872453498671833e-04
1.107174490699734312e-04
1.107174490699734312e-04
1.107174490699734312e-04
1.107174490699734312e-04
1.107174490699734312e-04
1.107174490699734312e-04
1.107174490699734312e-04
1.107174490699734312e-04
1.107174490699734312e-04
1.107174490699734312e-04
1.107174490699734312e-04
1.107174490699734312e-04
1.107174490699734312e-04
1.107174490699734312e-04
1.107174490699734312e-04
1.107174490699734312e-04
1.107174490699734312e-04
4.428697962798937250e-04
1.107174490699734312e-04
1.107174490699734312e-04
2.214348981399468625e-04
1.107174490699734312e-04
1.107174490699734312e-04
1.107174490699734312e-04
1.107174490699734312e-04
1.107174490699734312e-04
1.107174490699734312e-04
1.107174490699734312e-04
8.857395925597874500e-04
1.107174490699734312e-04
1.107174490699734312e-04
1.107174490699734312e-04
1.107174490699734312e-04
1.107174490699734312e-04
1.107174490699734312e-04
1.107174490699734312e-04
1.107174490699734312e-04
1.107174490699734312e-04
1.107174490699734312e-04
1.107174490699734312e-04
1.107174490699734312e-04
1.107174490699734312e-04
1.107174490699734312e-04
1.107174490699734312e-04
1.107174490699734312e-04
1.107174490699734312e-04
1.107174490699734312e-04
1.107174490699734312e-04
1.107174490699734312e-04
1.107174490699734312e-04
1.107174490699734312e-04
1.107174490699734312e-04
8.857395925597874500e-04
1.107174490699734312e-04
6.643046944198405333e-04
1.107174490699734312e-04
3.321523472099202666e-04
1.107174490699734312e-04
1.107174490699734312e-04
1.107174490699734312e-04
1.107174490699734312e-04
1.107174490699734312e-04
1.107174490699734312e-04
1.107174490699734312e-04
1.107174490699734312e-04
1.107174490699734312e-04
1.107174490699734312e-04
1.107174490699734312e-04
1.107174490699734312e-04
1.107174490699734312e-04
1.107174490699734312e-04
1.107174490699734312e-04
1.107174490699734312e-04
1.107174490699734312e-04
8.857395925597874500e-04
1.107174490699734312e-04
1.107174490699734312e-04
1.107174490699734312e-04
1.107174490699734312e-04
1.107174490699734312e-04
1.107174490699734312e-04
1.107174490699734312e-04
1.107174490699734312e-04
1.107174490699734312e-04
1.107174490699734312e-04
1.107174490699734312e-04
1.107174490699734312e-04
1.107174490699734312e-04
1.107174490699734312e-04
1.107174490699734312e-04
1.107174490699734312e-04
1.107174490699734312e-04
1.107174490699734312e-04
1.107174490699734312e-04
1.107174490699734312e-04
6.643046944198405333e-04
1.107174490699734312e-04
1.107174490699734312e-04
1.107174490699734312e-04
7.750221434898139916e-04
1.107174490699734312e-04
1.107174490699734312e-04
1.107174490699734312e-04
1.107174490699734312e-04
1.107174490699734312e-04
1.107174490699734312e-04
1.107174490699734312e-04
6.643046944198405333e-04
1.107174490699734312e-04
1.107174490699734312e-04
1.107174490699734312e-04
1.107174490699734312e-04
1.107174490699734312e-04
1.107174490699734312e-04
1.107174490699734312e-04
1.107174490699734312e-04
1.107174490699734312e-04
1.107174490699734312e-04
1.107174490699734312e-04
1.107174490699734312e-04
1.107174490699734312e-04
1.107174490699734312e-04
1.107174490699734312e-04
1.107174490699734312e-04
1.107174490699734312e-04
1.107174490699734312e-04
1.107174490699734312e-04
1.107174490699734312e-04
1.107174490699734312e-04
6.643046944198405333e-04
1.107174490699734312e-04
1.107174490699734312e-04
1.107174490699734312e-04
1.107174490699734312e-04
1.107174490699734312e-04
1.107174490699734312e-04
1.107174490699734312e-04
1.107174490699734312e-04
1.107174490699734312e-04
1.107174490699734312e-04
1.107174490699734312e-04
1.107174490699734312e-04
6.643046944198405333e-04
1.107174490699734312e-04
1.107174490699734312e-04
5.535872453498671833e-04
1.107174490699734312e-04
1.107174490699734312e-04
1.107174490699734312e-04
6.643046944198405333e-04
2.214348981399468625e-04
1.107174490699734312e-04
3.321523472099202666e-04
1.107174490699734312e-04
1.107174490699734312e-04
1.107174490699734312e-04
1.107174490699734312e-04
1.107174490699734312e-04
1.107174490699734312e-04
1.107174490699734312e-04
1.107174490699734312e-04
1.107174490699734312e-04
1.107174490699734312e-04
1.107174490699734312e-04
1.107174490699734312e-04
1.107174490699734312e-04
1.107174490699734312e-04
1.107174490699734312e-04
1.107174490699734312e-04
1.107174490699734312e-04
1.107174490699734312e-04
1.107174490699734312e-04
1.107174490699734312e-04
1.107174490699734312e-04
1.107174490699734312e-04
1.107174490699734312e-04
1.107174490699734312e-04
1.107174490699734312e-04
1.107174490699734312e-04
1.107174490699734312e-04
1.107174490699734312e-04
1.107174490699734312e-04
1.107174490699734312e-04
1.107174490699734312e-04
1.107174490699734312e-04
1.107174490699734312e-04
1.107174490699734312e-04
1.107174490699734312e-04
1.107174490699734312e-04
1.107174490699734312e-04
1.107174490699734312e-04
1.107174490699734312e-04
1.107174490699734312e-04
1.107174490699734312e-04
1.107174490699734312e-04
1.107174490699734312e-04
1.107174490699734312e-04
1.107174490699734312e-04
1.107174490699734312e-04
1.107174490699734312e-04
1.107174490699734312e-04
1.107174490699734312e-04
3.321523472099202666e-04
1.107174490699734312e-04
1.107174490699734312e-04
1.107174490699734312e-04
1.107174490699734312e-04
1.107174490699734312e-04
1.107174490699734312e-04
1.107174490699734312e-04
1.107174490699734312e-04
1.107174490699734312e-04
1.107174490699734312e-04
1.107174490699734312e-04
1.107174490699734312e-04
1.107174490699734312e-04
1.107174490699734312e-04
1.107174490699734312e-04
1.107174490699734312e-04
5.535872453498671833e-04
1.107174490699734312e-04
1.107174490699734312e-04
1.107174490699734312e-04
1.107174490699734312e-04
1.107174490699734312e-04
1.107174490699734312e-04
1.107174490699734312e-04
1.107174490699734312e-04
1.107174490699734312e-04
1.107174490699734312e-04
1.107174490699734312e-04
1.107174490699734312e-04
1.107174490699734312e-04
1.107174490699734312e-04
1.107174490699734312e-04
1.107174490699734312e-04
5.535872453498671833e-04
1.107174490699734312e-04
1.107174490699734312e-04
