2.147623587089745462e-02
8.402560261473512870e-03
2.306959008579599624e-02
2.029143401879340836e-02
1.939261882064551371e-02
1.933814517227291224e-02
1.537518725316628157e-02
1.258341277407054419e-02
1.304643878523764101e-02
1.247446547732534300e-02
1.334604385128694039e-02
1.259703118616369369e-02
1.107176903173089956e-02
1.032275636660765286e-02
1.009124336102410445e-02
7.313087294021517436e-03
9.655454174043306623e-03
8.988151981478960384e-03
1.361841209314993887e-05
8.729402151709111241e-03
7.789731717281764625e-03
8.525125970311861826e-03
7.844205365654364354e-03
7.708021244722865033e-03
7.490126651232465902e-04
8.252757728448863184e-03
7.680784420536565169e-03
7.244995233555767342e-03
7.680784420536565169e-03
7.530981887511916349e-03
7.558218711698216213e-03
7.149666348903718251e-03
7.190521585183167613e-03
7.081574288437968157e-03
6.863679694947569243e-03
6.890916519133869107e-03
5.992101320985972722e-03
1.906577693040991306e-04
6.400653683780471552e-03
6.223614326569522001e-03
5.855917200054473401e-03
6.196377502383222137e-03
6.209995914476371635e-03
5.815061963775024038e-03
4.139997276317581090e-03
5.910390848427073129e-03
5.270325480049025887e-03
5.665259430750374352e-03
5.447364837259975438e-03
5.202233419583276661e-03
4.875391529347678291e-03
5.079667710744926838e-03
4.943483589813427517e-03
4.943483589813427517e-03
4.466839166553180328e-03
4.698352172136728740e-03
4.848154705161378426e-03
4.671115347950428875e-03
4.807299468881928196e-03
4.616641699577829147e-03
2.791774479095737380e-03
4.153615688410731456e-03
4.603023287484679649e-03
4.357891869807980004e-03
4.480457578646329826e-03
3.949339507013482041e-03
2.124472286531390273e-03
2.996050660492986361e-03
2.192564346997139934e-03
3.949339507013482041e-03
4.031049979572381634e-03
3.976576331199781905e-03
3.676971265150483399e-03
3.854010622361432516e-03
3.799536973988832788e-03
3.350129374914885029e-03
2.533024649325888670e-03
3.554405556312134010e-03
3.363747787008034961e-03
2.941577012120386633e-03
3.295655726542285301e-03
1.007762494893095408e-03
3.363747787008034961e-03
3.227563666076535640e-03
3.268418902355985436e-03
2.069998638158790545e-03
3.145853193517636048e-03
3.173090017703935912e-03
1.961051341413591088e-03
3.050524308865586089e-03
3.104997957238185818e-03
3.159471605610785980e-03
3.173090017703935912e-03
3.077761133051885954e-03
2.996050660492986361e-03
2.982432248399836429e-03
3.023287484679286225e-03
3.036905896772436157e-03
3.050524308865586089e-03
2.669208770257387991e-03
2.832629715375187176e-03
2.927958600027236701e-03
1.852104044668391632e-03
2.001906577693040885e-03
2.764537654909437515e-03
2.628353533977938195e-03
1.892959280947841428e-03
2.437695764673839145e-03
2.533024649325888670e-03
2.533024649325888670e-03
2.723682418629987719e-03
2.437695764673839145e-03
2.628353533977938195e-03
2.383222116301239417e-03
2.369603704208089485e-03
2.355985292114939553e-03
2.424077352580689213e-03
2.274274819556039960e-03
2.301511643742339824e-03
2.247037995369740096e-03
2.315130055835489756e-03
2.233419583276590164e-03
2.165327522810840070e-03
2.233419583276590164e-03
2.247037995369740096e-03
2.178945934903990002e-03
2.274274819556039960e-03
2.178945934903990002e-03
2.206182759090289866e-03
2.124472286531390273e-03
2.165327522810840070e-03
2.056380226065640613e-03
1.906577693040991360e-03
2.110853874438240341e-03
1.974669753506741020e-03
1.961051341413591088e-03
2.015524989786190817e-03
1.920196105134141292e-03
8.579599618684461554e-04
1.852104044668391632e-03
1.865722456761541564e-03
1.852104044668391632e-03
1.852104044668391632e-03
1.811248808388941835e-03
1.811248808388941835e-03
1.838485632575241700e-03
1.089472967451995001e-03
1.770393572109492039e-03
1.770393572109492039e-03
1.770393572109492039e-03
1.361841209314993887e-05
1.675064687457442515e-03
1.688683099550592447e-03
1.756775160016342107e-03
1.688683099550592447e-03
1.661446275364292582e-03
1.647827863271142650e-03
1.675064687457442515e-03
1.743156747923192175e-03
1.729538335830042243e-03
1.647827863271142650e-03
1.675064687457442515e-03
1.361841209314993887e-05
1.552498978619092909e-03
1.538880566525942977e-03
1.538880566525942977e-03
1.579735802805392990e-03
1.443551681873893452e-03
1.470788506060193316e-03
1.525262154432793045e-03
1.525262154432793045e-03
1.416314857687593588e-03
1.416314857687593588e-03
1.429933269780743520e-03
1.389078033501293724e-03
1.402696445594443656e-03
1.402696445594443656e-03
1.361841209314993860e-03
9.532888465204956529e-05
1.375459621408143792e-03
1.389078033501293724e-03
1.348222797221843927e-03
1.402696445594443656e-03
1.334604385128693995e-03
1.429933269780743520e-03
1.402696445594443656e-03
1.389078033501293724e-03
5.583548958191475410e-04
1.375459621408143792e-03
1.307367560942394131e-03
1.280130736756094267e-03
1.375459621408143792e-03
1.266512324662944335e-03
8.171047255889963320e-05
1.266512324662944335e-03
1.361841209314993887e-05
1.198420264197194674e-03
1.239275500476644471e-03
1.157565027917744878e-03
1.130328203731445014e-03
9.396704344273457479e-04
1.062236143265695137e-03
1.130328203731445014e-03
1.103091379545144933e-03
1.171183440010894810e-03
1.171183440010894810e-03
1.062236143265695137e-03
1.130328203731445014e-03
1.130328203731445014e-03
1.116709791638295082e-03
1.089472967451995001e-03
1.034999319079395273e-03
1.157565027917744878e-03
2.315130055835489540e-04
1.062236143265695137e-03
1.021380906986245340e-03
1.157565027917744878e-03
1.103091379545144933e-03
1.089472967451995001e-03
1.103091379545144933e-03
1.075854555358845069e-03
1.089472967451995001e-03
9.941440827999454763e-04
1.034999319079395273e-03
9.805256707067955442e-04
1.021380906986245340e-03
2.859866539561487365e-04
1.048617731172545205e-03
1.062236143265695137e-03
1.048617731172545205e-03
1.062236143265695137e-03
1.007762494893095408e-03
8.851967860547460196e-04
2.723682418629987502e-04
8.307231376821462912e-04
1.048617731172545205e-03
9.532888465204956800e-04
9.532888465204956800e-04
9.260520223341958158e-04
9.124336102410458837e-04
2.042761813972490898e-04
6.400653683780471335e-04
8.851967860547460196e-04
8.579599618684461554e-04
8.851967860547460196e-04
8.443415497752962233e-04
8.579599618684461554e-04
8.443415497752962233e-04
8.171047255889963591e-04
7.898679014026964949e-04
8.307231376821462912e-04
8.851967860547460196e-04
8.307231376821462912e-04
4.085523627944981796e-04
8.715783739615960875e-04
8.443415497752962233e-04
8.171047255889963591e-04
8.715783739615960875e-04
7.217758409369467261e-04
8.034863134958464270e-04
7.762494893095464544e-04
7.898679014026964949e-04
8.034863134958464270e-04
7.490126651232465902e-04
7.626310772163965223e-04
7.353942530300966582e-04
7.081574288437967940e-04
7.490126651232465902e-04
7.217758409369467261e-04
7.490126651232465902e-04
7.898679014026964949e-04
7.762494893095464544e-04
7.898679014026964949e-04
7.898679014026964949e-04
7.217758409369467261e-04
7.081574288437967940e-04
1.361841209314993887e-05
7.081574288437967940e-04
6.400653683780471335e-04
5.038812474465477042e-04
6.945390167506468619e-04
6.536837804711970656e-04
6.673021925643469977e-04
6.400653683780471335e-04
6.809206046574969298e-04
6.536837804711970656e-04
6.400653683780471335e-04
6.536837804711970656e-04
6.400653683780471335e-04
6.264469562848972014e-04
6.673021925643469977e-04
2.587498297698488181e-04
6.400653683780471335e-04
6.128285441917472693e-04
6.400653683780471335e-04
6.400653683780471335e-04
6.128285441917472693e-04
6.400653683780471335e-04
6.400653683780471335e-04
6.264469562848972014e-04
6.400653683780471335e-04
6.400653683780471335e-04
6.400653683780471335e-04
6.264469562848972014e-04
6.128285441917472693e-04
5.992101320985973372e-04
6.128285441917472693e-04
5.855917200054474052e-04
6.536837804711970656e-04
5.719733079122974731e-04
5.583548958191475410e-04
5.992101320985973372e-04
6.264469562848972014e-04
5.855917200054474052e-04
5.719733079122974731e-04
5.855917200054474052e-04
5.719733079122974731e-04
5.719733079122974731e-04
4.357891869807980437e-04
5.719733079122974731e-04
5.719733079122974731e-04
5.174996595396976363e-04
5.038812474465477042e-04
4.902628353533977721e-04
4.221707748876481116e-04
4.494075990739479758e-04
5.174996595396976363e-04
6.128285441917472693e-04
1.634209451177992664e-04
1.498025330246493343e-04
5.447364837259975005e-04
5.583548958191475410e-04
4.766444232602478400e-04
5.174996595396976363e-04
5.311180716328475684e-04
1.361841209314993887e-05
5.583548958191475410e-04
2.859866539561487365e-04
2.451314176766988861e-04
5.311180716328475684e-04
4.630260111670979079e-04
5.174996595396976363e-04
1.361841209314993887e-05
5.038812474465477042e-04
5.174996595396976363e-04
5.311180716328475684e-04
5.038812474465477042e-04
5.583548958191475410e-04
2.723682418629987502e-04
3.813155386081982612e-04
5.311180716328475684e-04
4.357891869807980437e-04
5.038812474465477042e-04
4.902628353533977721e-04
5.311180716328475684e-04
1.361841209314993887e-05
5.174996595396976363e-04
5.038812474465477042e-04
5.038812474465477042e-04
4.766444232602478400e-04
4.494075990739479758e-04
5.038812474465477042e-04
4.494075990739479758e-04
2.859866539561487365e-04
4.902628353533977721e-04
4.357891869807980437e-04
4.357891869807980437e-04
4.085523627944981796e-04
4.494075990739479758e-04
4.221707748876481116e-04
4.221707748876481116e-04
4.902628353533977721e-04
5.038812474465477042e-04
4.357891869807980437e-04
4.221707748876481116e-04
4.221707748876481116e-04
4.630260111670979079e-04
4.494075990739479758e-04
3.813155386081982612e-04
4.221707748876481116e-04
4.630260111670979079e-04
4.494075990739479758e-04
3.813155386081982612e-04
4.494075990739479758e-04
4.357891869807980437e-04
4.085523627944981796e-04
4.630260111670979079e-04
4.630260111670979079e-04
4.357891869807980437e-04
4.357891869807980437e-04
1.361841209314993751e-04
3.132234781424486007e-04
3.949339507013482475e-04
4.221707748876481116e-04
4.357891869807980437e-04
3.540787144218983970e-04
4.221707748876481116e-04
4.085523627944981796e-04
4.494075990739479758e-04
4.221707748876481116e-04
3.813155386081982612e-04
4.085523627944981796e-04
4.221707748876481116e-04
1.361841209314993887e-05
4.357891869807980437e-04
4.221707748876481116e-04
3.813155386081982612e-04
4.221707748876481116e-04
3.676971265150483291e-04
3.813155386081982612e-04
4.085523627944981796e-04
3.949339507013482475e-04
3.676971265150483291e-04
3.949339507013482475e-04
3.676971265150483291e-04
3.676971265150483291e-04
3.676971265150483291e-04
3.949339507013482475e-04
3.404603023287484649e-04
3.540787144218983970e-04
3.268418902355985328e-04
2.451314176766988861e-04
3.676971265150483291e-04
2.723682418629987502e-04
4.085523627944981796e-04
3.949339507013482475e-04
4.085523627944981660e-05
3.540787144218983970e-04
1.361841209314993887e-05
3.540787144218983970e-04
3.676971265150483291e-04
3.268418902355985328e-04
3.813155386081982612e-04
3.404603023287484649e-04
3.813155386081982612e-04
3.540787144218983970e-04
3.676971265150483291e-04
3.540787144218983970e-04
3.132234781424486007e-04
3.676971265150483291e-04
3.268418902355985328e-04
9.532888465204956529e-05
2.315130055835489540e-04
3.540787144218983970e-04
3.268418902355985328e-04
3.132234781424486007e-04
3.132234781424486007e-04
1.361841209314993887e-05
3.540787144218983970e-04
3.404603023287484649e-04
3.268418902355985328e-04
3.132234781424486007e-04
3.268418902355985328e-04
3.132234781424486007e-04
2.723682418629987502e-04
3.404603023287484649e-04
3.404603023287484649e-04
3.404603023287484649e-04
3.268418902355985328e-04
3.268418902355985328e-04
2.723682418629987773e-05
2.723682418629987773e-05
3.268418902355985328e-04
3.132234781424486007e-04
4.085523627944981660e-05
1.361841209314993751e-04
2.587498297698488181e-04
3.268418902355985328e-04
3.132234781424486007e-04
2.859866539561487365e-04
3.132234781424486007e-04
2.996050660492986686e-04
2.859866539561487365e-04
3.132234781424486007e-04
2.587498297698488181e-04
2.996050660492986686e-04
2.996050660492986686e-04
1.906577693040991306e-04
2.587498297698488181e-04
2.996050660492986686e-04
1.906577693040991306e-04
2.859866539561487365e-04
2.859866539561487365e-04
2.996050660492986686e-04
2.859866539561487365e-04
2.996050660492986686e-04
2.723682418629987502e-04
2.587498297698488181e-04
2.859866539561487365e-04
2.587498297698488181e-04
2.723682418629987502e-04
2.996050660492986686e-04
2.723682418629987502e-04
1.361841209314993751e-04
2.723682418629987502e-04
2.178945934903990219e-04
2.723682418629987502e-04
1.361841209314993887e-05
1.906577693040991306e-04
2.859866539561487365e-04
2.315130055835489540e-04
2.723682418629987502e-04
2.451314176766988861e-04
2.587498297698488181e-04
1.089472967451995109e-04
2.587498297698488181e-04
2.723682418629987502e-04
1.361841209314993887e-05
1.361841209314993751e-04
2.587498297698488181e-04
2.451314176766988861e-04
1.770393572109491985e-04
1.498025330246493343e-04
2.178945934903990219e-04
2.315130055835489540e-04
2.315130055835489540e-04
2.178945934903990219e-04
2.178945934903990219e-04
2.315130055835489540e-04
1.361841209314993887e-05
1.498025330246493343e-04
2.315130055835489540e-04
2.451314176766988861e-04
2.451314176766988861e-04
2.451314176766988861e-04
2.315130055835489540e-04
2.315130055835489540e-04
1.089472967451995109e-04
2.042761813972490898e-04
2.587498297698488181e-04
2.451314176766988861e-04
2.315130055835489540e-04
2.178945934903990219e-04
2.042761813972490898e-04
2.451314176766988861e-04
2.451314176766988861e-04
2.315130055835489540e-04
2.315130055835489540e-04
2.451314176766988861e-04
2.451314176766988861e-04
2.042761813972490898e-04
2.042761813972490898e-04
2.042761813972490898e-04
1.634209451177992664e-04
2.042761813972490898e-04
2.178945934903990219e-04
2.178945934903990219e-04
2.178945934903990219e-04
2.315130055835489540e-04
1.906577693040991306e-04
1.361841209314993887e-05
2.042761813972490898e-04
2.178945934903990219e-04
1.906577693040991306e-04
2.042761813972490898e-04
2.042761813972490898e-04
1.906577693040991306e-04
2.042761813972490898e-04
2.042761813972490898e-04
2.178945934903990219e-04
1.906577693040991306e-04
2.178945934903990219e-04
1.634209451177992664e-04
1.906577693040991306e-04
1.906577693040991306e-04
2.042761813972490898e-04
2.042761813972490898e-04
1.361841209314993751e-04
1.770393572109491985e-04
2.042761813972490898e-04
1.906577693040991306e-04
2.178945934903990219e-04
2.178945934903990219e-04
1.906577693040991306e-04
2.178945934903990219e-04
1.906577693040991306e-04
1.906577693040991306e-04
2.042761813972490898e-04
1.906577693040991306e-04
1.906577693040991306e-04
2.042761813972490898e-04
1.906577693040991306e-04
2.042761813972490898e-04
1.770393572109491985e-04
1.906577693040991306e-04
1.770393572109491985e-04
1.634209451177992664e-04
1.634209451177992664e-04
1.634209451177992664e-04
1.770393572109491985e-04
1.906577693040991306e-04
1.770393572109491985e-04
9.532888465204956529e-05
1.361841209314993751e-04
1.906577693040991306e-04
1.906577693040991306e-04
1.225657088383494430e-04
1.361841209314993887e-05
1.634209451177992664e-04
1.634209451177992664e-04
1.906577693040991306e-04
1.634209451177992664e-04
1.361841209314993887e-05
5.447364837259975547e-05
1.498025330246493343e-04
1.770393572109491985e-04
1.361841209314993887e-05
1.770393572109491985e-04
1.634209451177992664e-04
1.634209451177992664e-04
1.906577693040991306e-04
1.906577693040991306e-04
1.770393572109491985e-04
1.634209451177992664e-04
1.634209451177992664e-04
1.361841209314993751e-04
1.770393572109491985e-04
1.770393572109491985e-04
1.634209451177992664e-04
1.361841209314993751e-04
1.770393572109491985e-04
1.498025330246493343e-04
1.361841209314993887e-05
1.361841209314993751e-04
1.225657088383494430e-04
1.770393572109491985e-04
1.498025330246493343e-04
1.634209451177992664e-04
1.361841209314993887e-05
4.085523627944981660e-05
1.770393572109491985e-04
1.498025330246493343e-04
1.634209451177992664e-04
1.634209451177992664e-04
1.498025330246493343e-04
1.361841209314993751e-04
1.634209451177992664e-04
1.498025330246493343e-04
1.361841209314993751e-04
1.634209451177992664e-04
1.361841209314993887e-05
1.498025330246493343e-04
1.361841209314993751e-04
1.361841209314993751e-04
1.498025330246493343e-04
1.361841209314993887e-05
1.361841209314993751e-04
1.361841209314993751e-04
1.361841209314993751e-04
1.361841209314993751e-04
1.361841209314993751e-04
1.361841209314993751e-04
1.361841209314993751e-04
1.361841209314993751e-04
1.361841209314993751e-04
1.498025330246493343e-04
1.361841209314993751e-04
1.498025330246493343e-04
1.498025330246493343e-04
1.089472967451995109e-04
8.171047255889963320e-05
1.361841209314993751e-04
1.225657088383494430e-04
1.361841209314993751e-04
1.498025330246493343e-04
1.361841209314993751e-04
1.498025330246493343e-04
1.361841209314993751e-04
1.498025330246493343e-04
1.225657088383494430e-04
9.532888465204956529e-05
1.361841209314993751e-04
1.498025330246493343e-04
1.361841209314993751e-04
1.361841209314993751e-04
1.498025330246493343e-04
1.498025330246493343e-04
1.361841209314993751e-04
9.532888465204956529e-05
1.361841209314993751e-04
1.361841209314993751e-04
1.225657088383494430e-04
1.089472967451995109e-04
1.225657088383494430e-04
9.532888465204956529e-05
1.225657088383494430e-04
1.361841209314993751e-04
1.225657088383494430e-04
1.225657088383494430e-04
1.361841209314993887e-05
1.361841209314993751e-04
1.361841209314993751e-04
1.361841209314993751e-04
1.225657088383494430e-04
1.089472967451995109e-04
9.532888465204956529e-05
1.225657088383494430e-04
1.089472967451995109e-04
1.225657088383494430e-04
9.532888465204956529e-05
1.225657088383494430e-04
1.225657088383494430e-04
1.225657088383494430e-04
1.225657088383494430e-04
1.225657088383494430e-04
1.089472967451995109e-04
1.225657088383494430e-04
1.089472967451995109e-04
1.225657088383494430e-04
1.225657088383494430e-04
9.532888465204956529e-05
9.532888465204956529e-05
1.089472967451995109e-04
1.361841209314993887e-05
9.532888465204956529e-05
4.085523627944981660e-05
1.225657088383494430e-04
5.447364837259975547e-05
1.089472967451995109e-04
1.089472967451995109e-04
1.089472967451995109e-04
9.532888465204956529e-05
1.089472967451995109e-04
1.225657088383494430e-04
1.225657088383494430e-04
1.225657088383494430e-04
9.532888465204956529e-05
1.089472967451995109e-04
1.225657088383494430e-04
1.225657088383494430e-04
1.225657088383494430e-04
1.225657088383494430e-04
9.532888465204956529e-05
9.532888465204956529e-05
1.225657088383494430e-04
1.361841209314993887e-05
1.089472967451995109e-04
9.532888465204956529e-05
9.532888465204956529e-05
1.225657088383494430e-04
1.361841209314993887e-05
9.532888465204956529e-05
8.171047255889963320e-05
1.089472967451995109e-04
8.171047255889963320e-05
9.532888465204956529e-05
9.532888465204956529e-05
8.171047255889963320e-05
1.089472967451995109e-04
9.532888465204956529e-05
1.089472967451995109e-04
1.089472967451995109e-04
6.809206046574968756e-05
1.089472967451995109e-04
9.532888465204956529e-05
1.089472967451995109e-04
1.361841209314993887e-05
9.532888465204956529e-05
9.532888465204956529e-05
9.532888465204956529e-05
1.361841209314993887e-05
9.532888465204956529e-05
8.171047255889963320e-05
8.171047255889963320e-05
8.171047255889963320e-05
9.532888465204956529e-05
9.532888465204956529e-05
9.532888465204956529e-05
1.361841209314993887e-05
8.171047255889963320e-05
6.809206046574968756e-05
8.171047255889963320e-05
9.532888465204956529e-05
9.532888465204956529e-05
9.532888465204956529e-05
6.809206046574968756e-05
8.171047255889963320e-05
8.171047255889963320e-05
8.171047255889963320e-05
9.532888465204956529e-05
8.171047255889963320e-05
4.085523627944981660e-05
9.532888465204956529e-05
9.532888465204956529e-05
8.171047255889963320e-05
8.171047255889963320e-05
9.532888465204956529e-05
6.809206046574968756e-05
9.532888465204956529e-05
8.171047255889963320e-05
1.361841209314993887e-05
8.171047255889963320e-05
9.532888465204956529e-05
8.171047255889963320e-05
9.532888465204956529e-05
8.171047255889963320e-05
9.532888465204956529e-05
8.171047255889963320e-05
8.171047255889963320e-05
9.532888465204956529e-05
9.532888465204956529e-05
1.361841209314993887e-05
9.532888465204956529e-05
2.723682418629987773e-05
9.532888465204956529e-05
8.171047255889963320e-05
4.085523627944981660e-05
9.532888465204956529e-05
9.532888465204956529e-05
8.171047255889963320e-05
1.361841209314993887e-05
4.085523627944981660e-05
9.532888465204956529e-05
6.809206046574968756e-05
9.532888465204956529e-05
8.171047255889963320e-05
8.171047255889963320e-05
9.532888465204956529e-05
8.171047255889963320e-05
9.532888465204956529e-05
8.171047255889963320e-05
8.171047255889963320e-05
8.171047255889963320e-05
5.447364837259975547e-05
8.171047255889963320e-05
6.809206046574968756e-05
8.171047255889963320e-05
8.171047255889963320e-05
8.171047255889963320e-05
6.809206046574968756e-05
8.171047255889963320e-05
8.171047255889963320e-05
8.171047255889963320e-05
6.809206046574968756e-05
6.809206046574968756e-05
8.171047255889963320e-05
5.447364837259975547e-05
8.171047255889963320e-05
8.171047255889963320e-05
8.171047255889963320e-05
8.171047255889963320e-05
8.171047255889963320e-05
8.171047255889963320e-05
6.809206046574968756e-05
8.171047255889963320e-05
8.171047255889963320e-05
8.171047255889963320e-05
8.171047255889963320e-05
8.171047255889963320e-05
8.171047255889963320e-05
8.171047255889963320e-05
5.447364837259975547e-05
2.723682418629987773e-05
8.171047255889963320e-05
8.171047255889963320e-05
8.171047255889963320e-05
6.809206046574968756e-05
8.171047255889963320e-05
6.809206046574968756e-05
6.809206046574968756e-05
5.447364837259975547e-05
6.809206046574968756e-05
6.809206046574968756e-05
4.085523627944981660e-05
6.809206046574968756e-05
6.809206046574968756e-05
6.809206046574968756e-05
6.809206046574968756e-05
6.809206046574968756e-05
5.447364837259975547e-05
1.361841209314993887e-05
6.809206046574968756e-05
6.809206046574968756e-05
6.809206046574968756e-05
6.809206046574968756e-05
4.085523627944981660e-05
5.447364837259975547e-05
6.809206046574968756e-05
1.361841209314993887e-05
6.809206046574968756e-05
1.361841209314993887e-05
4.085523627944981660e-05
6.809206046574968756e-05
6.809206046574968756e-05
2.723682418629987773e-05
5.447364837259975547e-05
6.809206046574968756e-05
6.809206046574968756e-05
6.809206046574968756e-05
6.809206046574968756e-05
4.085523627944981660e-05
6.809206046574968756e-05
6.809206046574968756e-05
4.085523627944981660e-05
6.809206046574968756e-05
6.809206046574968756e-05
5.447364837259975547e-05
1.361841209314993887e-05
5.447364837259975547e-05
6.809206046574968756e-05
