2.594778210309687388e-02
2.174505963154893182e-02
2.100121494631920771e-02
1.883166794773251385e-02
1.764151645136495528e-02
1.759192680568297251e-02
1.407106196226227957e-02
1.390989561379583905e-02
1.268255188316679515e-02
1.238501400907490550e-02
1.216186060350598827e-02
1.169075896952716243e-02
1.136842627259428314e-02
9.384840445315017696e-03
9.174084451166596155e-03
9.087302571223128053e-03
8.777367285710744454e-03
8.355855297413899638e-03
8.318663063152414300e-03
8.306265651731918609e-03
8.132701891844982406e-03
8.008727777640028966e-03
7.723587314968634147e-03
7.574818377922689326e-03
7.735984726389129838e-03
7.587215789343185017e-03
7.103716743943864348e-03
7.078921921102873833e-03
7.054127098261883319e-03
6.930152984056929012e-03
6.868165926954452292e-03
6.545833230021571268e-03
6.533435818601076445e-03
6.434256527237112652e-03
6.235897944509186802e-03
6.260692767350177317e-03
5.950757481837791983e-03
6.000347127519773879e-03
5.814385956212342853e-03
5.653219607745902341e-03
5.653219607745902341e-03
5.653219607745902341e-03
5.640822196325407517e-03
5.281297265131040287e-03
5.430066202176985109e-03
5.368079145074508389e-03
5.281297265131040287e-03
5.144925739505591157e-03
5.219310208028563568e-03
4.723413751208747208e-03
4.537452579901316181e-03
4.611837048424288592e-03
4.487862934219335152e-03
4.562247402742307563e-03
4.363888820014380845e-03
4.351491408593886022e-03
4.401081054275867051e-03
4.314299174332399817e-03
4.376286231434876536e-03
4.190325060127445510e-03
4.239914705809427406e-03
4.202722471547941201e-03
4.177927648706949819e-03
3.954774243138032587e-03
4.066350945922491203e-03
3.719223426148620098e-03
3.768813071830601560e-03
3.768813071830601560e-03
3.744018248989611046e-03
3.582851900523170968e-03
3.682031191887133893e-03
3.607646723364161482e-03
3.570454489102675277e-03
3.558057077682180019e-03
3.446480374897721403e-03
3.334903672113262788e-03
3.248121792169795120e-03
3.223326969328804172e-03
3.148942500805831761e-03
3.260519203590290377e-03
2.987776152339391682e-03
3.173737323646822709e-03
3.049763209441868402e-03
2.925789095236914529e-03
2.962981329498400734e-03
2.863802038134437376e-03
2.851404626713942118e-03
2.925789095236914529e-03
2.900994272395923581e-03
2.851404626713942118e-03
2.814212392452455913e-03
2.863802038134437376e-03
2.876199449554933067e-03
2.851404626713942118e-03
2.715033101088492554e-03
2.727430512508988245e-03
2.739827923929483502e-03
2.752225335349978760e-03
2.764622746770474451e-03
2.715033101088492554e-03
2.566264164042547733e-03
2.653046043986015835e-03
2.702635689667997297e-03
2.628251221145024887e-03
2.504277106940071013e-03
2.392700404155612397e-03
2.380302992735116707e-03
2.243931467109667576e-03
2.293521112791649039e-03
2.293521112791649039e-03
2.467084872678584808e-03
2.206739232848181371e-03
2.380302992735116707e-03
2.157149587166199908e-03
2.144752175745704217e-03
2.132354764325208960e-03
2.194341821427686114e-03
2.057970295802236550e-03
2.095162530063722755e-03
2.070367707222731807e-03
2.095162530063722755e-03
2.020778061540750344e-03
1.958791004438273191e-03
2.020778061540750344e-03
2.033175472961245601e-03
1.971188415858768882e-03
2.057970295802236550e-03
1.971188415858768882e-03
1.995983238699759396e-03
1.921598770176786986e-03
1.958791004438273191e-03
1.859611713074310049e-03
1.946393593017777934e-03
1.909201358756291728e-03
1.810022067392328586e-03
1.772829833130842381e-03
1.822419478812823844e-03
1.735637598869356176e-03
1.810022067392328586e-03
1.673650541766879022e-03
1.686047953187374496e-03
1.673650541766879022e-03
1.673650541766879022e-03
1.636458307505392817e-03
1.636458307505392817e-03
1.661253130346383765e-03
1.698445364607869970e-03
1.599266073243906612e-03
1.599266073243906612e-03
1.599266073243906612e-03
1.574471250402915880e-03
1.512484193300438944e-03
1.524881604720934201e-03
1.586868661823411355e-03
1.524881604720934201e-03
1.500086781879943470e-03
1.487689370459447996e-03
1.512484193300438944e-03
1.574471250402915880e-03
1.562073838982420406e-03
1.487689370459447996e-03
1.512484193300438944e-03
1.487689370459447996e-03
1.400907490515980328e-03
1.388510079095484854e-03
1.388510079095484854e-03
1.425702313356971059e-03
1.301728199152016969e-03
1.326523021993007917e-03
1.376112667674989380e-03
1.376112667674989380e-03
1.276933376311026238e-03
1.314125610572512443e-03
1.289330787731521712e-03
1.252138553470035507e-03
1.264535964890530764e-03
1.264535964890530764e-03
1.227343730629044559e-03
1.314125610572512443e-03
1.239741142049540033e-03
1.252138553470035507e-03
1.214946319208549301e-03
1.264535964890530764e-03
1.202548907788053827e-03
1.289330787731521712e-03
1.264535964890530764e-03
1.252138553470035507e-03
1.239741142049540033e-03
1.239741142049540033e-03
1.177754084947063096e-03
1.152959262106072148e-03
1.239741142049540033e-03
1.140561850685576891e-03
1.090972205003595211e-03
1.140561850685576891e-03
1.140561850685576891e-03
1.103369616424090685e-03
1.128164439265081417e-03
1.041382559321613749e-03
1.016587736480622801e-03
1.078574793583099954e-03
1.028985147901118275e-03
1.016587736480622801e-03
1.016587736480622801e-03
1.066177382162604480e-03
1.053779970742109006e-03
1.041382559321613749e-03
1.016587736480622801e-03
1.016587736480622801e-03
1.004190325060127544e-03
9.793955022191365954e-04
1.016587736480622801e-03
1.041382559321613749e-03
1.053779970742109006e-03
9.546006793781458642e-04
9.174084451166596588e-04
1.041382559321613749e-03
9.917929136396320695e-04
9.793955022191365954e-04
9.917929136396320695e-04
9.669980907986412298e-04
9.793955022191365954e-04
8.926136222756688192e-04
9.546006793781458642e-04
8.802162108551734535e-04
9.174084451166596588e-04
8.926136222756688192e-04
9.422032679576503901e-04
9.546006793781458642e-04
9.422032679576503901e-04
9.793955022191365954e-04
9.298058565371550245e-04
9.298058565371550245e-04
8.802162108551734535e-04
8.678187994346780879e-04
9.422032679576503901e-04
8.554213880141826138e-04
8.554213880141826138e-04
8.306265651731918826e-04
8.182291537526964085e-04
8.306265651731918826e-04
8.182291537526964085e-04
7.934343309117056773e-04
7.934343309117056773e-04
7.934343309117056773e-04
7.562420966502194719e-04
8.182291537526964085e-04
7.562420966502194719e-04
7.314472738092286323e-04
7.066524509682377926e-04
7.438446852297239979e-04
7.934343309117056773e-04
7.686395080707148376e-04
7.190498623887332666e-04
7.810369194912102032e-04
7.562420966502194719e-04
7.314472738092286323e-04
7.810369194912102032e-04
6.446653938657608560e-04
7.190498623887332666e-04
6.942550395477424269e-04
7.066524509682377926e-04
7.190498623887332666e-04
6.694602167067515873e-04
6.818576281272470613e-04
6.570628052862562216e-04
6.322679824452653819e-04
6.694602167067515873e-04
6.446653938657608560e-04
6.694602167067515873e-04
7.066524509682377926e-04
6.942550395477424269e-04
7.066524509682377926e-04
7.066524509682377926e-04
6.446653938657608560e-04
6.322679824452653819e-04
6.570628052862562216e-04
6.322679824452653819e-04
5.702809253427884454e-04
6.322679824452653819e-04
6.198705710247700163e-04
5.950757481837791766e-04
5.950757481837791766e-04
5.702809253427884454e-04
6.074731596042746507e-04
5.826783367632838110e-04
5.702809253427884454e-04
5.826783367632838110e-04
5.702809253427884454e-04
5.578835139222929713e-04
5.950757481837791766e-04
5.454861025017976057e-04
5.702809253427884454e-04
5.454861025017976057e-04
5.702809253427884454e-04
6.074731596042746507e-04
5.454861025017976057e-04
5.702809253427884454e-04
5.702809253427884454e-04
5.578835139222929713e-04
5.702809253427884454e-04
5.702809253427884454e-04
5.702809253427884454e-04
5.578835139222929713e-04
5.454861025017976057e-04
5.330886910813022401e-04
5.454861025017976057e-04
5.206912796608068744e-04
5.826783367632838110e-04
5.082938682403114004e-04
5.826783367632838110e-04
5.330886910813022401e-04
5.578835139222929713e-04
5.206912796608068744e-04
5.082938682403114004e-04
5.206912796608068744e-04
5.082938682403114004e-04
5.082938682403114004e-04
5.082938682403114004e-04
5.082938682403114004e-04
5.082938682403114004e-04
4.711016339788251951e-04
4.587042225583298294e-04
4.339093997173390439e-04
5.082938682403114004e-04
3.967171654558528386e-04
4.587042225583298294e-04
5.454861025017976057e-04
4.834990453993206149e-04
5.082938682403114004e-04
4.834990453993206149e-04
4.958964568198160347e-04
4.215119882968436241e-04
4.587042225583298294e-04
4.711016339788251951e-04
4.834990453993206149e-04
4.958964568198160347e-04
4.587042225583298294e-04
4.834990453993206149e-04
4.711016339788251951e-04
4.215119882968436241e-04
4.587042225583298294e-04
4.711016339788251951e-04
4.463068111378344096e-04
4.587042225583298294e-04
4.711016339788251951e-04
4.463068111378344096e-04
4.958964568198160347e-04
4.215119882968436241e-04
4.463068111378344096e-04
4.711016339788251951e-04
3.843197540353574188e-04
4.463068111378344096e-04
4.339093997173390439e-04
4.711016339788251951e-04
4.587042225583298294e-04
4.587042225583298294e-04
4.463068111378344096e-04
4.463068111378344096e-04
4.215119882968436241e-04
3.967171654558528386e-04
4.463068111378344096e-04
3.967171654558528386e-04
4.339093997173390439e-04
4.339093997173390439e-04
3.843197540353574188e-04
3.843197540353574188e-04
3.595249311943666333e-04
3.967171654558528386e-04
3.719223426148619989e-04
3.719223426148619989e-04
4.339093997173390439e-04
4.463068111378344096e-04
3.843197540353574188e-04
3.719223426148619989e-04
3.719223426148619989e-04
4.091145768763482043e-04
3.967171654558528386e-04
3.347301083533757936e-04
3.719223426148619989e-04
4.091145768763482043e-04
3.967171654558528386e-04
3.347301083533757936e-04
3.967171654558528386e-04
3.843197540353574188e-04
3.595249311943666333e-04
4.091145768763482043e-04
4.091145768763482043e-04
3.843197540353574188e-04
3.843197540353574188e-04
3.595249311943666333e-04
3.719223426148619989e-04
3.471275197738712135e-04
3.719223426148619989e-04
3.843197540353574188e-04
3.099352855123850082e-04
3.719223426148619989e-04
3.595249311943666333e-04
3.967171654558528386e-04
3.719223426148619989e-04
3.347301083533757936e-04
3.595249311943666333e-04
3.719223426148619989e-04
3.471275197738712135e-04
3.843197540353574188e-04
3.719223426148619989e-04
3.347301083533757936e-04
3.719223426148619989e-04
3.223326969328804280e-04
3.347301083533757936e-04
3.595249311943666333e-04
3.471275197738712135e-04
3.223326969328804280e-04
3.471275197738712135e-04
3.223326969328804280e-04
3.223326969328804280e-04
3.223326969328804280e-04
3.471275197738712135e-04
2.975378740918895883e-04
3.099352855123850082e-04
3.223326969328804280e-04
3.471275197738712135e-04
3.223326969328804280e-04
3.223326969328804280e-04
3.595249311943666333e-04
3.471275197738712135e-04
3.347301083533757936e-04
3.099352855123850082e-04
3.471275197738712135e-04
3.099352855123850082e-04
3.223326969328804280e-04
3.099352855123850082e-04
3.347301083533757936e-04
2.975378740918895883e-04
3.347301083533757936e-04
3.099352855123850082e-04
3.223326969328804280e-04
3.099352855123850082e-04
2.727430512508988028e-04
3.223326969328804280e-04
2.851404626713942227e-04
3.223326969328804280e-04
3.223326969328804280e-04
3.099352855123850082e-04
2.851404626713942227e-04
2.727430512508988028e-04
2.727430512508988028e-04
2.851404626713942227e-04
3.099352855123850082e-04
2.975378740918895883e-04
2.851404626713942227e-04
2.727430512508988028e-04
2.851404626713942227e-04
2.727430512508988028e-04
2.355508169894125975e-04
2.975378740918895883e-04
2.975378740918895883e-04
2.975378740918895883e-04
2.851404626713942227e-04
2.851404626713942227e-04
2.603456398304034372e-04
2.479482284099080174e-04
2.851404626713942227e-04
2.727430512508988028e-04
2.727430512508988028e-04
2.851404626713942227e-04
2.479482284099080174e-04
2.851404626713942227e-04
2.727430512508988028e-04
2.479482284099080174e-04
2.727430512508988028e-04
2.603456398304034372e-04
2.479482284099080174e-04
2.727430512508988028e-04
2.479482284099080174e-04
2.603456398304034372e-04
2.603456398304034372e-04
2.603456398304034372e-04
2.231534055689172048e-04
2.603456398304034372e-04
2.603456398304034372e-04
2.479482284099080174e-04
2.479482284099080174e-04
2.603456398304034372e-04
2.479482284099080174e-04
2.603456398304034372e-04
2.603456398304034372e-04
2.231534055689172048e-04
2.479482284099080174e-04
2.231534055689172048e-04
2.355508169894125975e-04
2.603456398304034372e-04
2.355508169894125975e-04
1.115767027844586024e-04
2.355508169894125975e-04
1.859611713074309995e-04
2.355508169894125975e-04
2.479482284099080174e-04
2.107559941484218121e-04
2.479482284099080174e-04
1.983585827279264193e-04
2.355508169894125975e-04
2.107559941484218121e-04
2.231534055689172048e-04
2.355508169894125975e-04
2.231534055689172048e-04
2.355508169894125975e-04
2.355508169894125975e-04
2.107559941484218121e-04
2.231534055689172048e-04
2.107559941484218121e-04
2.231534055689172048e-04
2.107559941484218121e-04
1.983585827279264193e-04
1.983585827279264193e-04
1.983585827279264193e-04
1.983585827279264193e-04
1.859611713074309995e-04
2.107559941484218121e-04
1.859611713074309995e-04
2.107559941484218121e-04
1.983585827279264193e-04
2.107559941484218121e-04
2.107559941484218121e-04
2.107559941484218121e-04
1.983585827279264193e-04
1.983585827279264193e-04
1.859611713074309995e-04
1.735637598869356067e-04
2.231534055689172048e-04
2.107559941484218121e-04
1.983585827279264193e-04
1.859611713074309995e-04
1.859611713074309995e-04
2.107559941484218121e-04
2.107559941484218121e-04
1.983585827279264193e-04
1.983585827279264193e-04
2.107559941484218121e-04
2.107559941484218121e-04
1.735637598869356067e-04
1.735637598869356067e-04
1.735637598869356067e-04
1.363715256254494014e-04
1.735637598869356067e-04
1.859611713074309995e-04
1.859611713074309995e-04
1.859611713074309995e-04
1.983585827279264193e-04
1.611663484664402140e-04
1.859611713074309995e-04
1.735637598869356067e-04
1.859611713074309995e-04
1.611663484664402140e-04
1.735637598869356067e-04
1.735637598869356067e-04
1.859611713074309995e-04
1.735637598869356067e-04
1.735637598869356067e-04
1.859611713074309995e-04
1.611663484664402140e-04
1.859611713074309995e-04
1.363715256254494014e-04
1.611663484664402140e-04
1.611663484664402140e-04
1.735637598869356067e-04
1.735637598869356067e-04
1.363715256254494014e-04
1.487689370459447942e-04
1.735637598869356067e-04
1.611663484664402140e-04
1.859611713074309995e-04
1.859611713074309995e-04
1.611663484664402140e-04
1.859611713074309995e-04
1.611663484664402140e-04
1.611663484664402140e-04
1.735637598869356067e-04
1.611663484664402140e-04
1.611663484664402140e-04
1.735637598869356067e-04
1.611663484664402140e-04
1.735637598869356067e-04
1.487689370459447942e-04
1.611663484664402140e-04
1.487689370459447942e-04
1.363715256254494014e-04
1.363715256254494014e-04
1.363715256254494014e-04
1.487689370459447942e-04
1.611663484664402140e-04
1.487689370459447942e-04
1.487689370459447942e-04
1.115767027844586024e-04
1.611663484664402140e-04
1.611663484664402140e-04
1.735637598869356067e-04
1.363715256254494014e-04
1.363715256254494014e-04
1.363715256254494014e-04
1.611663484664402140e-04
1.363715256254494014e-04
1.363715256254494014e-04
3.719223426148619854e-05
1.239741142049540087e-04
1.487689370459447942e-04
1.363715256254494014e-04
1.487689370459447942e-04
1.363715256254494014e-04
1.363715256254494014e-04
1.611663484664402140e-04
1.611663484664402140e-04
1.487689370459447942e-04
1.363715256254494014e-04
1.363715256254494014e-04
1.115767027844586024e-04
1.487689370459447942e-04
1.487689370459447942e-04
1.363715256254494014e-04
1.115767027844586024e-04
1.487689370459447942e-04
1.239741142049540087e-04
1.487689370459447942e-04
1.115767027844586024e-04
1.239741142049540087e-04
1.487689370459447942e-04
1.239741142049540087e-04
1.363715256254494014e-04
1.487689370459447942e-04
2.479482284099080241e-05
1.487689370459447942e-04
1.239741142049540087e-04
1.363715256254494014e-04
1.363715256254494014e-04
1.239741142049540087e-04
1.115767027844586024e-04
1.363715256254494014e-04
1.239741142049540087e-04
1.115767027844586024e-04
1.363715256254494014e-04
1.363715256254494014e-04
1.239741142049540087e-04
1.115767027844586024e-04
1.115767027844586024e-04
1.239741142049540087e-04
9.917929136396320966e-05
1.115767027844586024e-04
1.115767027844586024e-04
1.115767027844586024e-04
1.115767027844586024e-04
1.115767027844586024e-04
1.115767027844586024e-04
1.115767027844586024e-04
1.115767027844586024e-04
1.115767027844586024e-04
1.239741142049540087e-04
1.115767027844586024e-04
1.239741142049540087e-04
1.239741142049540087e-04
8.678187994346780337e-05
1.115767027844586024e-04
1.115767027844586024e-04
9.917929136396320966e-05
1.115767027844586024e-04
1.239741142049540087e-04
1.115767027844586024e-04
1.239741142049540087e-04
1.115767027844586024e-04
1.239741142049540087e-04
9.917929136396320966e-05
7.438446852297239708e-05
1.115767027844586024e-04
1.239741142049540087e-04
1.115767027844586024e-04
1.115767027844586024e-04
1.239741142049540087e-04
1.239741142049540087e-04
1.115767027844586024e-04
1.115767027844586024e-04
1.115767027844586024e-04
1.115767027844586024e-04
1.115767027844586024e-04
8.678187994346780337e-05
9.917929136396320966e-05
7.438446852297239708e-05
9.917929136396320966e-05
1.115767027844586024e-04
9.917929136396320966e-05
9.917929136396320966e-05
8.678187994346780337e-05
1.115767027844586024e-04
1.115767027844586024e-04
1.115767027844586024e-04
9.917929136396320966e-05
8.678187994346780337e-05
7.438446852297239708e-05
9.917929136396320966e-05
8.678187994346780337e-05
9.917929136396320966e-05
7.438446852297239708e-05
9.917929136396320966e-05
9.917929136396320966e-05
9.917929136396320966e-05
9.917929136396320966e-05
9.917929136396320966e-05
8.678187994346780337e-05
9.917929136396320966e-05
8.678187994346780337e-05
9.917929136396320966e-05
9.917929136396320966e-05
7.438446852297239708e-05
7.438446852297239708e-05
8.678187994346780337e-05
8.678187994346780337e-05
7.438446852297239708e-05
8.678187994346780337e-05
9.917929136396320966e-05
6.198705710247700434e-05
8.678187994346780337e-05
8.678187994346780337e-05
8.678187994346780337e-05
7.438446852297239708e-05
8.678187994346780337e-05
9.917929136396320966e-05
9.917929136396320966e-05
9.917929136396320966e-05
7.438446852297239708e-05
8.678187994346780337e-05
9.917929136396320966e-05
9.917929136396320966e-05
9.917929136396320966e-05
9.917929136396320966e-05
7.438446852297239708e-05
7.438446852297239708e-05
9.917929136396320966e-05
8.678187994346780337e-05
8.678187994346780337e-05
7.438446852297239708e-05
7.438446852297239708e-05
9.917929136396320966e-05
0.000000000000000000e+00
7.438446852297239708e-05
6.198705710247700434e-05
8.678187994346780337e-05
6.198705710247700434e-05
7.438446852297239708e-05
7.438446852297239708e-05
6.198705710247700434e-05
8.678187994346780337e-05
7.438446852297239708e-05
8.678187994346780337e-05
8.678187994346780337e-05
4.958964568198160483e-05
8.678187994346780337e-05
7.438446852297239708e-05
8.678187994346780337e-05
6.198705710247700434e-05
7.438446852297239708e-05
7.438446852297239708e-05
7.438446852297239708e-05
7.438446852297239708e-05
7.438446852297239708e-05
6.198705710247700434e-05
6.198705710247700434e-05
6.198705710247700434e-05
7.438446852297239708e-05
7.438446852297239708e-05
7.438446852297239708e-05
6.198705710247700434e-05
6.198705710247700434e-05
4.958964568198160483e-05
6.198705710247700434e-05
7.438446852297239708e-05
7.438446852297239708e-05
7.438446852297239708e-05
4.958964568198160483e-05
6.198705710247700434e-05
6.198705710247700434e-05
6.198705710247700434e-05
7.438446852297239708e-05
6.198705710247700434e-05
2.479482284099080241e-05
7.438446852297239708e-05
7.438446852297239708e-05
6.198705710247700434e-05
6.198705710247700434e-05
7.438446852297239708e-05
4.958964568198160483e-05
7.438446852297239708e-05
6.198705710247700434e-05
6.198705710247700434e-05
6.198705710247700434e-05
7.438446852297239708e-05
6.198705710247700434e-05
7.438446852297239708e-05
6.198705710247700434e-05
7.438446852297239708e-05
6.198705710247700434e-05
6.198705710247700434e-05
7.438446852297239708e-05
7.438446852297239708e-05
0.000000000000000000e+00
7.438446852297239708e-05
7.438446852297239708e-05
7.438446852297239708e-05
6.198705710247700434e-05
7.438446852297239708e-05
7.438446852297239708e-05
7.438446852297239708e-05
6.198705710247700434e-05
6.198705710247700434e-05
3.719223426148619854e-05
7.438446852297239708e-05
7.438446852297239708e-05
7.438446852297239708e-05
6.198705710247700434e-05
6.198705710247700434e-05
7.438446852297239708e-05
6.198705710247700434e-05
7.438446852297239708e-05
6.198705710247700434e-05
6.198705710247700434e-05
6.198705710247700434e-05
3.719223426148619854e-05
6.198705710247700434e-05
4.958964568198160483e-05
6.198705710247700434e-05
6.198705710247700434e-05
6.198705710247700434e-05
4.958964568198160483e-05
6.198705710247700434e-05
6.198705710247700434e-05
6.198705710247700434e-05
4.958964568198160483e-05
4.958964568198160483e-05
6.198705710247700434e-05
3.719223426148619854e-05
6.198705710247700434e-05
6.198705710247700434e-05
6.198705710247700434e-05
6.198705710247700434e-05
6.198705710247700434e-05
6.198705710247700434e-05
4.958964568198160483e-05
6.198705710247700434e-05
6.198705710247700434e-05
6.198705710247700434e-05
6.198705710247700434e-05
6.198705710247700434e-05
6.198705710247700434e-05
6.198705710247700434e-05
3.719223426148619854e-05
1.239741142049540121e-05
6.198705710247700434e-05
6.198705710247700434e-05
6.198705710247700434e-05
4.958964568198160483e-05
6.198705710247700434e-05
4.958964568198160483e-05
4.958964568198160483e-05
3.719223426148619854e-05
4.958964568198160483e-05
4.958964568198160483e-05
4.958964568198160483e-05
4.958964568198160483e-05
4.958964568198160483e-05
4.958964568198160483e-05
4.958964568198160483e-05
4.958964568198160483e-05
3.719223426148619854e-05
0.000000000000000000e+00
4.958964568198160483e-05
4.958964568198160483e-05
4.958964568198160483e-05
4.958964568198160483e-05
2.479482284099080241e-05
3.719223426148619854e-05
4.958964568198160483e-05
0.000000000000000000e+00
4.958964568198160483e-05
4.958964568198160483e-05
2.479482284099080241e-05
4.958964568198160483e-05
4.958964568198160483e-05
1.239741142049540121e-05
3.719223426148619854e-05
4.958964568198160483e-05
4.958964568198160483e-05
4.958964568198160483e-05
4.958964568198160483e-05
2.479482284099080241e-05
4.958964568198160483e-05
4.958964568198160483e-05
2.479482284099080241e-05
4.958964568198160483e-05
4.958964568198160483e-05
3.719223426148619854e-05
4.958964568198160483e-05
3.719223426148619854e-05
4.958964568198160483e-05
