2.585083003265498808e-02
2.136852953227628971e-02
2.129403146301791713e-02
1.888526055699723052e-02
1.769329144886328323e-02
1.743254820645898095e-02
1.411738412446144134e-02
1.394355529619190764e-02
1.268950446367598378e-02
1.241634487639528724e-02
1.221768335837296153e-02
1.148511901066564048e-02
1.119954307850854792e-02
9.287425967543673846e-03
9.138429829026930434e-03
9.138429829026930434e-03
8.865270241746233890e-03
8.393449136443213374e-03
8.269285687679260241e-03
8.095456859409726549e-03
8.256869342802865969e-03
8.033375135027749983e-03
7.884378996511006571e-03
7.660884788735892320e-03
7.424974236084381195e-03
7.350476166826009489e-03
7.164230993680080657e-03
7.126981959050894370e-03
6.828989682017407546e-03
6.977985820534150958e-03
6.779324302511826987e-03
6.605495474242292428e-03
6.406833956219967589e-03
6.369584921590782170e-03
6.257837817703224177e-03
6.071592644557295346e-03
5.972261885546133360e-03
5.872931126534970507e-03
5.885347471411365647e-03
5.661853263636250529e-03
5.810849402152993941e-03
5.711518643141831955e-03
5.612187884130669970e-03
5.500440780243111977e-03
5.488024435366716837e-03
5.450775400737530550e-03
5.090701399322067160e-03
5.264530227591601719e-03
5.239697537838811439e-03
4.718211053030208629e-03
4.482300500378698371e-03
4.705794708153813490e-03
4.569214914513465217e-03
4.556798569637070077e-03
4.482300500378698371e-03
4.519549535007884658e-03
4.395386086243931525e-03
4.320888016985559819e-03
4.382969741367536386e-03
4.122226498963234981e-03
4.221557257974397834e-03
4.147059188716026128e-03
4.209140913098001827e-03
3.973230360446491569e-03
4.060144774581258414e-03
3.712487118042190597e-03
3.749736152671376450e-03
3.712487118042190597e-03
3.762152497547772024e-03
3.762152497547772024e-03
3.675238083413004744e-03
3.551074634649052045e-03
3.675238083413004744e-03
3.551074634649052045e-03
3.650405393660214465e-03
3.302747737121146214e-03
3.116502563975216949e-03
3.191000633233588655e-03
3.128918908851612089e-03
3.240666012739169648e-03
3.104086219098821809e-03
3.029588149840450103e-03
2.930257390829287684e-03
3.017171804964054529e-03
2.880592011323706691e-03
2.868175666447311117e-03
2.830926631818125264e-03
2.744012217683358418e-03
2.893008356200101831e-03
2.806093942065334985e-03
2.793677597188939411e-03
2.744012217683358418e-03
2.843342976694520838e-03
2.731595872806963279e-03
2.818510286941730125e-03
2.719179527930567705e-03
2.793677597188939411e-03
2.756428562559753558e-03
2.532934354784638440e-03
2.582599734290219433e-03
2.744012217683358418e-03
2.644681458672195999e-03
2.657097803548591573e-03
2.408770906020685741e-03
2.582599734290219433e-03
2.433603595773476021e-03
2.433603595773476021e-03
2.371521871391499888e-03
2.334272836762314035e-03
2.359105526515104315e-03
2.396354561144290168e-03
2.359105526515104315e-03
2.272191112380337469e-03
2.210109387998360903e-03
2.210109387998360903e-03
2.148027663616384770e-03
2.123194973863594057e-03
2.160444008492779910e-03
2.085945939234408204e-03
2.073529594358013064e-03
2.073529594358013064e-03
2.023864214852431637e-03
1.961782490470455505e-03
2.011447869976036498e-03
2.011447869976036498e-03
1.899700766088478938e-03
1.986615180223245784e-03
1.899700766088478938e-03
1.986615180223245784e-03
1.949366145594059931e-03
1.961782490470455505e-03
1.974198835346850645e-03
1.924533455841269435e-03
1.837619041706502372e-03
1.874868076335688225e-03
1.750704627571735526e-03
1.837619041706502372e-03
1.812786351953711876e-03
1.800370007077316519e-03
1.787953662200921379e-03
1.626541178807782611e-03
1.651373868560573107e-03
1.688622903189758960e-03
1.614124833931387254e-03
1.638957523684177750e-03
1.676206558313363820e-03
1.750704627571735526e-03
1.601708489054991897e-03
1.626541178807782611e-03
1.626541178807782611e-03
1.601708489054991897e-03
1.539626764673015548e-03
1.589292144178596758e-03
1.552043109549410905e-03
1.477545040291039198e-03
1.477545040291039198e-03
1.489961385167434338e-03
1.489961385167434338e-03
1.427879660785457989e-03
1.514794074920225051e-03
1.502377730043829695e-03
1.477545040291039198e-03
1.514794074920225051e-03
1.427879660785457989e-03
1.440296005661853345e-03
1.403046971032667492e-03
1.452712350538248485e-03
1.403046971032667492e-03
1.328548901774295786e-03
1.415463315909062632e-03
1.378214281279876779e-03
1.328548901774295786e-03
1.241634487639528724e-03
1.316132556897900430e-03
1.328548901774295786e-03
1.254050832515923863e-03
1.353381591527086283e-03
1.278883522268714577e-03
1.291299867145109716e-03
1.365797936403481639e-03
1.266467177392319220e-03
1.266467177392319220e-03
1.229218142763133367e-03
1.316132556897900430e-03
1.266467177392319220e-03
1.291299867145109716e-03
1.241634487639528724e-03
1.216801797886738010e-03
1.254050832515923863e-03
1.179552763257552157e-03
1.167136418381157018e-03
1.204385453010342871e-03
1.142303728628366304e-03
1.092638349122785311e-03
1.117471038875575808e-03
1.080222004246389955e-03
1.117471038875575808e-03
1.105054693999180451e-03
1.179552763257552157e-03
1.105054693999180451e-03
1.105054693999180451e-03
1.055389314493599458e-03
1.055389314493599458e-03
1.067805659369994598e-03
9.560585554824370391e-04
1.055389314493599458e-03
1.067805659369994598e-03
1.018140279864413605e-03
1.018140279864413605e-03
9.436422106060417909e-04
9.684749003588323957e-04
1.105054693999180451e-03
1.005723934988018249e-03
1.080222004246389955e-03
9.808912452352277524e-04
1.005723934988018249e-03
1.018140279864413605e-03
9.684749003588323957e-04
9.808912452352277524e-04
1.030556624740808745e-03
9.808912452352277524e-04
9.063931759768559379e-04
9.560585554824370391e-04
9.436422106060417909e-04
9.560585554824370391e-04
9.933075901116228922e-04
8.443114515948794800e-04
9.560585554824370391e-04
9.560585554824370391e-04
9.188095208532511861e-04
9.063931759768559379e-04
9.436422106060417909e-04
8.443114515948794800e-04
8.691441413476700848e-04
8.567277964712748366e-04
9.188095208532511861e-04
8.815604862240653330e-04
8.815604862240653330e-04
8.443114515948794800e-04
7.698133823365077739e-04
7.573970374601125257e-04
8.194787618420888752e-04
8.194787618420888752e-04
7.946460720892983788e-04
7.822297272129030222e-04
7.573970374601125257e-04
7.698133823365077739e-04
7.573970374601125257e-04
7.822297272129030222e-04
7.201480028309266727e-04
8.070624169656936270e-04
7.946460720892983788e-04
7.698133823365077739e-04
7.201480028309266727e-04
7.573970374601125257e-04
7.325643477073219209e-04
7.449806925837171691e-04
7.449806925837171691e-04
7.077316579545313161e-04
7.573970374601125257e-04
7.077316579545313161e-04
6.828989682017408197e-04
7.573970374601125257e-04
7.201480028309266727e-04
7.077316579545313161e-04
6.704826233253454630e-04
6.208172438197643618e-04
6.208172438197643618e-04
6.084008989433690052e-04
6.704826233253454630e-04
6.704826233253454630e-04
6.828989682017408197e-04
6.456499335725548582e-04
6.456499335725548582e-04
6.456499335725548582e-04
6.208172438197643618e-04
6.208172438197643618e-04
6.580662784489502148e-04
6.456499335725548582e-04
6.456499335725548582e-04
6.084008989433690052e-04
5.959845540669737570e-04
6.084008989433690052e-04
6.456499335725548582e-04
5.835682091905785088e-04
6.084008989433690052e-04
6.208172438197643618e-04
6.084008989433690052e-04
5.463191745613926557e-04
5.587355194377879039e-04
5.959845540669737570e-04
6.208172438197643618e-04
5.711518643141831521e-04
5.711518643141831521e-04
5.835682091905785088e-04
5.587355194377879039e-04
5.339028296849972991e-04
5.339028296849972991e-04
5.339028296849972991e-04
5.711518643141831521e-04
5.835682091905785088e-04
5.835682091905785088e-04
5.959845540669737570e-04
5.587355194377879039e-04
5.835682091905785088e-04
5.463191745613926557e-04
5.214864848086020509e-04
5.463191745613926557e-04
5.339028296849972991e-04
5.090701399322068027e-04
5.339028296849972991e-04
5.339028296849972991e-04
5.463191745613926557e-04
5.214864848086020509e-04
4.966537950558114461e-04
5.339028296849972991e-04
5.463191745613926557e-04
4.966537950558114461e-04
4.097393809210444376e-04
5.587355194377879039e-04
4.966537950558114461e-04
4.966537950558114461e-04
4.966537950558114461e-04
5.090701399322068027e-04
4.966537950558114461e-04
4.718211053030208955e-04
5.214864848086020509e-04
5.214864848086020509e-04
4.594047604266255930e-04
4.966537950558114461e-04
5.214864848086020509e-04
4.966537950558114461e-04
4.966537950558114461e-04
5.214864848086020509e-04
4.469884155502303448e-04
4.842374501794161979e-04
4.966537950558114461e-04
4.345720706738350424e-04
4.966537950558114461e-04
4.345720706738350424e-04
4.594047604266255930e-04
4.469884155502303448e-04
4.718211053030208955e-04
4.842374501794161979e-04
4.345720706738350424e-04
4.469884155502303448e-04
4.718211053030208955e-04
4.718211053030208955e-04
4.221557257974397400e-04
4.718211053030208955e-04
4.221557257974397400e-04
4.097393809210444376e-04
4.469884155502303448e-04
4.345720706738350424e-04
4.718211053030208955e-04
4.594047604266255930e-04
4.221557257974397400e-04
4.345720706738350424e-04
4.221557257974397400e-04
4.221557257974397400e-04
4.097393809210444376e-04
4.097393809210444376e-04
4.345720706738350424e-04
4.097393809210444376e-04
4.345720706738350424e-04
3.973230360446491894e-04
3.724903462918585846e-04
4.221557257974397400e-04
3.973230360446491894e-04
3.849066911682538870e-04
3.973230360446491894e-04
4.345720706738350424e-04
3.849066911682538870e-04
3.973230360446491894e-04
3.724903462918585846e-04
3.724903462918585846e-04
3.849066911682538870e-04
3.973230360446491894e-04
4.097393809210444376e-04
3.724903462918585846e-04
4.097393809210444376e-04
4.097393809210444376e-04
3.600740014154633364e-04
3.600740014154633364e-04
3.849066911682538870e-04
3.849066911682538870e-04
3.849066911682538870e-04
3.724903462918585846e-04
3.849066911682538870e-04
3.849066911682538870e-04
3.476576565390680339e-04
3.600740014154633364e-04
3.849066911682538870e-04
3.724903462918585846e-04
3.476576565390680339e-04
3.724903462918585846e-04
3.600740014154633364e-04
3.973230360446491894e-04
3.973230360446491894e-04
3.849066911682538870e-04
3.600740014154633364e-04
3.600740014154633364e-04
3.352413116626727315e-04
3.104086219098821809e-04
3.600740014154633364e-04
3.352413116626727315e-04
3.600740014154633364e-04
3.724903462918585846e-04
3.352413116626727315e-04
2.855759321570915761e-04
3.476576565390680339e-04
3.849066911682538870e-04
3.104086219098821809e-04
3.476576565390680339e-04
3.352413116626727315e-04
2.855759321570915761e-04
3.352413116626727315e-04
3.352413116626727315e-04
2.855759321570915761e-04
3.476576565390680339e-04
2.979922770334868785e-04
2.979922770334868785e-04
3.600740014154633364e-04
3.476576565390680339e-04
2.979922770334868785e-04
3.104086219098821809e-04
3.104086219098821809e-04
3.104086219098821809e-04
2.979922770334868785e-04
3.104086219098821809e-04
3.228249667862774291e-04
2.855759321570915761e-04
3.228249667862774291e-04
3.228249667862774291e-04
3.228249667862774291e-04
3.228249667862774291e-04
3.228249667862774291e-04
3.228249667862774291e-04
2.979922770334868785e-04
2.855759321570915761e-04
2.855759321570915761e-04
2.607432424043010255e-04
2.979922770334868785e-04
2.855759321570915761e-04
3.104086219098821809e-04
2.979922770334868785e-04
2.731595872806963279e-04
2.979922770334868785e-04
2.979922770334868785e-04
2.979922770334868785e-04
3.104086219098821809e-04
2.855759321570915761e-04
2.855759321570915761e-04
2.731595872806963279e-04
2.607432424043010255e-04
2.731595872806963279e-04
3.104086219098821809e-04
3.104086219098821809e-04
2.855759321570915761e-04
2.607432424043010255e-04
2.483268975279057230e-04
2.731595872806963279e-04
2.607432424043010255e-04
2.731595872806963279e-04
2.731595872806963279e-04
2.483268975279057230e-04
2.607432424043010255e-04
2.359105526515104477e-04
2.731595872806963279e-04
2.359105526515104477e-04
2.483268975279057230e-04
2.607432424043010255e-04
2.607432424043010255e-04
2.855759321570915761e-04
2.731595872806963279e-04
2.607432424043010255e-04
2.483268975279057230e-04
2.607432424043010255e-04
2.110778628987198700e-04
2.359105526515104477e-04
2.607432424043010255e-04
2.359105526515104477e-04
2.359105526515104477e-04
2.731595872806963279e-04
2.359105526515104477e-04
2.483268975279057230e-04
2.234942077751151724e-04
2.359105526515104477e-04
2.483268975279057230e-04
2.234942077751151724e-04
2.483268975279057230e-04
2.234942077751151724e-04
2.359105526515104477e-04
2.607432424043010255e-04
2.359105526515104477e-04
2.110778628987198700e-04
2.483268975279057230e-04
2.359105526515104477e-04
2.234942077751151724e-04
1.986615180223245947e-04
2.234942077751151724e-04
2.359105526515104477e-04
2.234942077751151724e-04
2.359105526515104477e-04
2.110778628987198700e-04
2.234942077751151724e-04
1.862451731459292923e-04
2.110778628987198700e-04
1.738288282695340170e-04
2.234942077751151724e-04
1.986615180223245947e-04
2.359105526515104477e-04
2.110778628987198700e-04
1.986615180223245947e-04
2.110778628987198700e-04
1.489961385167434392e-04
2.110778628987198700e-04
1.489961385167434392e-04
1.986615180223245947e-04
1.986615180223245947e-04
1.862451731459292923e-04
1.738288282695340170e-04
1.862451731459292923e-04
2.110778628987198700e-04
1.738288282695340170e-04
1.738288282695340170e-04
2.234942077751151724e-04
2.110778628987198700e-04
1.986615180223245947e-04
1.862451731459292923e-04
2.234942077751151724e-04
1.986615180223245947e-04
1.986615180223245947e-04
1.862451731459292923e-04
1.862451731459292923e-04
1.862451731459292923e-04
1.738288282695340170e-04
1.862451731459292923e-04
1.738288282695340170e-04
2.110778628987198700e-04
1.862451731459292923e-04
1.862451731459292923e-04
1.738288282695340170e-04
1.489961385167434392e-04
1.862451731459292923e-04
1.738288282695340170e-04
1.862451731459292923e-04
1.738288282695340170e-04
1.738288282695340170e-04
1.862451731459292923e-04
1.738288282695340170e-04
1.862451731459292923e-04
1.986615180223245947e-04
1.614124833931387146e-04
1.614124833931387146e-04
1.738288282695340170e-04
1.862451731459292923e-04
1.862451731459292923e-04
1.862451731459292923e-04
1.986615180223245947e-04
1.614124833931387146e-04
1.489961385167434392e-04
1.365797936403481639e-04
1.365797936403481639e-04
1.738288282695340170e-04
1.614124833931387146e-04
1.614124833931387146e-04
1.738288282695340170e-04
1.738288282695340170e-04
1.614124833931387146e-04
1.738288282695340170e-04
1.862451731459292923e-04
1.862451731459292923e-04
1.365797936403481639e-04
1.738288282695340170e-04
1.365797936403481639e-04
1.738288282695340170e-04
1.489961385167434392e-04
1.738288282695340170e-04
1.738288282695340170e-04
1.489961385167434392e-04
1.489961385167434392e-04
1.738288282695340170e-04
1.738288282695340170e-04
1.489961385167434392e-04
1.365797936403481639e-04
1.614124833931387146e-04
1.489961385167434392e-04
1.365797936403481639e-04
1.738288282695340170e-04
1.489961385167434392e-04
1.614124833931387146e-04
1.614124833931387146e-04
1.365797936403481639e-04
1.738288282695340170e-04
1.365797936403481639e-04
1.614124833931387146e-04
1.489961385167434392e-04
1.489961385167434392e-04
1.489961385167434392e-04
1.614124833931387146e-04
1.489961385167434392e-04
1.489961385167434392e-04
1.489961385167434392e-04
1.365797936403481639e-04
1.241634487639528615e-04
1.489961385167434392e-04
1.614124833931387146e-04
1.614124833931387146e-04
1.489961385167434392e-04
1.614124833931387146e-04
1.614124833931387146e-04
1.117471038875575862e-04
1.365797936403481639e-04
1.489961385167434392e-04
1.241634487639528615e-04
1.489961385167434392e-04
1.489961385167434392e-04
1.241634487639528615e-04
1.241634487639528615e-04
1.489961385167434392e-04
1.241634487639528615e-04
1.365797936403481639e-04
1.117471038875575862e-04
1.241634487639528615e-04
1.489961385167434392e-04
1.241634487639528615e-04
1.117471038875575862e-04
1.489961385167434392e-04
1.489961385167434392e-04
1.241634487639528615e-04
1.241634487639528615e-04
1.489961385167434392e-04
1.365797936403481639e-04
1.241634487639528615e-04
1.365797936403481639e-04
1.117471038875575862e-04
1.241634487639528615e-04
1.117471038875575862e-04
1.117471038875575862e-04
1.241634487639528615e-04
1.241634487639528615e-04
8.691441413476700848e-05
1.241634487639528615e-04
8.691441413476700848e-05
1.241634487639528615e-04
1.241634487639528615e-04
7.449806925837171962e-05
1.241634487639528615e-04
9.933075901116229735e-05
8.691441413476700848e-05
1.241634487639528615e-04
1.241634487639528615e-04
1.241634487639528615e-04
8.691441413476700848e-05
9.933075901116229735e-05
1.117471038875575862e-04
1.241634487639528615e-04
1.117471038875575862e-04
1.117471038875575862e-04
7.449806925837171962e-05
1.117471038875575862e-04
9.933075901116229735e-05
9.933075901116229735e-05
1.117471038875575862e-04
1.241634487639528615e-04
1.117471038875575862e-04
1.241634487639528615e-04
1.241634487639528615e-04
8.691441413476700848e-05
9.933075901116229735e-05
1.117471038875575862e-04
1.117471038875575862e-04
1.241634487639528615e-04
1.117471038875575862e-04
1.241634487639528615e-04
1.241634487639528615e-04
1.241634487639528615e-04
1.117471038875575862e-04
1.241634487639528615e-04
1.241634487639528615e-04
8.691441413476700848e-05
8.691441413476700848e-05
1.117471038875575862e-04
9.933075901116229735e-05
9.933075901116229735e-05
8.691441413476700848e-05
9.933075901116229735e-05
1.117471038875575862e-04
1.117471038875575862e-04
1.117471038875575862e-04
8.691441413476700848e-05
1.117471038875575862e-04
9.933075901116229735e-05
8.691441413476700848e-05
9.933075901116229735e-05
9.933075901116229735e-05
8.691441413476700848e-05
8.691441413476700848e-05
9.933075901116229735e-05
7.449806925837171962e-05
8.691441413476700848e-05
6.208172438197643076e-05
6.208172438197643076e-05
8.691441413476700848e-05
7.449806925837171962e-05
9.933075901116229735e-05
8.691441413476700848e-05
7.449806925837171962e-05
4.966537950558114867e-05
8.691441413476700848e-05
8.691441413476700848e-05
9.933075901116229735e-05
7.449806925837171962e-05
8.691441413476700848e-05
9.933075901116229735e-05
9.933075901116229735e-05
8.691441413476700848e-05
9.933075901116229735e-05
8.691441413476700848e-05
9.933075901116229735e-05
9.933075901116229735e-05
9.933075901116229735e-05
7.449806925837171962e-05
9.933075901116229735e-05
9.933075901116229735e-05
8.691441413476700848e-05
9.933075901116229735e-05
9.933075901116229735e-05
8.691441413476700848e-05
8.691441413476700848e-05
9.933075901116229735e-05
9.933075901116229735e-05
9.933075901116229735e-05
8.691441413476700848e-05
7.449806925837171962e-05
7.449806925837171962e-05
8.691441413476700848e-05
8.691441413476700848e-05
6.208172438197643076e-05
9.933075901116229735e-05
8.691441413476700848e-05
7.449806925837171962e-05
7.449806925837171962e-05
6.208172438197643076e-05
6.208172438197643076e-05
6.208172438197643076e-05
7.449806925837171962e-05
7.449806925837171962e-05
8.691441413476700848e-05
8.691441413476700848e-05
8.691441413476700848e-05
8.691441413476700848e-05
4.966537950558114867e-05
7.449806925837171962e-05
4.966537950558114867e-05
7.449806925837171962e-05
7.449806925837171962e-05
6.208172438197643076e-05
7.449806925837171962e-05
6.208172438197643076e-05
7.449806925837171962e-05
4.966537950558114867e-05
7.449806925837171962e-05
7.449806925837171962e-05
6.208172438197643076e-05
7.449806925837171962e-05
7.449806925837171962e-05
7.449806925837171962e-05
7.449806925837171962e-05
7.449806925837171962e-05
6.208172438197643076e-05
7.449806925837171962e-05
7.449806925837171962e-05
6.208172438197643076e-05
6.208172438197643076e-05
4.966537950558114867e-05
7.449806925837171962e-05
6.208172438197643076e-05
7.449806925837171962e-05
6.208172438197643076e-05
6.208172438197643076e-05
7.449806925837171962e-05
7.449806925837171962e-05
6.208172438197643076e-05
4.966537950558114867e-05
7.449806925837171962e-05
6.208172438197643076e-05
6.208172438197643076e-05
4.966537950558114867e-05
7.449806925837171962e-05
7.449806925837171962e-05
7.449806925837171962e-05
7.449806925837171962e-05
6.208172438197643076e-05
6.208172438197643076e-05
7.449806925837171962e-05
6.208172438197643076e-05
6.208172438197643076e-05
7.449806925837171962e-05
7.449806925837171962e-05
7.449806925837171962e-05
7.449806925837171962e-05
6.208172438197643076e-05
7.449806925837171962e-05
4.966537950558114867e-05
6.208172438197643076e-05
7.449806925837171962e-05
7.449806925837171962e-05
4.966537950558114867e-05
7.449806925837171962e-05
6.208172438197643076e-05
7.449806925837171962e-05
4.966537950558114867e-05
6.208172438197643076e-05
6.208172438197643076e-05
4.966537950558114867e-05
6.208172438197643076e-05
7.449806925837171962e-05
7.449806925837171962e-05
6.208172438197643076e-05
3.724903462918585981e-05
6.208172438197643076e-05
4.966537950558114867e-05
4.966537950558114867e-05
3.724903462918585981e-05
4.966537950558114867e-05
4.966537950558114867e-05
6.208172438197643076e-05
3.724903462918585981e-05
4.966537950558114867e-05
4.966537950558114867e-05
3.724903462918585981e-05
3.724903462918585981e-05
4.966537950558114867e-05
3.724903462918585981e-05
4.966537950558114867e-05
3.724903462918585981e-05
6.208172438197643076e-05
6.208172438197643076e-05
6.208172438197643076e-05
4.966537950558114867e-05
6.208172438197643076e-05
3.724903462918585981e-05
4.966537950558114867e-05
4.966537950558114867e-05
4.966537950558114867e-05
4.966537950558114867e-05
6.208172438197643076e-05
6.208172438197643076e-05
4.966537950558114867e-05
4.966537950558114867e-05
6.208172438197643076e-05
4.966537950558114867e-05
4.966537950558114867e-05
6.208172438197643076e-05
3.724903462918585981e-05
6.208172438197643076e-05
3.724903462918585981e-05
4.966537950558114867e-05
3.724903462918585981e-05
4.966537950558114867e-05
4.966537950558114867e-05
2.483268975279057434e-05
4.966537950558114867e-05
3.724903462918585981e-05
4.966537950558114867e-05
4.966537950558114867e-05
4.966537950558114867e-05
4.966537950558114867e-05
4.966537950558114867e-05
3.724903462918585981e-05
4.966537950558114867e-05
4.966537950558114867e-05
4.966537950558114867e-05
3.724903462918585981e-05
4.966537950558114867e-05
4.966537950558114867e-05
4.966537950558114867e-05
4.966537950558114867e-05
3.724903462918585981e-05
3.724903462918585981e-05
3.724903462918585981e-05
2.483268975279057434e-05
3.724903462918585981e-05
4.966537950558114867e-05
4.966537950558114867e-05
4.966537950558114867e-05
4.966537950558114867e-05
4.966537950558114867e-05
4.966537950558114867e-05
4.966537950558114867e-05
3.724903462918585981e-05
3.724903462918585981e-05
4.966537950558114867e-05
4.966537950558114867e-05
4.966537950558114867e-05
4.966537950558114867e-05
4.966537950558114867e-05
4.966537950558114867e-05
