2.249946834904657106e-02
2.428581555256255700e-02
2.421492875877223963e-02
2.150705323598213481e-02
2.021691358899837046e-02
1.933791734599844131e-02
1.613383426667611836e-02
1.375203799532147102e-02
1.196569079180548681e-02
1.396469837669242139e-02
1.012263415325724732e-02
7.216275607854256806e-03
1.179556248670872616e-02
1.061884170978946544e-02
6.252215212305947331e-03
8.789962429999291504e-03
9.314524704047635537e-03
9.498830367902460006e-03
9.456298291628270278e-03
4.480045367548026077e-03
9.130219040192812802e-03
9.186928475225066351e-03
8.818317147515417412e-03
8.293754873467073380e-03
8.492237896079959936e-03
8.251222797192883651e-03
3.388388743177146115e-03
6.479052952434961529e-03
1.715460409725668139e-03
7.953498263273552082e-03
7.755015240660664659e-03
7.556532218047778103e-03
7.272985042886510355e-03
7.287162401644573309e-03
4.423335932515772527e-03
4.777769901467356778e-03
6.833486921386545780e-03
6.720068051322038681e-03
6.734245410080102502e-03
3.374211384419082728e-03
6.379811441128517384e-03
6.408166158644644159e-03
6.422343517402707980e-03
5.940313319628552809e-03
2.452683065144963415e-03
6.238037853547884377e-03
5.585879350676968558e-03
6.011200113418870179e-03
5.997022754660806358e-03
1.034947189338626195e-03
3.955483093499681177e-03
5.387396328064082002e-03
4.721060466435103228e-03
3.884596299709364240e-03
3.345856666902955953e-03
5.146381229177003983e-03
5.032962359112497751e-03
3.615226483306159880e-03
1.474445310838590770e-03
4.678528390160912633e-03
4.295739703693201607e-03
4.621818955128659950e-03
4.820301977741546506e-03
3.998015169773870905e-03
4.536754802580279626e-03
4.210675551144822150e-03
3.274969873112639016e-03
3.189905720564258692e-03
4.224852909902885104e-03
4.239030268660948057e-03
3.671935918338413429e-03
3.912951017225490581e-03
2.523569858935280352e-03
3.827886864677110691e-03
4.182320833628695375e-03
3.686113277096476817e-03
3.048132132983625252e-03
3.657758559580350042e-03
3.586871765790033105e-03
3.714467994612603591e-03
3.558517048273906764e-03
3.416743460693272890e-03
3.360034025661019341e-03
3.360034025661019341e-03
3.260792514354575629e-03
3.289147231870702404e-03
2.183313248741759489e-03
2.835471751612674441e-03
2.268377401290139813e-03
3.175728361806195305e-03
3.204083079322322079e-03
3.147373644290068963e-03
3.218260438080385467e-03
2.665343446515914226e-03
3.161551003048131917e-03
3.119018926773942189e-03
3.204083079322322079e-03
3.005600056709435090e-03
5.670943503225349533e-04
1.148366059403133294e-03
3.033954774225561864e-03
2.778762316580420891e-03
3.019777415467498477e-03
2.679520805273977613e-03
2.920535904161054765e-03
2.792939675338484279e-03
2.636988728999787451e-03
2.580279293967533902e-03
2.679520805273977613e-03
2.707875522790104388e-03
2.835471751612674427e-05
2.707875522790104388e-03
9.924151130644360327e-04
1.417735875806337214e-05
1.446090593322463995e-03
2.381796271354646478e-03
2.438505706386900028e-03
1.417735875806337214e-05
2.254200042532076426e-03
1.531154745870844320e-03
2.381796271354646478e-03
2.154958531225632714e-03
8.081094492096122135e-04
2.310909477564329975e-03
2.310909477564329975e-03
2.183313248741759489e-03
6.663358616289785565e-04
2.183313248741759489e-03
2.282554760048203200e-03
2.240022683774013038e-03
2.254200042532076426e-03
2.268377401290139813e-03
2.140781172467569327e-03
2.112426454951442552e-03
2.154958531225632714e-03
1.984830226128872065e-03
2.112426454951442552e-03
1.417735875806337214e-05
2.013184943644998840e-03
1.843056638548238408e-03
1.871411356064365183e-03
1.134188700645069907e-03
1.942298149854682120e-03
1.828879279790175021e-03
1.885588714822428570e-03
1.928120791096618733e-03
1.346849082016020500e-03
1.843056638548238408e-03
1.871411356064365183e-03
1.871411356064365183e-03
1.843056638548238408e-03
1.772169844757921688e-03
1.474445310838590770e-03
1.701283050967604860e-04
1.460267952080527383e-03
1.701283050967604751e-03
5.670943503225349533e-04
1.417735875806337214e-05
1.644573615935351202e-03
1.275962288225703509e-04
1.658750974693414589e-03
1.431913234564400608e-03
1.743815127241794913e-03
1.644573615935351202e-03
1.658750974693414589e-03
4.536754802580279084e-04
1.672928333451477977e-03
1.587864180903097652e-03
1.516977387112780932e-03
1.630396257177287814e-03
1.587864180903097652e-03
1.531154745870844320e-03
1.105833983128943132e-03
1.460267952080527383e-03
1.531154745870844320e-03
1.219252853193450014e-03
1.559509463386971094e-03
1.417735875806337221e-03
1.431913234564400608e-03
1.573686822145034482e-03
1.304317005741830338e-03
1.361026440774083888e-03
9.924151130644360327e-05
1.148366059403133294e-03
1.403558517048273833e-03
1.488622669596654157e-03
1.984830226128872065e-04
1.403558517048273833e-03
9.498830367902459789e-04
1.361026440774083888e-03
3.827886864677110799e-04
1.389381158290210446e-03
1.318494364499893726e-03
1.261784929467640176e-03
1.290139646983766951e-03
1.247607570709576789e-03
1.247607570709576789e-03
1.275962288225703564e-03
1.361026440774083888e-03
1.233430211951513401e-03
1.275962288225703564e-03
1.205075494435386627e-03
1.176720776919259852e-03
7.939320904515488261e-04
9.357056780321825916e-04
1.219252853193450014e-03
1.233430211951513401e-03
7.372226554192953850e-04
1.176720776919259852e-03
1.063301906854752970e-03
9.073509605160558168e-04
1.275962288225703564e-03
1.162543418161196464e-03
1.049124548096689582e-03
4.536754802580279084e-04
1.162543418161196464e-03
1.176720776919259852e-03
1.120011341887006519e-03
1.275962288225703509e-04
1.190898135677323239e-03
1.134188700645069907e-03
8.506415254838024299e-05
1.105833983128943132e-03
1.091656624370879744e-03
1.105833983128943132e-03
1.148366059403133294e-03
9.782377543063726453e-04
9.782377543063726453e-04
1.105833983128943132e-03
1.063301906854752970e-03
7.797547316934855472e-04
1.091656624370879744e-03
5.954490678386616196e-04
1.006592471822499420e-03
9.357056780321825916e-04
1.063301906854752970e-03
8.081094492096122135e-04
1.020769830580562807e-03
9.782377543063726453e-04
8.931736017579925378e-04
7.939320904515488261e-04
7.088679379031686103e-04
9.498830367902459789e-04
9.215283192741192042e-04
9.073509605160558168e-04
8.789962429999291504e-04
8.931736017579925378e-04
8.789962429999291504e-04
1.275962288225703509e-04
8.364641667257389883e-04
9.357056780321825916e-04
9.215283192741192042e-04
4.394981214999645752e-04
7.230452966612319976e-04
8.789962429999291504e-04
8.506415254838023757e-04
8.648188842418657631e-04
8.648188842418657631e-04
6.521585028709151691e-04
1.417735875806337214e-05
8.222868079676756009e-04
7.797547316934855472e-04
8.789962429999291504e-04
8.364641667257389883e-04
8.222868079676756009e-04
7.655773729354221598e-04
2.126603813709505939e-04
6.521585028709151691e-04
3.119018926773941972e-04
1.417735875806337383e-04
7.797547316934855472e-04
7.939320904515488261e-04
6.521585028709151691e-04
7.514000141773587724e-04
7.514000141773587724e-04
7.230452966612319976e-04
7.230452966612319976e-04
7.655773729354221598e-04
7.514000141773587724e-04
6.379811441128517818e-04
7.088679379031686103e-04
6.379811441128517818e-04
7.088679379031686103e-04
7.088679379031686103e-04
1.275962288225703509e-04
7.088679379031686103e-04
6.946905791451052229e-04
7.088679379031686103e-04
6.379811441128517818e-04
6.521585028709151691e-04
6.946905791451052229e-04
7.230452966612319976e-04
4.678528390160912958e-04
4.962075565322180163e-04
6.805132203870419439e-04
2.268377401290139542e-04
1.417735875806337214e-05
6.238037853547883944e-04
6.238037853547883944e-04
6.663358616289785565e-04
6.805132203870419439e-04
6.805132203870419439e-04
6.946905791451052229e-04
1.417735875806337214e-05
6.805132203870419439e-04
6.379811441128517818e-04
6.096264265967250070e-04
6.096264265967250070e-04
4.536754802580279084e-04
4.820301977741546832e-04
6.238037853547883944e-04
6.238037853547883944e-04
6.379811441128517818e-04
7.088679379031686916e-05
5.812717090805982322e-04
6.238037853547883944e-04
6.379811441128517818e-04
5.812717090805982322e-04
4.820301977741546832e-04
6.521585028709151691e-04
5.812717090805982322e-04
5.812717090805982322e-04
5.812717090805982322e-04
5.387396328064081785e-04
3.969660452257744131e-04
5.245622740483447911e-04
5.812717090805982322e-04
4.111434039838378005e-04
4.962075565322180163e-04
5.812717090805982322e-04
6.096264265967250070e-04
5.812717090805982322e-04
5.529169915644715659e-04
6.096264265967250070e-04
4.678528390160912958e-04
5.670943503225349533e-04
5.812717090805982322e-04
3.119018926773941972e-04
5.812717090805982322e-04
5.103849152902814037e-04
2.835471751612674766e-04
5.245622740483447911e-04
5.529169915644715659e-04
5.670943503225349533e-04
5.103849152902814037e-04
5.245622740483447911e-04
5.529169915644715659e-04
5.529169915644715659e-04
4.962075565322180163e-04
4.820301977741546832e-04
4.962075565322180163e-04
3.686113277096476925e-04
2.977245339193308098e-04
5.103849152902814037e-04
3.544339689515843051e-04
5.387396328064081785e-04
4.962075565322180163e-04
4.253207627419011878e-04
4.962075565322180163e-04
4.253207627419011878e-04
4.820301977741546832e-04
1.417735875806337214e-05
5.103849152902814037e-04
3.827886864677110799e-04
5.103849152902814037e-04
4.253207627419011878e-04
4.394981214999645752e-04
4.962075565322180163e-04
4.536754802580279084e-04
2.410150988870773416e-04
4.678528390160912958e-04
5.103849152902814037e-04
4.536754802580279084e-04
4.678528390160912958e-04
4.394981214999645752e-04
4.394981214999645752e-04
4.111434039838378005e-04
3.119018926773941972e-04
4.820301977741546832e-04
4.394981214999645752e-04
4.820301977741546832e-04
4.820301977741546832e-04
2.835471751612674766e-04
4.253207627419011878e-04
4.536754802580279084e-04
4.536754802580279084e-04
4.536754802580279084e-04
4.394981214999645752e-04
4.536754802580279084e-04
4.536754802580279084e-04
3.827886864677110799e-04
4.253207627419011878e-04
3.827886864677110799e-04
4.394981214999645752e-04
4.111434039838378005e-04
4.394981214999645752e-04
4.253207627419011878e-04
4.678528390160912958e-04
3.544339689515843051e-04
4.536754802580279084e-04
4.253207627419011878e-04
4.253207627419011878e-04
3.969660452257744131e-04
3.686113277096476925e-04
1.843056638548238463e-04
3.969660452257744131e-04
4.253207627419011878e-04
9.924151130644360327e-05
3.969660452257744131e-04
9.924151130644360327e-05
4.111434039838378005e-04
4.536754802580279084e-04
2.126603813709505939e-04
1.417735875806337214e-05
3.969660452257744131e-04
3.402566101935209720e-04
2.268377401290139542e-04
3.969660452257744131e-04
3.402566101935209720e-04
4.111434039838378005e-04
3.402566101935209720e-04
3.260792514354575846e-04
4.253207627419011878e-04
3.969660452257744131e-04
1.275962288225703509e-04
3.686113277096476925e-04
3.686113277096476925e-04
3.686113277096476925e-04
3.544339689515843051e-04
3.686113277096476925e-04
3.827886864677110799e-04
3.402566101935209720e-04
3.827886864677110799e-04
3.827886864677110799e-04
3.827886864677110799e-04
3.827886864677110799e-04
1.417735875806337214e-05
1.417735875806337214e-05
3.544339689515843051e-04
2.977245339193308098e-04
1.417735875806337214e-05
3.119018926773941972e-04
3.544339689515843051e-04
3.402566101935209720e-04
3.686113277096476925e-04
3.544339689515843051e-04
3.260792514354575846e-04
3.544339689515843051e-04
3.544339689515843051e-04
3.544339689515843051e-04
3.686113277096476925e-04
3.402566101935209720e-04
3.402566101935209720e-04
3.260792514354575846e-04
5.670943503225348855e-05
3.260792514354575846e-04
3.686113277096476925e-04
3.686113277096476925e-04
3.402566101935209720e-04
3.119018926773941972e-04
2.977245339193308098e-04
3.260792514354575846e-04
2.126603813709505939e-04
3.260792514354575846e-04
3.260792514354575846e-04
2.977245339193308098e-04
2.410150988870773416e-04
2.835471751612674766e-04
3.260792514354575846e-04
1.134188700645069771e-04
2.977245339193308098e-04
3.119018926773941972e-04
3.119018926773941972e-04
3.402566101935209720e-04
2.977245339193308098e-04
3.119018926773941972e-04
2.977245339193308098e-04
3.119018926773941972e-04
1.417735875806337214e-05
2.835471751612674766e-04
3.119018926773941972e-04
1.417735875806337214e-05
2.835471751612674766e-04
3.260792514354575846e-04
5.670943503225348855e-05
2.977245339193308098e-04
2.693698164032040892e-04
1.559509463386970986e-04
2.977245339193308098e-04
1.559509463386970986e-04
2.977245339193308098e-04
2.693698164032040892e-04
2.693698164032040892e-04
3.119018926773941972e-04
2.835471751612674766e-04
2.551924576451407019e-04
2.977245339193308098e-04
2.835471751612674766e-04
2.693698164032040892e-04
2.410150988870773416e-04
1.417735875806337214e-05
1.559509463386970986e-04
2.693698164032040892e-04
2.835471751612674766e-04
2.126603813709505939e-04
2.693698164032040892e-04
2.268377401290139542e-04
2.551924576451407019e-04
2.126603813709505939e-04
2.693698164032040892e-04
2.410150988870773416e-04
2.551924576451407019e-04
2.268377401290139542e-04
2.410150988870773416e-04
2.551924576451407019e-04
4.253207627419012149e-05
2.268377401290139542e-04
1.843056638548238463e-04
2.410150988870773416e-04
2.410150988870773416e-04
2.268377401290139542e-04
2.126603813709505939e-04
2.268377401290139542e-04
1.275962288225703509e-04
2.126603813709505939e-04
2.126603813709505939e-04
2.693698164032040892e-04
2.551924576451407019e-04
9.924151130644360327e-05
7.088679379031686916e-05
2.693698164032040892e-04
2.410150988870773416e-04
9.924151130644360327e-05
2.268377401290139542e-04
2.268377401290139542e-04
2.268377401290139542e-04
1.417735875806337383e-04
2.268377401290139542e-04
2.126603813709505939e-04
2.551924576451407019e-04
2.835471751612674427e-05
2.268377401290139542e-04
2.126603813709505939e-04
1.275962288225703509e-04
2.268377401290139542e-04
2.126603813709505939e-04
2.126603813709505939e-04
7.088679379031686916e-05
2.126603813709505939e-04
9.924151130644360327e-05
2.126603813709505939e-04
2.268377401290139542e-04
1.559509463386970986e-04
1.984830226128872065e-04
1.984830226128872065e-04
5.670943503225348855e-05
2.268377401290139542e-04
1.417735875806337214e-05
1.417735875806337214e-05
2.410150988870773416e-04
1.984830226128872065e-04
4.253207627419012149e-05
1.701283050967604860e-04
1.701283050967604860e-04
1.984830226128872065e-04
1.417735875806337214e-05
1.701283050967604860e-04
2.126603813709505939e-04
1.417735875806337383e-04
5.670943503225348855e-05
2.126603813709505939e-04
2.268377401290139542e-04
2.268377401290139542e-04
1.701283050967604860e-04
2.126603813709505939e-04
1.701283050967604860e-04
2.126603813709505939e-04
1.843056638548238463e-04
2.126603813709505939e-04
1.559509463386970986e-04
1.843056638548238463e-04
1.843056638548238463e-04
2.126603813709505939e-04
2.126603813709505939e-04
5.670943503225348855e-05
1.417735875806337214e-05
1.984830226128872065e-04
1.417735875806337214e-05
1.417735875806337214e-05
2.126603813709505939e-04
1.559509463386970986e-04
1.984830226128872065e-04
1.984830226128872065e-04
1.701283050967604860e-04
1.275962288225703509e-04
1.701283050967604860e-04
1.701283050967604860e-04
1.843056638548238463e-04
1.843056638548238463e-04
1.843056638548238463e-04
1.984830226128872065e-04
1.843056638548238463e-04
1.843056638548238463e-04
1.275962288225703509e-04
1.417735875806337383e-04
1.417735875806337383e-04
1.843056638548238463e-04
7.088679379031686916e-05
1.984830226128872065e-04
1.843056638548238463e-04
1.984830226128872065e-04
1.984830226128872065e-04
1.275962288225703509e-04
1.701283050967604860e-04
1.843056638548238463e-04
1.559509463386970986e-04
1.843056638548238463e-04
1.843056638548238463e-04
1.559509463386970986e-04
1.559509463386970986e-04
1.843056638548238463e-04
1.559509463386970986e-04
1.701283050967604860e-04
1.417735875806337214e-05
1.559509463386970986e-04
1.843056638548238463e-04
1.559509463386970986e-04
2.835471751612674427e-05
1.843056638548238463e-04
1.843056638548238463e-04
1.559509463386970986e-04
1.559509463386970986e-04
1.843056638548238463e-04
1.701283050967604860e-04
1.417735875806337214e-05
1.417735875806337214e-05
1.417735875806337383e-04
1.417735875806337214e-05
1.417735875806337214e-05
1.417735875806337214e-05
1.559509463386970986e-04
1.417735875806337214e-05
1.134188700645069771e-04
5.670943503225348855e-05
1.417735875806337214e-05
1.559509463386970986e-04
1.559509463386970986e-04
9.924151130644360327e-05
7.088679379031686916e-05
1.417735875806337214e-05
1.134188700645069771e-04
1.559509463386970986e-04
1.559509463386970986e-04
1.559509463386970986e-04
1.417735875806337214e-05
1.275962288225703509e-04
8.506415254838024299e-05
1.559509463386970986e-04
1.417735875806337214e-05
1.417735875806337214e-05
9.924151130644360327e-05
1.417735875806337383e-04
4.253207627419012149e-05
1.275962288225703509e-04
1.417735875806337383e-04
1.559509463386970986e-04
1.275962288225703509e-04
1.559509463386970986e-04
1.559509463386970986e-04
1.134188700645069771e-04
1.417735875806337214e-05
1.417735875806337214e-05
1.417735875806337383e-04
1.559509463386970986e-04
1.417735875806337383e-04
1.417735875806337214e-05
1.559509463386970986e-04
1.559509463386970986e-04
1.417735875806337383e-04
1.559509463386970986e-04
1.559509463386970986e-04
7.088679379031686916e-05
1.134188700645069771e-04
1.417735875806337383e-04
1.275962288225703509e-04
1.417735875806337214e-05
1.134188700645069771e-04
1.275962288225703509e-04
1.417735875806337383e-04
1.417735875806337383e-04
1.417735875806337383e-04
1.417735875806337214e-05
1.417735875806337383e-04
1.417735875806337214e-05
1.134188700645069771e-04
1.275962288225703509e-04
1.275962288225703509e-04
1.134188700645069771e-04
1.134188700645069771e-04
8.506415254838024299e-05
8.506415254838024299e-05
1.134188700645069771e-04
8.506415254838024299e-05
8.506415254838024299e-05
1.134188700645069771e-04
9.924151130644360327e-05
1.275962288225703509e-04
5.670943503225348855e-05
9.924151130644360327e-05
7.088679379031686916e-05
1.134188700645069771e-04
1.134188700645069771e-04
4.253207627419012149e-05
9.924151130644360327e-05
1.417735875806337214e-05
1.275962288225703509e-04
1.275962288225703509e-04
1.134188700645069771e-04
1.275962288225703509e-04
1.134188700645069771e-04
1.275962288225703509e-04
1.275962288225703509e-04
1.275962288225703509e-04
9.924151130644360327e-05
4.253207627419012149e-05
1.275962288225703509e-04
1.134188700645069771e-04
1.275962288225703509e-04
7.088679379031686916e-05
1.417735875806337214e-05
1.417735875806337214e-05
1.275962288225703509e-04
1.275962288225703509e-04
8.506415254838024299e-05
1.134188700645069771e-04
9.924151130644360327e-05
9.924151130644360327e-05
1.134188700645069771e-04
1.134188700645069771e-04
4.253207627419012149e-05
1.275962288225703509e-04
1.134188700645069771e-04
9.924151130644360327e-05
1.417735875806337214e-05
8.506415254838024299e-05
5.670943503225348855e-05
8.506415254838024299e-05
1.417735875806337214e-05
2.835471751612674427e-05
1.134188700645069771e-04
1.417735875806337214e-05
1.134188700645069771e-04
1.417735875806337214e-05
7.088679379031686916e-05
5.670943503225348855e-05
2.835471751612674427e-05
9.924151130644360327e-05
9.924151130644360327e-05
1.417735875806337214e-05
1.417735875806337214e-05
8.506415254838024299e-05
9.924151130644360327e-05
7.088679379031686916e-05
9.924151130644360327e-05
9.924151130644360327e-05
8.506415254838024299e-05
9.924151130644360327e-05
1.417735875806337214e-05
9.924151130644360327e-05
1.417735875806337214e-05
9.924151130644360327e-05
1.417735875806337214e-05
9.924151130644360327e-05
9.924151130644360327e-05
1.417735875806337214e-05
8.506415254838024299e-05
7.088679379031686916e-05
9.924151130644360327e-05
8.506415254838024299e-05
4.253207627419012149e-05
8.506415254838024299e-05
8.506415254838024299e-05
9.924151130644360327e-05
9.924151130644360327e-05
8.506415254838024299e-05
7.088679379031686916e-05
9.924151130644360327e-05
8.506415254838024299e-05
1.417735875806337214e-05
7.088679379031686916e-05
9.924151130644360327e-05
1.417735875806337214e-05
1.417735875806337214e-05
9.924151130644360327e-05
8.506415254838024299e-05
8.506415254838024299e-05
9.924151130644360327e-05
8.506415254838024299e-05
1.417735875806337214e-05
9.924151130644360327e-05
9.924151130644360327e-05
9.924151130644360327e-05
9.924151130644360327e-05
8.506415254838024299e-05
9.924151130644360327e-05
7.088679379031686916e-05
8.506415254838024299e-05
9.924151130644360327e-05
9.924151130644360327e-05
7.088679379031686916e-05
9.924151130644360327e-05
8.506415254838024299e-05
9.924151130644360327e-05
7.088679379031686916e-05
8.506415254838024299e-05
8.506415254838024299e-05
7.088679379031686916e-05
1.417735875806337214e-05
1.417735875806337214e-05
9.924151130644360327e-05
8.506415254838024299e-05
5.670943503225348855e-05
8.506415254838024299e-05
7.088679379031686916e-05
7.088679379031686916e-05
5.670943503225348855e-05
7.088679379031686916e-05
2.835471751612674427e-05
8.506415254838024299e-05
5.670943503225348855e-05
7.088679379031686916e-05
7.088679379031686916e-05
1.417735875806337214e-05
5.670943503225348855e-05
7.088679379031686916e-05
4.253207627419012149e-05
1.417735875806337214e-05
5.670943503225348855e-05
8.506415254838024299e-05
8.506415254838024299e-05
2.835471751612674427e-05
2.835471751612674427e-05
8.506415254838024299e-05
5.670943503225348855e-05
7.088679379031686916e-05
7.088679379031686916e-05
7.088679379031686916e-05
7.088679379031686916e-05
8.506415254838024299e-05
1.417735875806337214e-05
7.088679379031686916e-05
7.088679379031686916e-05
8.506415254838024299e-05
7.088679379031686916e-05
7.088679379031686916e-05
7.088679379031686916e-05
5.670943503225348855e-05
8.506415254838024299e-05
1.417735875806337214e-05
7.088679379031686916e-05
5.670943503225348855e-05
7.088679379031686916e-05
7.088679379031686916e-05
4.253207627419012149e-05
7.088679379031686916e-05
2.835471751612674427e-05
7.088679379031686916e-05
7.088679379031686916e-05
7.088679379031686916e-05
4.253207627419012149e-05
7.088679379031686916e-05
5.670943503225348855e-05
1.417735875806337214e-05
7.088679379031686916e-05
7.088679379031686916e-05
5.670943503225348855e-05
7.088679379031686916e-05
7.088679379031686916e-05
7.088679379031686916e-05
7.088679379031686916e-05
5.670943503225348855e-05
1.417735875806337214e-05
5.670943503225348855e-05
4.253207627419012149e-05
1.417735875806337214e-05
1.417735875806337214e-05
7.088679379031686916e-05
7.088679379031686916e-05
7.088679379031686916e-05
7.088679379031686916e-05
7.088679379031686916e-05
7.088679379031686916e-05
5.670943503225348855e-05
5.670943503225348855e-05
1.417735875806337214e-05
1.417735875806337214e-05
7.088679379031686916e-05
7.088679379031686916e-05
7.088679379031686916e-05
7.088679379031686916e-05
