3.841732132592450694e-02
1.053841732132592421e-03
9.580379383023567268e-04
1.484958804368653046e-02
1.532860701283770893e-03
1.542441080666794376e-02
1.082582870281663216e-02
5.652423835983904667e-03
1.638244874497030157e-02
3.410615060356390199e-02
8.813949032381682147e-03
9.580379383023568082e-05
1.820272082774477976e-03
2.778310021076834703e-03
1.437056907453535199e-03
8.622341444721211626e-03
9.580379383023568082e-05
9.580379383023568082e-05
2.098103084882161490e-02
9.580379383023568082e-05
4.790189691511783634e-04
9.580379383023568082e-05
2.328032190074726809e-02
2.634604330331481031e-02
9.580379383023568082e-05
1.609503736347959318e-02
1.647825253880053770e-02
8.622341444721211409e-04
1.341253113623299504e-03
2.864533435524046698e-02
2.078942326116114264e-02
4.790189691511783634e-04
1.916075876604713454e-03
9.580379383023568082e-05
9.580379383023568082e-05
9.580379383023568082e-05
2.548380915884268863e-02
9.580379383023568082e-05
1.120904387813757494e-02
3.161525196397777480e-03
7.568499712588618554e-03
1.264610078559110992e-02
1.916075876604713616e-04
7.568499712588618554e-03
1.849013220923548598e-02
9.580379383023568082e-05
9.580379383023568082e-05
6.993676949607204388e-03
9.580379383023568082e-05
4.311170722360605813e-03
1.437056907453535155e-02
5.460816248323433278e-03
9.580379383023568082e-05
9.197164207702624925e-03
5.748227629814140578e-04
1.034680973366545326e-02
1.159225905345851772e-02
3.065721402567541786e-03
4.790189691511783634e-04
6.131442805135083572e-03
9.580379383023568082e-05
9.580379383023568082e-05
3.065721402567541786e-03
9.580379383023568082e-05
1.245449319793063810e-03
2.874113814907070289e-04
9.580379383023567702e-03
9.580379383023568082e-05
9.580379383023568082e-05
9.580379383023568082e-05
2.682506227246599009e-03
7.664303506418854465e-04
6.706265568116497738e-03
9.580379383023568082e-05
1.034680973366545326e-02
1.446637286836558768e-02
7.664303506418854465e-04
9.580379383023567268e-04
9.580379383023568082e-05
7.664303506418854465e-04
1.053841732132592421e-03
8.622341444721211409e-04
9.580379383023568082e-05
1.484958804368653046e-02
1.724468288944242282e-03
4.790189691511783634e-04
1.408315769304464490e-02
2.874113814907070397e-03
5.748227629814140795e-03
1.274190457942134432e-02
7.664303506418854465e-04
9.580379383023568082e-05
4.694385897681548590e-03
1.149645525962828116e-03
9.580379383023568082e-05
8.143322475570032720e-03
7.664303506418854465e-04
9.580379383023568082e-05
9.580379383023568082e-05
1.053841732132592378e-02
1.437056907453535199e-03
9.580379383023568082e-05
9.580379383023568082e-05
1.130484767196780933e-02
7.664303506418854465e-04
3.832151753209427233e-04
9.580379383023568082e-05
9.580379383023568082e-05
1.724468288944242282e-03
1.341253113623299504e-03
5.077601073002490500e-03
9.580379383023568082e-05
9.580379383023568082e-05
9.580379383023568082e-05
3.353132784058248869e-03
9.580379383023568082e-05
1.916075876604713616e-04
9.580379383023568082e-05
9.580379383023568082e-05
9.580379383023568082e-05
9.580379383023568082e-05
9.580379383023568082e-05
1.916075876604713454e-03
5.939835217474612183e-03
1.628664495114006587e-03
8.813949032381682147e-03
6.706265568116497522e-04
9.580379383023568082e-05
5.748227629814140578e-04
9.580379383023568082e-05
9.580379383023568082e-05
9.580379383023568082e-05
7.664303506418854465e-04
3.832151753209427233e-04
1.532860701283770893e-03
2.107683464265184842e-03
3.832151753209427233e-04
1.532860701283770893e-03
6.706265568116497522e-04
2.203487258095420537e-03
7.568499712588618554e-03
1.245449319793063810e-03
4.790189691511783634e-04
6.897873155776969127e-03
2.969917608737306092e-03
9.580379383023568082e-05
9.580379383023568082e-05
5.173404866832726628e-03
9.580379383023568082e-05
9.580379383023568082e-05
9.580379383023568082e-05
9.580379383023568082e-05
9.580379383023568082e-05
9.580379383023568082e-05
9.580379383023568082e-05
9.580379383023568082e-05
1.532860701283770893e-03
1.149645525962828116e-03
1.053841732132592421e-03
5.460816248323433278e-03
1.245449319793063810e-03
9.580379383023568082e-05
4.119563134700134424e-03
2.874113814907070289e-04
5.748227629814140578e-04
9.580379383023568082e-05
4.598582103851312462e-03
9.580379383023568082e-05
9.580379383023568082e-05
1.820272082774477976e-03
9.580379383023568082e-05
5.460816248323433278e-03
9.580379383023568082e-05
9.580379383023568082e-05
1.053841732132592421e-03
9.580379383023568082e-05
9.580379383023568082e-05
9.580379383023568082e-05
9.580379383023568082e-05
5.173404866832726628e-03
9.580379383023568082e-05
1.916075876604713454e-03
9.580379383023568082e-05
2.011879670434949148e-03
9.580379383023568082e-05
3.832151753209427233e-04
9.580379383023568082e-05
1.245449319793063810e-03
9.580379383023568082e-05
2.586702433416363314e-03
9.580379383023568082e-05
3.832151753209427233e-04
1.149645525962828116e-03
9.580379383023568082e-05
2.874113814907070289e-04
2.969917608737306092e-03
2.874113814907070289e-04
9.580379383023568082e-05
9.580379383023568082e-05
4.119563134700134424e-03
9.580379383023568082e-05
9.580379383023568082e-05
9.580379383023568082e-05
1.149645525962828116e-03
7.664303506418854465e-04
9.580379383023568082e-05
4.406974516190841074e-03
9.580379383023568082e-05
9.580379383023568082e-05
9.580379383023568082e-05
9.580379383023568082e-05
9.580379383023568082e-05
1.245449319793063810e-03
4.694385897681548590e-03
1.916075876604713616e-04
2.969917608737306092e-03
2.682506227246599009e-03
9.580379383023568082e-05
9.580379383023568082e-05
9.580379383023568082e-05
2.490898639586127620e-03
8.622341444721211409e-04
2.682506227246599009e-03
3.927955547039663035e-03
9.580379383023568082e-05
1.149645525962828116e-03
6.706265568116497522e-04
2.874113814907070289e-04
9.580379383023568082e-05
9.580379383023568082e-05
9.580379383023568082e-05
9.580379383023568082e-05
9.580379383023568082e-05
8.622341444721211409e-04
9.580379383023568082e-05
4.790189691511783634e-04
9.580379383023568082e-05
2.586702433416363314e-03
2.874113814907070289e-04
1.437056907453535199e-03
9.580379383023568082e-05
1.149645525962828116e-03
3.065721402567541786e-03
9.580379383023568082e-05
9.580379383023568082e-05
9.580379383023568082e-05
9.580379383023568082e-05
9.580379383023568082e-05
9.580379383023568082e-05
3.736347959379191213e-03
1.820272082774477976e-03
2.682506227246599009e-03
9.580379383023568082e-05
9.580379383023568082e-05
9.580379383023568082e-05
1.532860701283770893e-03
9.580379383023567268e-04
3.640544165548955952e-03
9.580379383023568082e-05
9.580379383023568082e-05
9.580379383023568082e-05
9.580379383023568082e-05
3.065721402567541786e-03
9.580379383023568082e-05
1.916075876604713616e-04
1.149645525962828116e-03
9.580379383023568082e-05
9.580379383023568082e-05
9.580379383023568082e-05
9.580379383023568082e-05
3.832151753209427233e-04
1.628664495114006587e-03
5.748227629814140578e-04
9.580379383023568082e-05
9.580379383023568082e-05
9.580379383023568082e-05
1.149645525962828116e-03
9.580379383023568082e-05
1.437056907453535199e-03
9.580379383023568082e-05
9.580379383023568082e-05
5.748227629814140578e-04
9.580379383023568082e-05
9.580379383023568082e-05
9.580379383023568082e-05
1.149645525962828116e-03
5.748227629814140578e-04
9.580379383023568082e-05
9.580379383023568082e-05
6.706265568116497522e-04
7.664303506418854465e-04
1.437056907453535199e-03
2.682506227246599009e-03
9.580379383023568082e-05
9.580379383023568082e-05
1.245449319793063810e-03
9.580379383023568082e-05
9.580379383023568082e-05
9.580379383023568082e-05
9.580379383023567268e-04
9.580379383023568082e-05
9.580379383023568082e-05
1.916075876604713616e-04
1.245449319793063810e-03
9.580379383023568082e-05
9.580379383023568082e-05
9.580379383023568082e-05
2.203487258095420537e-03
2.874113814907070289e-04
9.580379383023568082e-05
9.580379383023568082e-05
9.580379383023568082e-05
9.580379383023568082e-05
1.916075876604713616e-04
4.790189691511783634e-04
3.832151753209427233e-04
4.790189691511783634e-04
1.245449319793063810e-03
9.580379383023568082e-05
9.580379383023568082e-05
2.203487258095420537e-03
9.580379383023568082e-05
1.437056907453535199e-03
2.107683464265184842e-03
9.580379383023568082e-05
9.580379383023568082e-05
6.706265568116497522e-04
9.580379383023568082e-05
9.580379383023568082e-05
1.245449319793063810e-03
2.203487258095420537e-03
9.580379383023568082e-05
9.580379383023568082e-05
9.580379383023568082e-05
2.395094845755891926e-03
1.916075876604713454e-03
1.532860701283770893e-03
1.149645525962828116e-03
9.580379383023568082e-05
2.874113814907070289e-04
9.580379383023568082e-05
9.580379383023568082e-05
9.580379383023568082e-05
9.580379383023568082e-05
1.916075876604713616e-04
9.580379383023568082e-05
6.706265568116497522e-04
9.580379383023568082e-05
9.580379383023568082e-05
9.580379383023568082e-05
9.580379383023568082e-05
9.580379383023568082e-05
2.011879670434949148e-03
2.011879670434949148e-03
9.580379383023568082e-05
9.580379383023568082e-05
1.341253113623299504e-03
2.203487258095420537e-03
6.706265568116497522e-04
9.580379383023568082e-05
9.580379383023568082e-05
9.580379383023568082e-05
9.580379383023568082e-05
9.580379383023568082e-05
1.820272082774477976e-03
9.580379383023568082e-05
1.532860701283770893e-03
9.580379383023568082e-05
9.580379383023568082e-05
9.580379383023568082e-05
1.916075876604713616e-04
9.580379383023568082e-05
9.580379383023568082e-05
9.580379383023568082e-05
3.832151753209427233e-04
9.580379383023568082e-05
7.664303506418854465e-04
9.580379383023568082e-05
5.748227629814140578e-04
2.874113814907070289e-04
9.580379383023568082e-05
9.580379383023568082e-05
1.149645525962828116e-03
9.580379383023568082e-05
9.580379383023568082e-05
9.580379383023568082e-05
1.341253113623299504e-03
9.580379383023568082e-05
1.724468288944242282e-03
9.580379383023568082e-05
9.580379383023568082e-05
1.532860701283770893e-03
9.580379383023568082e-05
1.916075876604713616e-04
9.580379383023567268e-04
9.580379383023568082e-05
1.916075876604713616e-04
9.580379383023568082e-05
9.580379383023568082e-05
9.580379383023568082e-05
9.580379383023568082e-05
1.532860701283770893e-03
9.580379383023568082e-05
9.580379383023568082e-05
2.874113814907070289e-04
3.832151753209427233e-04
9.580379383023568082e-05
2.874113814907070289e-04
9.580379383023568082e-05
9.580379383023568082e-05
4.790189691511783634e-04
9.580379383023568082e-05
9.580379383023568082e-05
6.706265568116497522e-04
9.580379383023568082e-05
9.580379383023568082e-05
9.580379383023568082e-05
9.580379383023568082e-05
9.580379383023568082e-05
9.580379383023568082e-05
9.580379383023568082e-05
9.580379383023568082e-05
9.580379383023568082e-05
9.580379383023568082e-05
9.580379383023568082e-05
9.580379383023568082e-05
9.580379383023568082e-05
2.874113814907070289e-04
1.341253113623299504e-03
1.245449319793063810e-03
7.664303506418854465e-04
1.341253113623299504e-03
9.580379383023568082e-05
9.580379383023568082e-05
1.341253113623299504e-03
9.580379383023567268e-04
9.580379383023568082e-05
9.580379383023568082e-05
4.790189691511783634e-04
9.580379383023568082e-05
7.664303506418854465e-04
9.580379383023568082e-05
9.580379383023568082e-05
9.580379383023568082e-05
9.580379383023568082e-05
9.580379383023568082e-05
9.580379383023568082e-05
1.245449319793063810e-03
9.580379383023568082e-05
7.664303506418854465e-04
9.580379383023568082e-05
9.580379383023568082e-05
9.580379383023568082e-05
9.580379383023568082e-05
1.245449319793063810e-03
9.580379383023568082e-05
9.580379383023568082e-05
9.580379383023568082e-05
6.706265568116497522e-04
9.580379383023568082e-05
9.580379383023568082e-05
9.580379383023568082e-05
1.916075876604713616e-04
9.580379383023568082e-05
9.580379383023568082e-05
1.341253113623299504e-03
3.832151753209427233e-04
1.149645525962828116e-03
2.874113814907070289e-04
9.580379383023568082e-05
9.580379383023568082e-05
9.580379383023568082e-05
1.053841732132592421e-03
9.580379383023568082e-05
7.664303506418854465e-04
9.580379383023568082e-05
1.053841732132592421e-03
9.580379383023568082e-05
9.580379383023568082e-05
1.916075876604713616e-04
9.580379383023568082e-05
9.580379383023568082e-05
9.580379383023568082e-05
2.874113814907070289e-04
9.580379383023568082e-05
1.149645525962828116e-03
2.874113814907070289e-04
9.580379383023568082e-05
9.580379383023567268e-04
9.580379383023568082e-05
9.580379383023568082e-05
6.706265568116497522e-04
9.580379383023568082e-05
9.580379383023568082e-05
9.580379383023567268e-04
9.580379383023568082e-05
8.622341444721211409e-04
2.874113814907070289e-04
9.580379383023568082e-05
9.580379383023567268e-04
1.916075876604713616e-04
9.580379383023568082e-05
9.580379383023567268e-04
9.580379383023568082e-05
9.580379383023568082e-05
3.832151753209427233e-04
9.580379383023567268e-04
9.580379383023568082e-05
9.580379383023567268e-04
9.580379383023568082e-05
7.664303506418854465e-04
9.580379383023568082e-05
9.580379383023568082e-05
9.580379383023568082e-05
9.580379383023568082e-05
1.053841732132592421e-03
9.580379383023568082e-05
9.580379383023568082e-05
9.580379383023568082e-05
9.580379383023568082e-05
9.580379383023568082e-05
9.580379383023568082e-05
9.580379383023568082e-05
9.580379383023568082e-05
9.580379383023568082e-05
8.622341444721211409e-04
1.149645525962828116e-03
9.580379383023568082e-05
9.580379383023568082e-05
8.622341444721211409e-04
9.580379383023568082e-05
9.580379383023568082e-05
6.706265568116497522e-04
9.580379383023568082e-05
5.748227629814140578e-04
9.580379383023568082e-05
9.580379383023567268e-04
6.706265568116497522e-04
8.622341444721211409e-04
7.664303506418854465e-04
9.580379383023568082e-05
7.664303506418854465e-04
9.580379383023568082e-05
9.580379383023568082e-05
9.580379383023568082e-05
9.580379383023568082e-05
9.580379383023568082e-05
7.664303506418854465e-04
6.706265568116497522e-04
3.832151753209427233e-04
9.580379383023568082e-05
9.580379383023568082e-05
8.622341444721211409e-04
9.580379383023568082e-05
9.580379383023567268e-04
9.580379383023568082e-05
6.706265568116497522e-04
7.664303506418854465e-04
9.580379383023568082e-05
9.580379383023568082e-05
9.580379383023568082e-05
9.580379383023568082e-05
6.706265568116497522e-04
9.580379383023568082e-05
9.580379383023568082e-05
6.706265568116497522e-04
9.580379383023568082e-05
9.580379383023568082e-05
9.580379383023568082e-05
9.580379383023568082e-05
9.580379383023568082e-05
9.580379383023568082e-05
9.580379383023568082e-05
6.706265568116497522e-04
4.790189691511783634e-04
9.580379383023568082e-05
9.580379383023568082e-05
5.748227629814140578e-04
9.580379383023568082e-05
7.664303506418854465e-04
9.580379383023568082e-05
5.748227629814140578e-04
9.580379383023568082e-05
9.580379383023568082e-05
3.832151753209427233e-04
6.706265568116497522e-04
9.580379383023568082e-05
9.580379383023568082e-05
3.832151753209427233e-04
9.580379383023568082e-05
9.580379383023568082e-05
9.580379383023568082e-05
5.748227629814140578e-04
9.580379383023568082e-05
9.580379383023568082e-05
7.664303506418854465e-04
9.580379383023568082e-05
3.832151753209427233e-04
9.580379383023568082e-05
4.790189691511783634e-04
9.580379383023568082e-05
9.580379383023568082e-05
9.580379383023568082e-05
9.580379383023568082e-05
9.580379383023568082e-05
9.580379383023568082e-05
9.580379383023568082e-05
1.916075876604713616e-04
9.580379383023568082e-05
9.580379383023568082e-05
5.748227629814140578e-04
9.580379383023568082e-05
1.916075876604713616e-04
1.916075876604713616e-04
9.580379383023568082e-05
9.580379383023568082e-05
9.580379383023568082e-05
9.580379383023568082e-05
9.580379383023568082e-05
9.580379383023568082e-05
9.580379383023568082e-05
9.580379383023568082e-05
9.580379383023568082e-05
3.832151753209427233e-04
9.580379383023568082e-05
9.580379383023568082e-05
9.580379383023568082e-05
4.790189691511783634e-04
9.580379383023568082e-05
2.874113814907070289e-04
5.748227629814140578e-04
5.748227629814140578e-04
9.580379383023568082e-05
9.580379383023568082e-05
9.580379383023568082e-05
9.580379383023568082e-05
6.706265568116497522e-04
9.580379383023568082e-05
5.748227629814140578e-04
6.706265568116497522e-04
1.916075876604713616e-04
9.580379383023568082e-05
9.580379383023568082e-05
4.790189691511783634e-04
9.580379383023568082e-05
9.580379383023568082e-05
3.832151753209427233e-04
9.580379383023568082e-05
4.790189691511783634e-04
2.874113814907070289e-04
9.580379383023568082e-05
9.580379383023568082e-05
9.580379383023568082e-05
4.790189691511783634e-04
9.580379383023568082e-05
4.790189691511783634e-04
3.832151753209427233e-04
4.790189691511783634e-04
9.580379383023568082e-05
9.580379383023568082e-05
6.706265568116497522e-04
3.832151753209427233e-04
9.580379383023568082e-05
5.748227629814140578e-04
9.580379383023568082e-05
9.580379383023568082e-05
9.580379383023568082e-05
9.580379383023568082e-05
3.832151753209427233e-04
9.580379383023568082e-05
9.580379383023568082e-05
9.580379383023568082e-05
9.580379383023568082e-05
6.706265568116497522e-04
5.748227629814140578e-04
9.580379383023568082e-05
5.748227629814140578e-04
9.580379383023568082e-05
4.790189691511783634e-04
9.580379383023568082e-05
4.790189691511783634e-04
4.790189691511783634e-04
9.580379383023568082e-05
2.874113814907070289e-04
6.706265568116497522e-04
9.580379383023568082e-05
9.580379383023568082e-05
9.580379383023568082e-05
4.790189691511783634e-04
9.580379383023568082e-05
9.580379383023568082e-05
4.790189691511783634e-04
9.580379383023568082e-05
4.790189691511783634e-04
1.916075876604713616e-04
2.874113814907070289e-04
9.580379383023568082e-05
9.580379383023568082e-05
4.790189691511783634e-04
4.790189691511783634e-04
9.580379383023568082e-05
9.580379383023568082e-05
9.580379383023568082e-05
4.790189691511783634e-04
9.580379383023568082e-05
9.580379383023568082e-05
4.790189691511783634e-04
3.832151753209427233e-04
9.580379383023568082e-05
9.580379383023568082e-05
3.832151753209427233e-04
9.580379383023568082e-05
9.580379383023568082e-05
4.790189691511783634e-04
5.748227629814140578e-04
9.580379383023568082e-05
9.580379383023568082e-05
3.832151753209427233e-04
9.580379383023568082e-05
9.580379383023568082e-05
9.580379383023568082e-05
9.580379383023568082e-05
9.580379383023568082e-05
9.580379383023568082e-05
9.580379383023568082e-05
4.790189691511783634e-04
1.916075876604713616e-04
9.580379383023568082e-05
9.580379383023568082e-05
9.580379383023568082e-05
2.874113814907070289e-04
9.580379383023568082e-05
4.790189691511783634e-04
9.580379383023568082e-05
2.874113814907070289e-04
9.580379383023568082e-05
9.580379383023568082e-05
9.580379383023568082e-05
9.580379383023568082e-05
2.874113814907070289e-04
9.580379383023568082e-05
2.874113814907070289e-04
9.580379383023568082e-05
9.580379383023568082e-05
9.580379383023568082e-05
9.580379383023568082e-05
9.580379383023568082e-05
9.580379383023568082e-05
3.832151753209427233e-04
3.832151753209427233e-04
9.580379383023568082e-05
9.580379383023568082e-05
9.580379383023568082e-05
9.580379383023568082e-05
3.832151753209427233e-04
9.580379383023568082e-05
9.580379383023568082e-05
9.580379383023568082e-05
2.874113814907070289e-04
9.580379383023568082e-05
3.832151753209427233e-04
9.580379383023568082e-05
9.580379383023568082e-05
9.580379383023568082e-05
9.580379383023568082e-05
9.580379383023568082e-05
9.580379383023568082e-05
9.580379383023568082e-05
2.874113814907070289e-04
9.580379383023568082e-05
9.580379383023568082e-05
2.874113814907070289e-04
9.580379383023568082e-05
9.580379383023568082e-05
9.580379383023568082e-05
9.580379383023568082e-05
2.874113814907070289e-04
9.580379383023568082e-05
9.580379383023568082e-05
9.580379383023568082e-05
9.580379383023568082e-05
9.580379383023568082e-05
2.874113814907070289e-04
9.580379383023568082e-05
2.874113814907070289e-04
9.580379383023568082e-05
9.580379383023568082e-05
9.580379383023568082e-05
9.580379383023568082e-05
9.580379383023568082e-05
9.580379383023568082e-05
9.580379383023568082e-05
9.580379383023568082e-05
9.580379383023568082e-05
9.580379383023568082e-05
9.580379383023568082e-05
9.580379383023568082e-05
9.580379383023568082e-05
9.580379383023568082e-05
9.580379383023568082e-05
9.580379383023568082e-05
2.874113814907070289e-04
2.874113814907070289e-04
9.580379383023568082e-05
1.916075876604713616e-04
1.916075876604713616e-04
9.580379383023568082e-05
9.580379383023568082e-05
9.580379383023568082e-05
9.580379383023568082e-05
9.580379383023568082e-05
9.580379383023568082e-05
9.580379383023568082e-05
9.580379383023568082e-05
9.580379383023568082e-05
9.580379383023568082e-05
2.874113814907070289e-04
9.580379383023568082e-05
3.832151753209427233e-04
9.580379383023568082e-05
9.580379383023568082e-05
9.580379383023568082e-05
9.580379383023568082e-05
3.832151753209427233e-04
9.580379383023568082e-05
9.580379383023568082e-05
2.874113814907070289e-04
9.580379383023568082e-05
9.580379383023568082e-05
9.580379383023568082e-05
9.580379383023568082e-05
2.874113814907070289e-04
2.874113814907070289e-04
9.580379383023568082e-05
9.580379383023568082e-05
3.832151753209427233e-04
9.580379383023568082e-05
9.580379383023568082e-05
9.580379383023568082e-05
9.580379383023568082e-05
9.580379383023568082e-05
9.580379383023568082e-05
3.832151753209427233e-04
9.580379383023568082e-05
2.874113814907070289e-04
1.916075876604713616e-04
9.580379383023568082e-05
9.580379383023568082e-05
9.580379383023568082e-05
9.580379383023568082e-05
9.580379383023568082e-05
1.916075876604713616e-04
9.580379383023568082e-05
9.580379383023568082e-05
9.580379383023568082e-05
2.874113814907070289e-04
9.580379383023568082e-05
9.580379383023568082e-05
2.874113814907070289e-04
9.580379383023568082e-05
9.580379383023568082e-05
9.580379383023568082e-05
9.580379383023568082e-05
9.580379383023568082e-05
9.580379383023568082e-05
9.580379383023568082e-05
9.580379383023568082e-05
9.580379383023568082e-05
2.874113814907070289e-04
9.580379383023568082e-05
9.580379383023568082e-05
1.916075876604713616e-04
9.580379383023568082e-05
9.580379383023568082e-05
9.580379383023568082e-05
1.916075876604713616e-04
2.874113814907070289e-04
9.580379383023568082e-05
9.580379383023568082e-05
9.580379383023568082e-05
9.580379383023568082e-05
9.580379383023568082e-05
9.580379383023568082e-05
9.580379383023568082e-05
9.580379383023568082e-05
9.580379383023568082e-05
2.874113814907070289e-04
2.874113814907070289e-04
9.580379383023568082e-05
9.580379383023568082e-05
9.580379383023568082e-05
9.580379383023568082e-05
9.580379383023568082e-05
9.580379383023568082e-05
9.580379383023568082e-05
9.580379383023568082e-05
9.580379383023568082e-05
9.580379383023568082e-05
9.580379383023568082e-05
9.580379383023568082e-05
