1.944039436228563525e-03
1.312226619454280423e-02
1.312226619454280423e-02
7.234603901964868633e-02
5.950149274456710546e-02
2.312018329514684348e-02
5.970978268416302082e-02
4.860098590571408812e-04
2.707769214746927767e-03
4.860098590571408812e-04
6.942997986530584018e-05
9.511907241546900538e-03
1.319169617440810963e-03
4.131083801985697274e-02
1.409428591265708512e-02
1.944039436228563525e-03
2.256474345622439676e-02
1.374713601333055549e-02
6.942997986530584018e-05
6.942997986530584018e-05
2.360619315420398566e-03
2.777199194612233607e-03
6.942997986530584018e-05
6.942997986530584018e-05
6.942997986530584018e-05
1.242796639588974496e-02
5.762688328820384301e-03
6.942997986530584018e-05
4.165798791918350411e-04
6.942997986530584018e-05
6.942997986530584018e-05
5.137818510032632173e-03
5.137818510032632173e-03
7.012427966395889424e-03
6.942997986530584018e-05
7.637297785183642419e-04
8.956467402624453816e-03
6.942997986530584018e-05
2.430049295285704319e-02
6.942997986530584018e-05
6.942997986530584018e-05
7.637297785183642419e-04
4.860098590571408812e-03
6.942997986530584018e-05
2.353676317433868112e-02
1.735749496632646004e-03
8.678747483163230456e-03
4.443518711379573771e-03
6.942997986530584018e-05
6.942997986530584018e-05
4.165798791918350411e-04
6.942997986530584018e-05
6.942997986530584018e-05
3.610358952995903689e-03
6.942997986530584018e-05
6.942997986530584018e-05
6.942997986530584018e-05
8.539887523432617908e-03
9.789627161008123898e-03
1.478858571131014439e-02
6.942997986530584018e-05
1.735749496632646004e-03
4.165798791918350411e-04
1.416371589252239140e-02
6.942997986530584018e-05
1.944039436228563525e-03
6.942997986530584018e-04
1.944039436228563525e-03
6.942997986530584018e-05
6.942997986530584018e-05
6.942997986530584018e-05
1.110879677844893443e-03
1.055335693952648771e-02
4.374088731514267497e-03
8.053877664375477460e-03
6.942997986530584018e-05
6.942997986530584018e-05
6.942997986530584018e-05
8.887037422759147542e-03
4.165798791918350411e-03
3.818648892591821210e-03
1.298340623481219168e-02
4.512948691244879178e-03
6.942997986530584018e-05
7.012427966395889424e-03
6.942997986530584018e-05
6.942997986530584018e-05
1.201138651669791078e-02
1.208081649656321532e-02
6.942997986530584018e-05
6.942997986530584018e-05
6.942997986530584018e-05
8.262167603971394547e-03
7.359577865722419059e-03
6.942997986530584018e-05
6.942997986530584018e-05
6.942997986530584018e-05
6.942997986530584018e-05
6.942997986530584018e-05
1.874609456363257685e-03
6.942997986530584018e-05
6.942997986530584018e-05
6.942997986530584018e-05
6.942997986530584018e-05
2.291189335555092726e-03
6.942997986530584018e-05
6.942997986530584018e-05
6.942997986530584018e-05
1.027563702006526435e-02
3.818648892591821210e-03
6.942997986530584018e-05
6.040408248281607662e-03
6.942997986530584018e-05
4.443518711379573771e-03
2.152329375824481045e-03
6.942997986530584018e-05
6.942997986530584018e-05
6.942997986530584018e-05
6.942997986530584018e-05
6.942997986530584018e-05
6.942997986530584018e-05
7.776157744914254100e-03
8.956467402624453816e-03
8.678747483163230456e-03
8.678747483163230456e-03
2.291189335555092726e-03
6.942997986530584018e-05
6.942997986530584018e-05
2.082899395959175205e-03
1.735749496632646004e-03
6.942997986530584018e-05
6.942997986530584018e-05
2.777199194612233607e-04
6.942997986530584018e-05
6.942997986530584018e-05
6.942997986530584018e-05
6.942997986530584018e-05
6.942997986530584018e-05
9.025897382489759223e-04
4.374088731514267497e-03
6.942997986530584018e-05
6.942997986530584018e-05
6.942997986530584018e-05
5.762688328820384301e-03
6.942997986530584018e-05
6.942997986530584018e-05
6.942997986530584018e-05
6.942997986530584018e-05
3.471498993265292009e-03
6.942997986530584018e-05
6.942997986530584018e-05
6.942997986530584018e-05
6.942997986530584018e-05
6.248698187877525616e-03
6.942997986530584018e-05
6.942997986530584018e-05
6.942997986530584018e-05
6.942997986530584018e-05
4.721238630840797132e-03
5.346108449628549260e-03
1.735749496632646004e-03
6.734708046934666063e-03
6.942997986530584018e-05
6.942997986530584018e-05
6.456988127473442703e-03
6.942997986530584018e-05
6.942997986530584018e-05
4.235228771783655817e-03
6.942997986530584018e-05
3.124349093938762808e-03
6.942997986530584018e-05
2.638339234881621927e-03
6.942997986530584018e-05
2.082899395959175205e-04
4.790668610706102538e-03
6.942997986530584018e-05
6.942997986530584018e-05
6.942997986530584018e-05
6.942997986530584018e-05
6.942997986530584018e-05
1.180309657710199283e-03
6.942997986530584018e-05
6.942997986530584018e-05
6.942997986530584018e-05
6.942997986530584018e-05
6.942997986530584018e-05
1.874609456363257685e-03
6.942997986530584018e-05
6.942997986530584018e-05
6.942997986530584018e-05
6.942997986530584018e-05
6.942997986530584018e-05
6.942997986530584018e-05
6.942997986530584018e-05
6.942997986530584018e-05
6.942997986530584018e-05
4.790668610706102538e-03
2.568909255016316086e-03
9.720197181142817625e-04
3.471498993265292009e-04
1.874609456363257685e-03
6.942997986530584018e-05
1.388599597306116804e-03
4.165798791918350411e-04
6.942997986530584018e-05
4.026938832187738730e-03
6.942997986530584018e-05
6.942997986530584018e-05
6.942997986530584018e-05
6.942997986530584018e-05
3.471498993265292009e-04
6.942997986530584018e-05
4.443518711379573771e-03
6.942997986530584018e-05
6.942997986530584018e-05
2.082899395959175205e-04
3.749218912726515369e-03
6.942997986530584018e-05
2.777199194612233607e-04
6.942997986530584018e-05
6.942997986530584018e-05
6.942997986530584018e-05
6.942997986530584018e-05
6.942997986530584018e-05
4.860098590571408812e-04
3.679788932861209529e-03
6.942997986530584018e-05
2.777199194612233607e-04
6.942997986530584018e-05
6.942997986530584018e-05
6.942997986530584018e-05
6.942997986530584018e-05
9.720197181142817625e-04
2.777199194612233607e-03
6.942997986530584018e-05
1.805179476497951845e-03
6.942997986530584018e-05
6.942997986530584018e-05
6.942997986530584018e-05
2.985489134208151128e-03
4.860098590571408812e-04
6.942997986530584018e-05
2.985489134208151128e-03
6.942997986530584018e-05
6.942997986530584018e-05
6.942997986530584018e-05
6.942997986530584018e-05
6.942997986530584018e-05
6.942997986530584018e-05
6.942997986530584018e-05
6.942997986530584018e-05
2.777199194612233607e-03
6.942997986530584018e-05
6.942997986530584018e-05
1.388599597306116804e-04
2.985489134208151128e-03
6.942997986530584018e-05
6.942997986530584018e-05
6.942997986530584018e-05
6.942997986530584018e-05
6.942997986530584018e-05
6.942997986530584018e-05
6.942997986530584018e-05
6.248698187877525616e-04
6.942997986530584018e-05
6.942997986530584018e-05
2.985489134208151128e-03
6.942997986530584018e-05
2.777199194612233607e-03
6.942997986530584018e-05
2.568909255016316086e-03
6.942997986530584018e-05
6.942997986530584018e-05
2.499479275151010246e-03
1.944039436228563525e-03
2.777199194612233607e-04
6.942997986530584018e-05
6.942997986530584018e-05
6.942997986530584018e-05
6.942997986530584018e-05
6.942997986530584018e-05
6.942997986530584018e-05
6.942997986530584018e-05
6.942997986530584018e-05
2.499479275151010246e-03
6.942997986530584018e-05
6.942997986530584018e-05
2.082899395959175205e-03
6.942997986530584018e-05
6.942997986530584018e-05
6.942997986530584018e-05
6.942997986530584018e-05
1.805179476497951845e-03
2.499479275151010246e-03
2.568909255016316086e-03
6.942997986530584018e-05
6.942997986530584018e-05
6.942997986530584018e-05
2.568909255016316086e-03
2.499479275151010246e-03
6.942997986530584018e-05
3.471498993265292009e-04
2.499479275151010246e-03
6.942997986530584018e-05
6.942997986530584018e-05
3.471498993265292009e-04
2.082899395959175205e-03
6.942997986530584018e-05
6.942997986530584018e-05
6.942997986530584018e-05
6.942997986530584018e-05
6.942997986530584018e-05
1.735749496632646004e-03
6.942997986530584018e-05
1.805179476497951845e-03
6.942997986530584018e-05
1.735749496632646004e-03
6.942997986530584018e-05
2.777199194612233607e-04
3.471498993265292009e-04
2.082899395959175205e-04
1.735749496632646004e-03
6.942997986530584018e-05
6.942997986530584018e-05
1.735749496632646004e-03
6.942997986530584018e-05
1.874609456363257685e-03
2.291189335555092726e-03
1.596889536902034324e-03
6.248698187877525616e-04
6.942997986530584018e-05
6.942997986530584018e-05
6.942997986530584018e-05
2.152329375824481045e-03
6.942997986530584018e-05
1.458029577171422644e-03
6.942997986530584018e-05
6.942997986530584018e-05
6.942997986530584018e-05
6.942997986530584018e-05
6.942997986530584018e-05
1.944039436228563525e-03
6.942997986530584018e-05
6.942997986530584018e-05
6.942997986530584018e-05
2.082899395959175205e-04
1.735749496632646004e-03
1.458029577171422644e-03
6.942997986530584018e-05
1.388599597306116804e-04
6.942997986530584018e-05
1.805179476497951845e-03
6.942997986530584018e-05
6.942997986530584018e-05
6.942997986530584018e-05
2.082899395959175205e-04
1.388599597306116804e-03
6.942997986530584018e-05
6.942997986530584018e-05
1.874609456363257685e-03
4.860098590571408812e-04
1.805179476497951845e-03
5.554398389224467214e-04
6.942997986530584018e-05
6.942997986530584018e-05
6.942997986530584018e-05
1.388599597306116804e-03
6.942997986530584018e-05
6.942997986530584018e-05
6.942997986530584018e-05
1.805179476497951845e-03
6.942997986530584018e-05
1.388599597306116804e-03
1.527459557036728484e-03
6.942997986530584018e-05
1.458029577171422644e-03
6.942997986530584018e-05
1.388599597306116804e-03
1.874609456363257685e-03
1.458029577171422644e-03
6.942997986530584018e-05
1.874609456363257685e-03
6.942997986530584018e-05
6.942997986530584018e-05
6.942997986530584018e-05
6.942997986530584018e-05
6.942997986530584018e-05
6.942997986530584018e-05
6.942997986530584018e-05
6.942997986530584018e-05
6.942997986530584018e-05
6.942997986530584018e-05
6.942997986530584018e-05
6.942997986530584018e-05
6.942997986530584018e-05
6.942997986530584018e-05
1.527459557036728484e-03
6.942997986530584018e-05
6.942997986530584018e-05
6.942997986530584018e-05
6.942997986530584018e-05
6.942997986530584018e-05
1.527459557036728484e-03
6.942997986530584018e-05
1.458029577171422644e-03
6.942997986530584018e-05
6.942997986530584018e-05
6.942997986530584018e-05
6.942997986530584018e-05
6.942997986530584018e-05
6.942997986530584018e-05
6.942997986530584018e-05
6.942997986530584018e-05
1.596889536902034324e-03
6.942997986530584018e-05
6.942997986530584018e-05
6.942997986530584018e-05
1.180309657710199283e-03
1.110879677844893443e-03
6.942997986530584018e-05
6.942997986530584018e-05
6.942997986530584018e-05
6.942997986530584018e-05
6.942997986530584018e-05
6.942997986530584018e-05
6.942997986530584018e-05
6.942997986530584018e-05
6.942997986530584018e-05
6.942997986530584018e-05
1.527459557036728484e-03
6.942997986530584018e-05
6.942997986530584018e-05
6.942997986530584018e-05
6.942997986530584018e-05
6.942997986530584018e-05
6.942997986530584018e-05
6.942997986530584018e-05
6.942997986530584018e-05
6.942997986530584018e-05
6.942997986530584018e-05
6.942997986530584018e-05
6.942997986530584018e-05
6.942997986530584018e-05
6.942997986530584018e-05
6.942997986530584018e-05
6.942997986530584018e-05
1.110879677844893443e-03
1.596889536902034324e-03
1.249739637575505123e-03
6.942997986530584018e-05
1.041449697979587603e-03
2.777199194612233607e-04
1.319169617440810963e-03
6.942997986530584018e-05
6.942997986530584018e-05
5.554398389224467214e-04
6.942997986530584018e-05
6.248698187877525616e-04
6.942997986530584018e-05
6.942997986530584018e-05
6.942997986530584018e-05
6.942997986530584018e-05
1.110879677844893443e-03
1.110879677844893443e-03
1.110879677844893443e-03
1.180309657710199283e-03
6.942997986530584018e-05
6.942997986530584018e-05
6.942997986530584018e-05
6.942997986530584018e-05
6.942997986530584018e-05
3.471498993265292009e-04
6.942997986530584018e-05
3.471498993265292009e-04
6.942997986530584018e-05
6.942997986530584018e-05
6.942997986530584018e-05
6.942997986530584018e-05
4.860098590571408812e-04
6.942997986530584018e-05
6.942997986530584018e-05
6.942997986530584018e-05
6.942997986530584018e-05
6.942997986530584018e-05
6.942997986530584018e-05
4.860098590571408812e-04
9.025897382489759223e-04
6.942997986530584018e-05
6.942997986530584018e-05
6.942997986530584018e-05
8.331597583836700821e-04
6.942997986530584018e-05
6.942997986530584018e-05
6.942997986530584018e-05
6.942997986530584018e-05
1.388599597306116804e-03
6.942997986530584018e-05
6.942997986530584018e-05
6.942997986530584018e-05
6.942997986530584018e-05
1.110879677844893443e-03
6.942997986530584018e-05
6.942997986530584018e-05
2.082899395959175205e-04
6.942997986530584018e-05
6.942997986530584018e-05
6.942997986530584018e-05
6.942997986530584018e-05
6.942997986530584018e-05
6.942997986530584018e-05
6.942997986530584018e-05
6.942997986530584018e-05
6.942997986530584018e-05
6.942997986530584018e-05
6.942997986530584018e-05
6.942997986530584018e-05
6.942997986530584018e-05
6.942997986530584018e-05
6.942997986530584018e-05
6.942997986530584018e-05
6.942997986530584018e-05
1.319169617440810963e-03
6.942997986530584018e-05
6.942997986530584018e-05
6.942997986530584018e-05
6.942997986530584018e-05
6.942997986530584018e-05
6.942997986530584018e-05
6.942997986530584018e-05
6.942997986530584018e-05
6.942997986530584018e-05
6.942997986530584018e-05
6.942997986530584018e-05
6.942997986530584018e-05
6.942997986530584018e-05
4.860098590571408812e-04
6.942997986530584018e-05
6.942997986530584018e-05
6.942997986530584018e-05
6.942997986530584018e-05
6.942997986530584018e-05
6.942997986530584018e-05
6.942997986530584018e-05
6.942997986530584018e-05
6.942997986530584018e-05
6.942997986530584018e-05
4.860098590571408812e-04
6.942997986530584018e-05
6.942997986530584018e-05
6.942997986530584018e-05
4.860098590571408812e-04
6.942997986530584018e-05
6.942997986530584018e-05
6.942997986530584018e-05
6.942997986530584018e-05
6.942997986530584018e-05
6.942997986530584018e-05
6.942997986530584018e-05
6.942997986530584018e-05
6.942997986530584018e-05
6.942997986530584018e-05
6.942997986530584018e-05
6.942997986530584018e-05
6.942997986530584018e-05
6.942997986530584018e-05
8.331597583836700821e-04
6.942997986530584018e-05
6.942997986530584018e-05
6.942997986530584018e-05
6.942997986530584018e-05
6.942997986530584018e-05
6.942997986530584018e-05
6.942997986530584018e-05
6.942997986530584018e-05
4.860098590571408812e-04
6.942997986530584018e-05
6.942997986530584018e-05
6.942997986530584018e-05
6.942997986530584018e-05
6.942997986530584018e-05
6.942997986530584018e-05
6.942997986530584018e-05
6.942997986530584018e-05
6.942997986530584018e-05
6.942997986530584018e-05
6.942997986530584018e-05
6.942997986530584018e-05
6.942997986530584018e-05
6.942997986530584018e-05
6.942997986530584018e-05
6.942997986530584018e-05
6.942997986530584018e-05
3.471498993265292009e-04
6.942997986530584018e-05
6.942997986530584018e-05
6.942997986530584018e-05
6.942997986530584018e-05
6.942997986530584018e-05
6.942997986530584018e-05
6.942997986530584018e-05
6.942997986530584018e-05
6.942997986530584018e-05
7.637297785183642419e-04
6.942997986530584018e-05
6.942997986530584018e-05
6.942997986530584018e-05
6.942997986530584018e-05
6.942997986530584018e-05
6.942997986530584018e-05
6.942997986530584018e-05
6.942997986530584018e-05
6.942997986530584018e-05
6.942997986530584018e-05
6.942997986530584018e-05
6.942997986530584018e-05
4.165798791918350411e-04
4.165798791918350411e-04
6.942997986530584018e-05
6.942997986530584018e-05
6.942997986530584018e-05
6.942997986530584018e-05
6.942997986530584018e-05
6.942997986530584018e-05
6.942997986530584018e-05
6.942997986530584018e-05
6.942997986530584018e-05
6.942997986530584018e-05
6.942997986530584018e-05
8.331597583836700821e-04
6.942997986530584018e-05
6.942997986530584018e-05
6.942997986530584018e-05
6.942997986530584018e-05
6.942997986530584018e-05
2.082899395959175205e-04
6.942997986530584018e-05
6.942997986530584018e-05
6.942997986530584018e-05
6.942997986530584018e-05
6.942997986530584018e-05
6.942997986530584018e-05
5.554398389224467214e-04
6.942997986530584018e-05
6.942997986530584018e-05
2.777199194612233607e-04
6.942997986530584018e-05
6.942997986530584018e-05
6.942997986530584018e-05
6.942997986530584018e-05
5.554398389224467214e-04
6.942997986530584018e-05
4.860098590571408812e-04
6.942997986530584018e-05
6.942997986530584018e-05
1.388599597306116804e-04
5.554398389224467214e-04
6.942997986530584018e-05
6.942997986530584018e-05
6.942997986530584018e-05
6.942997986530584018e-05
6.248698187877525616e-04
2.777199194612233607e-04
6.942997986530584018e-05
6.942997986530584018e-05
6.942997986530584018e-05
6.942997986530584018e-05
4.860098590571408812e-04
6.942997986530584018e-05
2.777199194612233607e-04
6.942997986530584018e-05
2.777199194612233607e-04
6.942997986530584018e-05
6.942997986530584018e-05
6.942997986530584018e-05
6.942997986530584018e-05
6.942997986530584018e-05
6.942997986530584018e-05
6.942997986530584018e-05
6.942997986530584018e-05
6.942997986530584018e-05
6.942997986530584018e-05
6.942997986530584018e-05
6.942997986530584018e-05
6.942997986530584018e-05
6.942997986530584018e-05
6.942997986530584018e-05
6.942997986530584018e-05
6.942997986530584018e-05
6.942997986530584018e-05
6.942997986530584018e-05
6.942997986530584018e-05
6.942997986530584018e-05
6.942997986530584018e-05
6.942997986530584018e-05
6.942997986530584018e-05
6.942997986530584018e-05
6.942997986530584018e-05
6.942997986530584018e-05
6.942997986530584018e-05
6.942997986530584018e-05
6.942997986530584018e-05
6.942997986530584018e-05
6.942997986530584018e-05
6.942997986530584018e-05
6.942997986530584018e-05
6.942997986530584018e-05
6.942997986530584018e-05
4.860098590571408812e-04
6.942997986530584018e-05
6.942997986530584018e-05
6.942997986530584018e-05
6.942997986530584018e-05
6.942997986530584018e-05
3.471498993265292009e-04
6.942997986530584018e-05
6.942997986530584018e-05
2.082899395959175205e-04
6.942997986530584018e-05
6.942997986530584018e-05
6.248698187877525616e-04
6.942997986530584018e-05
6.942997986530584018e-05
6.942997986530584018e-05
6.942997986530584018e-05
6.942997986530584018e-05
6.942997986530584018e-05
6.942997986530584018e-05
6.942997986530584018e-05
6.942997986530584018e-05
6.942997986530584018e-05
6.942997986530584018e-05
6.942997986530584018e-05
6.942997986530584018e-05
6.942997986530584018e-05
6.942997986530584018e-05
6.942997986530584018e-05
6.942997986530584018e-05
6.942997986530584018e-05
3.471498993265292009e-04
6.942997986530584018e-05
4.860098590571408812e-04
6.942997986530584018e-05
6.942997986530584018e-05
6.942997986530584018e-05
6.942997986530584018e-05
6.942997986530584018e-05
6.942997986530584018e-05
6.942997986530584018e-05
3.471498993265292009e-04
4.860098590571408812e-04
6.942997986530584018e-05
2.777199194612233607e-04
6.942997986530584018e-05
6.942997986530584018e-05
6.942997986530584018e-05
6.942997986530584018e-05
6.942997986530584018e-05
6.942997986530584018e-05
6.942997986530584018e-05
6.942997986530584018e-05
6.942997986530584018e-05
6.942997986530584018e-05
4.860098590571408812e-04
6.942997986530584018e-05
3.471498993265292009e-04
6.942997986530584018e-05
6.942997986530584018e-05
6.942997986530584018e-05
4.860098590571408812e-04
6.942997986530584018e-05
6.942997986530584018e-05
6.942997986530584018e-05
2.777199194612233607e-04
6.942997986530584018e-05
6.942997986530584018e-05
2.777199194612233607e-04
6.942997986530584018e-05
4.860098590571408812e-04
6.942997986530584018e-05
4.860098590571408812e-04
6.942997986530584018e-05
2.777199194612233607e-04
4.860098590571408812e-04
6.942997986530584018e-05
6.942997986530584018e-05
2.777199194612233607e-04
6.942997986530584018e-05
6.942997986530584018e-05
6.942997986530584018e-05
6.942997986530584018e-05
6.942997986530584018e-05
6.942997986530584018e-05
6.942997986530584018e-05
6.942997986530584018e-05
4.860098590571408812e-04
6.942997986530584018e-05
6.942997986530584018e-05
6.942997986530584018e-05
1.388599597306116804e-04
2.777199194612233607e-04
6.942997986530584018e-05
4.860098590571408812e-04
6.942997986530584018e-05
6.942997986530584018e-05
6.942997986530584018e-05
6.942997986530584018e-05
6.942997986530584018e-05
4.165798791918350411e-04
2.082899395959175205e-04
3.471498993265292009e-04
3.471498993265292009e-04
6.942997986530584018e-05
6.942997986530584018e-05
6.942997986530584018e-05
2.082899395959175205e-04
6.942997986530584018e-05
3.471498993265292009e-04
3.471498993265292009e-04
6.942997986530584018e-05
3.471498993265292009e-04
2.777199194612233607e-04
6.942997986530584018e-05
4.165798791918350411e-04
6.942997986530584018e-05
3.471498993265292009e-04
6.942997986530584018e-05
6.942997986530584018e-05
3.471498993265292009e-04
6.942997986530584018e-05
4.165798791918350411e-04
4.165798791918350411e-04
3.471498993265292009e-04
2.777199194612233607e-04
3.471498993265292009e-04
4.165798791918350411e-04
6.942997986530584018e-05
6.942997986530584018e-05
6.942997986530584018e-05
6.942997986530584018e-05
3.471498993265292009e-04
6.942997986530584018e-05
6.942997986530584018e-05
2.082899395959175205e-04
6.942997986530584018e-05
6.942997986530584018e-05
4.165798791918350411e-04
6.942997986530584018e-05
6.942997986530584018e-05
6.942997986530584018e-05
6.942997986530584018e-05
6.942997986530584018e-05
6.942997986530584018e-05
6.942997986530584018e-05
6.942997986530584018e-05
6.942997986530584018e-05
6.942997986530584018e-05
3.471498993265292009e-04
6.942997986530584018e-05
6.942997986530584018e-05
6.942997986530584018e-05
6.942997986530584018e-05
6.942997986530584018e-05
6.942997986530584018e-05
6.942997986530584018e-05
2.082899395959175205e-04
6.942997986530584018e-05
6.942997986530584018e-05
6.942997986530584018e-05
6.942997986530584018e-05
6.942997986530584018e-05
6.942997986530584018e-05
6.942997986530584018e-05
6.942997986530584018e-05
6.942997986530584018e-05
6.942997986530584018e-05
6.942997986530584018e-05
6.942997986530584018e-05
6.942997986530584018e-05
6.942997986530584018e-05
6.942997986530584018e-05
2.777199194612233607e-04
6.942997986530584018e-05
6.942997986530584018e-05
6.942997986530584018e-05
6.942997986530584018e-05
6.942997986530584018e-05
6.942997986530584018e-05
6.942997986530584018e-05
6.942997986530584018e-05
6.942997986530584018e-05
6.942997986530584018e-05
6.942997986530584018e-05
6.942997986530584018e-05
6.942997986530584018e-05
6.942997986530584018e-05
6.942997986530584018e-05
2.082899395959175205e-04
6.942997986530584018e-05
6.942997986530584018e-05
6.942997986530584018e-05
