2.633248214953726879e-02
2.194102434819381053e-02
2.034708781289136861e-02
1.810256493664915561e-02
1.816762357074313064e-02
1.701283281557503663e-02
1.455686937852739699e-02
1.478457459785631825e-02
1.250752240456711600e-02
1.263763967275507126e-02
1.224728786819120722e-02
1.216596457557373584e-02
1.195452401476830920e-02
9.661207162955614061e-03
9.108208773156807256e-03
8.896768212351382349e-03
9.287120016915244650e-03
8.571475041881495074e-03
8.213652554364620287e-03
8.571475041881495074e-03
8.473887090740529066e-03
7.530536896377860827e-03
7.644389506042320592e-03
7.237773042954962800e-03
7.611860188995332212e-03
6.684774653156156862e-03
7.563066213424849207e-03
7.140185091813997659e-03
7.107655774767008411e-03
6.831156579867605876e-03
6.326952165639282075e-03
6.310687507115788318e-03
6.245628873021810690e-03
6.115511604833856300e-03
6.050452970739879539e-03
5.660101166176016371e-03
5.887806385504935902e-03
5.513719239464567358e-03
5.757689117316981513e-03
6.066717629263373296e-03
5.725159800269993132e-03
6.050452970739879539e-03
5.725159800269993132e-03
5.481189922417578977e-03
5.497454580941072734e-03
5.025779483759738181e-03
5.074573459330221185e-03
5.253484703088658579e-03
5.286014020135646960e-03
4.635427679195875013e-03
4.879397557048290035e-03
4.570369045101898252e-03
4.667956996242864261e-03
4.521575069531415247e-03
4.407722459866955482e-03
4.635427679195875013e-03
4.440251776913943862e-03
4.114958606444057455e-03
4.147487923491046703e-03
4.114958606444057455e-03
4.212546557585023464e-03
4.326399167249483230e-03
4.147487923491046703e-03
4.066164630873574451e-03
3.724606801880194721e-03
3.773400777450677292e-03
3.952312021209114686e-03
3.643283509262722902e-03
3.399313631410308748e-03
3.773400777450677292e-03
3.529430899598263137e-03
3.594489533692240332e-03
3.383048972886814124e-03
3.350519655839825743e-03
3.301725680269342739e-03
3.350519655839825743e-03
3.171608412081388349e-03
3.334254997316331553e-03
3.025226485369939770e-03
3.122814436510905345e-03
3.155343753557894159e-03
3.041491143893433960e-03
3.106549777987411155e-03
2.992697168322950955e-03
2.846315241611502376e-03
2.813785924564513562e-03
2.895109217181985380e-03
2.846315241611502376e-03
2.830050583088008186e-03
2.927638534228973761e-03
2.813785924564513562e-03
3.106549777987411155e-03
2.732462631947042177e-03
2.748727290470536367e-03
2.618610022282581978e-03
3.057755802416928150e-03
2.960167851275962575e-03
2.618610022282581978e-03
2.683668656376559172e-03
2.813785924564513562e-03
2.651139339329570792e-03
2.634874680806076602e-03
2.569816046712099407e-03
2.472228095571133398e-03
2.586080705235593597e-03
2.277052193289201814e-03
2.309581510336190628e-03
2.260787534765707624e-03
2.390904802953662013e-03
2.374640144430167823e-03
2.179464242148236239e-03
2.146934925101247425e-03
2.228258217718718810e-03
2.081876291007270230e-03
2.049346973960281849e-03
2.260787534765707624e-03
1.951759022819315841e-03
2.146934925101247425e-03
2.130670266577753234e-03
2.065611632483776040e-03
2.049346973960281849e-03
1.837906413154855858e-03
2.081876291007270230e-03
2.016817656913293035e-03
2.016817656913293035e-03
2.016817656913293035e-03
2.016817656913293035e-03
1.870435730201844456e-03
2.033082315436787225e-03
1.821641754631361451e-03
1.951759022819315841e-03
1.707789144966901469e-03
1.772847779060878664e-03
1.935494364295821650e-03
1.951759022819315841e-03
2.000552998389798845e-03
1.756583120537384256e-03
1.805377096107867261e-03
1.821641754631361451e-03
1.740318462013890066e-03
1.772847779060878664e-03
1.707789144966901469e-03
1.756583120537384256e-03
1.577671876778947080e-03
1.691524486443407062e-03
1.675259827919912872e-03
1.707789144966901469e-03
1.626465852349429867e-03
1.512613242684969885e-03
1.610201193825935677e-03
1.512613242684969885e-03
1.545142559731958482e-03
1.577671876778947080e-03
1.447554608590992690e-03
1.545142559731958482e-03
1.577671876778947080e-03
1.512613242684969885e-03
1.691524486443407062e-03
1.610201193825935677e-03
1.236114047785566699e-03
1.545142559731958482e-03
1.561407218255452672e-03
1.496348584161475478e-03
1.496348584161475478e-03
1.496348584161475478e-03
1.447554608590992690e-03
1.480083925637981287e-03
1.431289950067498283e-03
1.415025291544004093e-03
1.317437340403038301e-03
1.284908023356049703e-03
1.203584730738578102e-03
1.333701998926532491e-03
1.349966657450026898e-03
1.317437340403038301e-03
1.382495974497015495e-03
1.219849389262072509e-03
1.236114047785566699e-03
1.252378706309061106e-03
1.301172681879543894e-03
1.171055413691589504e-03
1.171055413691589504e-03
1.317437340403038301e-03
1.252378706309061106e-03
1.122261438121106717e-03
1.301172681879543894e-03
1.219849389262072509e-03
1.252378706309061106e-03
1.154790755168095314e-03
1.057202804027129522e-03
1.349966657450026898e-03
1.122261438121106717e-03
1.105996779597612310e-03
1.154790755168095314e-03
1.171055413691589504e-03
1.187320072215083911e-03
1.138526096644600907e-03
1.105996779597612310e-03
1.089732121074118119e-03
1.089732121074118119e-03
1.154790755168095314e-03
1.203584730738578102e-03
9.921441699331523274e-04
1.105996779597612310e-03
1.138526096644600907e-03
9.270855358391750243e-04
1.040938145503635115e-03
1.105996779597612310e-03
1.073467462550623712e-03
9.270855358391750243e-04
8.620269017451978296e-04
1.008408828456646518e-03
1.024673486980140925e-03
1.040938145503635115e-03
9.596148528861636216e-04
9.433501943626693229e-04
8.620269017451978296e-04
9.108208773156807256e-04
1.057202804027129522e-03
1.024673486980140925e-03
9.758795114096579203e-04
9.108208773156807256e-04
9.758795114096579203e-04
1.105996779597612310e-03
9.433501943626693229e-04
8.457622432217035309e-04
1.040938145503635115e-03
9.270855358391750243e-04
8.457622432217035309e-04
8.782915602686921282e-04
9.758795114096579203e-04
8.457622432217035309e-04
8.132329261747149336e-04
8.945562187921864269e-04
8.782915602686921282e-04
8.620269017451978296e-04
9.108208773156807256e-04
8.132329261747149336e-04
7.807036091277263362e-04
6.831156579867605442e-04
7.807036091277263362e-04
8.620269017451978296e-04
6.831156579867605442e-04
7.969682676512206349e-04
8.782915602686921282e-04
8.132329261747149336e-04
8.457622432217035309e-04
7.807036091277263362e-04
7.807036091277263362e-04
7.481742920807377389e-04
7.807036091277263362e-04
6.993803165102548429e-04
7.644389506042320375e-04
8.132329261747149336e-04
6.993803165102548429e-04
6.993803165102548429e-04
7.644389506042320375e-04
7.156449750337491415e-04
7.644389506042320375e-04
7.807036091277263362e-04
7.969682676512206349e-04
6.993803165102548429e-04
6.831156579867605442e-04
7.319096335572434402e-04
6.993803165102548429e-04
7.807036091277263362e-04
6.831156579867605442e-04
6.668509994632662455e-04
6.343216824162776482e-04
6.505863409397719468e-04
6.831156579867605442e-04
6.180570238927833495e-04
7.319096335572434402e-04
6.180570238927833495e-04
6.993803165102548429e-04
6.831156579867605442e-04
6.505863409397719468e-04
7.156449750337491415e-04
6.505863409397719468e-04
6.180570238927833495e-04
6.017923653692890508e-04
6.343216824162776482e-04
6.505863409397719468e-04
6.831156579867605442e-04
5.692630483223004535e-04
6.180570238927833495e-04
5.855277068457947522e-04
6.180570238927833495e-04
6.668509994632662455e-04
6.505863409397719468e-04
7.156449750337491415e-04
5.855277068457947522e-04
5.204690727518175575e-04
5.692630483223004535e-04
5.855277068457947522e-04
6.180570238927833495e-04
6.343216824162776482e-04
5.529983897988061548e-04
5.855277068457947522e-04
5.692630483223004535e-04
4.879397557048289601e-04
5.855277068457947522e-04
5.692630483223004535e-04
5.042044142283232588e-04
6.180570238927833495e-04
5.042044142283232588e-04
5.204690727518175575e-04
5.042044142283232588e-04
5.204690727518175575e-04
5.692630483223004535e-04
5.529983897988061548e-04
5.855277068457947522e-04
4.879397557048289601e-04
5.204690727518175575e-04
5.042044142283232588e-04
5.692630483223004535e-04
4.554104386578403628e-04
5.692630483223004535e-04
4.228811216108517654e-04
5.042044142283232588e-04
5.204690727518175575e-04
4.879397557048289601e-04
4.879397557048289601e-04
5.042044142283232588e-04
4.391457801343460641e-04
4.879397557048289601e-04
5.367337312753118561e-04
5.204690727518175575e-04
4.066164630873574668e-04
4.066164630873574668e-04
5.529983897988061548e-04
5.204690727518175575e-04
5.204690727518175575e-04
4.879397557048289601e-04
4.554104386578403628e-04
4.228811216108517654e-04
4.554104386578403628e-04
4.228811216108517654e-04
5.367337312753118561e-04
4.554104386578403628e-04
4.228811216108517654e-04
5.204690727518175575e-04
5.042044142283232588e-04
5.042044142283232588e-04
4.716750971813346615e-04
4.716750971813346615e-04
3.903518045638631681e-04
3.740871460403688694e-04
4.228811216108517654e-04
5.204690727518175575e-04
4.554104386578403628e-04
4.066164630873574668e-04
4.554104386578403628e-04
4.554104386578403628e-04
4.879397557048289601e-04
4.228811216108517654e-04
3.578224875168745708e-04
4.879397557048289601e-04
3.903518045638631681e-04
4.554104386578403628e-04
4.066164630873574668e-04
4.066164630873574668e-04
4.066164630873574668e-04
4.391457801343460641e-04
4.391457801343460641e-04
4.554104386578403628e-04
3.578224875168745708e-04
4.554104386578403628e-04
3.903518045638631681e-04
4.228811216108517654e-04
4.066164630873574668e-04
4.716750971813346615e-04
3.090285119463916748e-04
3.415578289933802721e-04
4.554104386578403628e-04
3.252931704698859734e-04
3.252931704698859734e-04
3.090285119463916748e-04
4.228811216108517654e-04
3.252931704698859734e-04
4.391457801343460641e-04
4.228811216108517654e-04
3.578224875168745708e-04
4.066164630873574668e-04
3.090285119463916748e-04
4.066164630873574668e-04
3.740871460403688694e-04
3.578224875168745708e-04
4.066164630873574668e-04
3.740871460403688694e-04
3.740871460403688694e-04
4.066164630873574668e-04
3.415578289933802721e-04
3.903518045638631681e-04
3.252931704698859734e-04
4.228811216108517654e-04
3.415578289933802721e-04
4.228811216108517654e-04
4.228811216108517654e-04
2.439698778524144801e-04
3.903518045638631681e-04
3.252931704698859734e-04
3.415578289933802721e-04
3.415578289933802721e-04
3.252931704698859734e-04
4.228811216108517654e-04
2.439698778524144801e-04
3.740871460403688694e-04
3.090285119463916748e-04
3.090285119463916748e-04
3.903518045638631681e-04
4.066164630873574668e-04
3.415578289933802721e-04
3.578224875168745708e-04
3.415578289933802721e-04
3.252931704698859734e-04
3.578224875168745708e-04
2.602345363759087787e-04
3.252931704698859734e-04
2.927638534228973761e-04
2.764991948994030774e-04
3.252931704698859734e-04
3.578224875168745708e-04
3.415578289933802721e-04
2.764991948994030774e-04
3.415578289933802721e-04
3.578224875168745708e-04
3.252931704698859734e-04
3.578224875168745708e-04
3.578224875168745708e-04
3.252931704698859734e-04
3.252931704698859734e-04
3.578224875168745708e-04
3.415578289933802721e-04
1.463819267114486880e-04
3.252931704698859734e-04
3.252931704698859734e-04
3.090285119463916748e-04
2.764991948994030774e-04
3.252931704698859734e-04
2.114405608054258827e-04
3.090285119463916748e-04
3.090285119463916748e-04
3.740871460403688694e-04
2.927638534228973761e-04
3.090285119463916748e-04
2.439698778524144801e-04
3.578224875168745708e-04
2.764991948994030774e-04
3.578224875168745708e-04
2.277052193289201814e-04
2.764991948994030774e-04
2.927638534228973761e-04
2.927638534228973761e-04
2.439698778524144801e-04
2.114405608054258827e-04
3.252931704698859734e-04
2.277052193289201814e-04
3.252931704698859734e-04
2.114405608054258827e-04
2.439698778524144801e-04
2.927638534228973761e-04
2.439698778524144801e-04
2.439698778524144801e-04
2.439698778524144801e-04
2.602345363759087787e-04
2.439698778524144801e-04
2.927638534228973761e-04
2.277052193289201814e-04
3.252931704698859734e-04
2.439698778524144801e-04
2.602345363759087787e-04
2.439698778524144801e-04
2.602345363759087787e-04
2.114405608054258827e-04
2.764991948994030774e-04
2.602345363759087787e-04
2.114405608054258827e-04
2.927638534228973761e-04
1.951759022819315841e-04
2.114405608054258827e-04
2.439698778524144801e-04
2.602345363759087787e-04
2.439698778524144801e-04
2.602345363759087787e-04
1.789112437584372854e-04
1.951759022819315841e-04
1.626465852349429867e-04
2.114405608054258827e-04
2.277052193289201814e-04
1.789112437584372854e-04
1.789112437584372854e-04
2.439698778524144801e-04
2.114405608054258827e-04
2.114405608054258827e-04
3.090285119463916748e-04
2.277052193289201814e-04
2.277052193289201814e-04
2.439698778524144801e-04
2.277052193289201814e-04
2.439698778524144801e-04
1.463819267114486880e-04
2.439698778524144801e-04
1.463819267114486880e-04
2.602345363759087787e-04
2.602345363759087787e-04
2.277052193289201814e-04
2.114405608054258827e-04
2.764991948994030774e-04
1.789112437584372854e-04
2.277052193289201814e-04
1.951759022819315841e-04
2.439698778524144801e-04
1.626465852349429867e-04
1.626465852349429867e-04
1.951759022819315841e-04
1.626465852349429867e-04
1.138526096644600907e-04
2.927638534228973761e-04
1.951759022819315841e-04
2.114405608054258827e-04
2.927638534228973761e-04
1.789112437584372854e-04
2.277052193289201814e-04
1.463819267114486880e-04
1.951759022819315841e-04
2.439698778524144801e-04
1.951759022819315841e-04
1.951759022819315841e-04
2.439698778524144801e-04
1.463819267114486880e-04
1.951759022819315841e-04
2.114405608054258827e-04
1.951759022819315841e-04
1.626465852349429867e-04
1.789112437584372854e-04
2.114405608054258827e-04
1.951759022819315841e-04
1.301172681879543894e-04
1.789112437584372854e-04
2.114405608054258827e-04
1.463819267114486880e-04
2.114405608054258827e-04
1.463819267114486880e-04
2.114405608054258827e-04
1.951759022819315841e-04
2.602345363759087787e-04
1.626465852349429867e-04
1.301172681879543894e-04
2.277052193289201814e-04
1.789112437584372854e-04
2.277052193289201814e-04
1.626465852349429867e-04
1.626465852349429867e-04
1.789112437584372854e-04
1.626465852349429867e-04
1.951759022819315841e-04
2.114405608054258827e-04
1.626465852349429867e-04
1.789112437584372854e-04
1.301172681879543894e-04
1.626465852349429867e-04
1.789112437584372854e-04
1.789112437584372854e-04
1.789112437584372854e-04
1.789112437584372854e-04
1.789112437584372854e-04
2.277052193289201814e-04
2.277052193289201814e-04
1.463819267114486880e-04
2.114405608054258827e-04
1.463819267114486880e-04
1.951759022819315841e-04
1.789112437584372854e-04
1.463819267114486880e-04
1.789112437584372854e-04
1.138526096644600907e-04
1.463819267114486880e-04
1.789112437584372854e-04
1.789112437584372854e-04
1.626465852349429867e-04
1.789112437584372854e-04
1.301172681879543894e-04
2.114405608054258827e-04
1.789112437584372854e-04
1.301172681879543894e-04
1.626465852349429867e-04
1.626465852349429867e-04
1.789112437584372854e-04
1.626465852349429867e-04
1.138526096644600907e-04
1.463819267114486880e-04
9.758795114096579203e-05
1.626465852349429867e-04
1.626465852349429867e-04
1.463819267114486880e-04
1.626465852349429867e-04
1.463819267114486880e-04
1.463819267114486880e-04
1.951759022819315841e-04
1.951759022819315841e-04
1.301172681879543894e-04
1.626465852349429867e-04
1.463819267114486880e-04
1.301172681879543894e-04
8.132329261747149336e-05
1.301172681879543894e-04
1.138526096644600907e-04
1.301172681879543894e-04
1.789112437584372854e-04
1.301172681879543894e-04
1.138526096644600907e-04
1.138526096644600907e-04
1.789112437584372854e-04
1.789112437584372854e-04
1.138526096644600907e-04
1.138526096644600907e-04
1.626465852349429867e-04
1.626465852349429867e-04
1.301172681879543894e-04
1.138526096644600907e-04
1.301172681879543894e-04
1.626465852349429867e-04
8.132329261747149336e-05
1.626465852349429867e-04
1.138526096644600907e-04
1.463819267114486880e-04
1.626465852349429867e-04
1.789112437584372854e-04
1.626465852349429867e-04
1.463819267114486880e-04
1.463819267114486880e-04
1.138526096644600907e-04
1.626465852349429867e-04
9.758795114096579203e-05
1.301172681879543894e-04
1.301172681879543894e-04
1.301172681879543894e-04
1.138526096644600907e-04
1.301172681879543894e-04
9.758795114096579203e-05
1.138526096644600907e-04
1.301172681879543894e-04
9.758795114096579203e-05
4.879397557048289601e-05
9.758795114096579203e-05
1.463819267114486880e-04
1.301172681879543894e-04
8.132329261747149336e-05
1.138526096644600907e-04
9.758795114096579203e-05
9.758795114096579203e-05
8.132329261747149336e-05
1.138526096644600907e-04
8.132329261747149336e-05
1.138526096644600907e-04
8.132329261747149336e-05
1.463819267114486880e-04
1.626465852349429867e-04
1.138526096644600907e-04
1.301172681879543894e-04
6.505863409397719468e-05
1.463819267114486880e-04
1.138526096644600907e-04
8.132329261747149336e-05
9.758795114096579203e-05
9.758795114096579203e-05
1.138526096644600907e-04
4.879397557048289601e-05
9.758795114096579203e-05
4.879397557048289601e-05
1.463819267114486880e-04
9.758795114096579203e-05
1.301172681879543894e-04
1.301172681879543894e-04
1.301172681879543894e-04
9.758795114096579203e-05
1.138526096644600907e-04
1.301172681879543894e-04
9.758795114096579203e-05
9.758795114096579203e-05
1.138526096644600907e-04
1.138526096644600907e-04
1.301172681879543894e-04
9.758795114096579203e-05
9.758795114096579203e-05
9.758795114096579203e-05
9.758795114096579203e-05
6.505863409397719468e-05
9.758795114096579203e-05
1.138526096644600907e-04
1.138526096644600907e-04
1.138526096644600907e-04
8.132329261747149336e-05
1.138526096644600907e-04
1.301172681879543894e-04
8.132329261747149336e-05
6.505863409397719468e-05
9.758795114096579203e-05
8.132329261747149336e-05
8.132329261747149336e-05
1.138526096644600907e-04
8.132329261747149336e-05
8.132329261747149336e-05
1.301172681879543894e-04
6.505863409397719468e-05
4.879397557048289601e-05
1.138526096644600907e-04
1.138526096644600907e-04
1.138526096644600907e-04
8.132329261747149336e-05
8.132329261747149336e-05
9.758795114096579203e-05
6.505863409397719468e-05
1.301172681879543894e-04
8.132329261747149336e-05
9.758795114096579203e-05
6.505863409397719468e-05
9.758795114096579203e-05
1.301172681879543894e-04
8.132329261747149336e-05
8.132329261747149336e-05
1.138526096644600907e-04
8.132329261747149336e-05
8.132329261747149336e-05
3.252931704698859734e-05
1.138526096644600907e-04
9.758795114096579203e-05
9.758795114096579203e-05
1.138526096644600907e-04
1.138526096644600907e-04
8.132329261747149336e-05
8.132329261747149336e-05
9.758795114096579203e-05
6.505863409397719468e-05
6.505863409397719468e-05
8.132329261747149336e-05
6.505863409397719468e-05
6.505863409397719468e-05
8.132329261747149336e-05
1.138526096644600907e-04
1.138526096644600907e-04
9.758795114096579203e-05
1.138526096644600907e-04
8.132329261747149336e-05
6.505863409397719468e-05
4.879397557048289601e-05
8.132329261747149336e-05
9.758795114096579203e-05
9.758795114096579203e-05
8.132329261747149336e-05
4.879397557048289601e-05
4.879397557048289601e-05
6.505863409397719468e-05
3.252931704698859734e-05
9.758795114096579203e-05
6.505863409397719468e-05
4.879397557048289601e-05
8.132329261747149336e-05
4.879397557048289601e-05
6.505863409397719468e-05
4.879397557048289601e-05
9.758795114096579203e-05
3.252931704698859734e-05
6.505863409397719468e-05
8.132329261747149336e-05
8.132329261747149336e-05
8.132329261747149336e-05
9.758795114096579203e-05
9.758795114096579203e-05
8.132329261747149336e-05
4.879397557048289601e-05
4.879397557048289601e-05
6.505863409397719468e-05
4.879397557048289601e-05
4.879397557048289601e-05
6.505863409397719468e-05
9.758795114096579203e-05
9.758795114096579203e-05
9.758795114096579203e-05
4.879397557048289601e-05
4.879397557048289601e-05
9.758795114096579203e-05
6.505863409397719468e-05
6.505863409397719468e-05
4.879397557048289601e-05
6.505863409397719468e-05
8.132329261747149336e-05
6.505863409397719468e-05
8.132329261747149336e-05
8.132329261747149336e-05
9.758795114096579203e-05
6.505863409397719468e-05
6.505863409397719468e-05
9.758795114096579203e-05
9.758795114096579203e-05
9.758795114096579203e-05
4.879397557048289601e-05
6.505863409397719468e-05
4.879397557048289601e-05
1.626465852349429867e-05
9.758795114096579203e-05
8.132329261747149336e-05
8.132329261747149336e-05
6.505863409397719468e-05
8.132329261747149336e-05
3.252931704698859734e-05
8.132329261747149336e-05
3.252931704698859734e-05
6.505863409397719468e-05
6.505863409397719468e-05
3.252931704698859734e-05
1.626465852349429867e-05
6.505863409397719468e-05
3.252931704698859734e-05
4.879397557048289601e-05
6.505863409397719468e-05
6.505863409397719468e-05
8.132329261747149336e-05
6.505863409397719468e-05
4.879397557048289601e-05
4.879397557048289601e-05
8.132329261747149336e-05
4.879397557048289601e-05
6.505863409397719468e-05
4.879397557048289601e-05
4.879397557048289601e-05
6.505863409397719468e-05
3.252931704698859734e-05
8.132329261747149336e-05
8.132329261747149336e-05
6.505863409397719468e-05
4.879397557048289601e-05
6.505863409397719468e-05
8.132329261747149336e-05
4.879397557048289601e-05
4.879397557048289601e-05
8.132329261747149336e-05
6.505863409397719468e-05
6.505863409397719468e-05
6.505863409397719468e-05
6.505863409397719468e-05
4.879397557048289601e-05
6.505863409397719468e-05
8.132329261747149336e-05
8.132329261747149336e-05
4.879397557048289601e-05
4.879397557048289601e-05
4.879397557048289601e-05
3.252931704698859734e-05
4.879397557048289601e-05
4.879397557048289601e-05
4.879397557048289601e-05
3.252931704698859734e-05
4.879397557048289601e-05
4.879397557048289601e-05
6.505863409397719468e-05
1.626465852349429867e-05
4.879397557048289601e-05
4.879397557048289601e-05
6.505863409397719468e-05
4.879397557048289601e-05
6.505863409397719468e-05
6.505863409397719468e-05
3.252931704698859734e-05
4.879397557048289601e-05
6.505863409397719468e-05
4.879397557048289601e-05
3.252931704698859734e-05
3.252931704698859734e-05
4.879397557048289601e-05
4.879397557048289601e-05
6.505863409397719468e-05
4.879397557048289601e-05
6.505863409397719468e-05
1.626465852349429867e-05
4.879397557048289601e-05
3.252931704698859734e-05
6.505863409397719468e-05
4.879397557048289601e-05
4.879397557048289601e-05
4.879397557048289601e-05
6.505863409397719468e-05
4.879397557048289601e-05
6.505863409397719468e-05
3.252931704698859734e-05
6.505863409397719468e-05
6.505863409397719468e-05
6.505863409397719468e-05
4.879397557048289601e-05
4.879397557048289601e-05
3.252931704698859734e-05
4.879397557048289601e-05
1.626465852349429867e-05
6.505863409397719468e-05
6.505863409397719468e-05
3.252931704698859734e-05
3.252931704698859734e-05
4.879397557048289601e-05
4.879397557048289601e-05
