3.259001636661210816e-02
2.377250409165302877e-02
2.176759410801963959e-02
1.493453355155482769e-03
5.360065466448444768e-03
1.462765957446808540e-02
7.569558101472995256e-04
1.849427168576104827e-02
1.497545008183306069e-02
1.579378068739770852e-02
1.542553191489361673e-02
1.254091653027823196e-02
1.468903436988543316e-02
2.045826513911620459e-05
7.344517184942716582e-03
1.065875613747954177e-02
5.073649754500818114e-03
6.771685761047463274e-03
1.035188216039279949e-02
1.080196399345335553e-02
1.000409165302782247e-02
8.694762684124385591e-03
9.635842880523732418e-03
9.124386252045826873e-03
9.594926350245499419e-03
4.787234042553191460e-03
7.855973813420621260e-03
9.001636661211129611e-03
8.858428805237315851e-03
8.612929623567921328e-03
7.978723404255318521e-03
6.464811783960720121e-03
6.382978723404254991e-03
5.666939443535187922e-03
7.630932896890344104e-03
6.935351882160392667e-03
4.807692307692307959e-03
6.955810147299509166e-03
1.227495908346972072e-04
7.651391162029459736e-03
7.221767594108019321e-03
7.426350245499181713e-03
5.810147299509001682e-03
6.914893617021276168e-03
2.045826513911620459e-05
5.851063829787233814e-03
3.866612111292962433e-03
5.339607201309329136e-03
6.669394435351882512e-03
5.851063829787233814e-03
6.055646481178396205e-03
5.769230769230769551e-03
5.891980360065466812e-03
4.664484451718494198e-03
5.564648117839607160e-03
5.851063829787233814e-03
5.605564648117839291e-03
2.700490998363338883e-03
2.373158756137479664e-03
8.592471358428805045e-04
5.319148936170212637e-03
4.971358428805237352e-03
5.135024549918166745e-03
9.819967266775776575e-04
4.705400981996726330e-03
4.214402618657938152e-03
4.807692307692307959e-03
4.050736497545007891e-03
4.296235679214402414e-03
4.766775777414074960e-03
4.459901800327332674e-03
4.234860883797053784e-03
1.186579378068739832e-03
2.966448445171849472e-03
1.820785597381341988e-03
4.234860883797053784e-03
4.009819967266775760e-03
4.214402618657938152e-03
1.227495908346972180e-03
2.741407528641571015e-03
2.884615384615384776e-03
4.091653027823240917e-05
2.618657937806874187e-03
3.784779050736497737e-03
1.554828150572831399e-03
3.559738134206219280e-03
3.662029459901800475e-03
8.183306055646481835e-05
4.091653027823240917e-05
3.702945990180032607e-03
3.559738134206219280e-03
3.927986906710310630e-03
1.043371522094926288e-03
1.329787234042553159e-03
3.314238952536824757e-03
3.866612111292962433e-03
3.743862520458265172e-03
3.314238952536824757e-03
3.396072013093289887e-03
3.027823240589198103e-03
3.355155482815057322e-03
3.334697217675941256e-03
3.252864157119476126e-03
3.130114566284778865e-03
2.618657937806874187e-03
2.884615384615384776e-03
2.925531914893616907e-03
2.864157119476268276e-03
2.045826513911620459e-05
1.902618657937806901e-03
2.761865793780687514e-03
9.615384615384615918e-04
2.823240589198036145e-03
1.350245499181669442e-03
1.984451718494271814e-03
2.864157119476268276e-03
2.475450081833060426e-03
2.720949263502454949e-03
2.700490998363338883e-03
2.618657937806874187e-03
2.598199672667757688e-03
6.137479541734860359e-05
2.045826513911620459e-05
2.045826513911620459e-05
2.045826513911620459e-05
1.902618657937806901e-03
2.557283142389525556e-03
2.373158756137479664e-03
1.984451718494271814e-03
1.820785597381341988e-03
2.475450081833060426e-03
2.168576104746317706e-03
2.189034369885433772e-03
2.454991816693944361e-03
2.475450081833060426e-03
2.536824877250409057e-03
2.229950900163666337e-03
2.291325695581014534e-03
2.066284779050736511e-03
9.410801963993453093e-04
2.250409165302782403e-03
2.168576104746317706e-03
2.229950900163666337e-03
3.273322422258592734e-04
2.148117839607201207e-03
2.127659574468085141e-03
2.168576104746317706e-03
2.066284779050736511e-03
9.206219312602291352e-04
2.045826513911620445e-03
1.923076923076923184e-03
1.963993453355155315e-03
2.004909983633387880e-03
2.045826513911620459e-05
1.963993453355155315e-03
2.004909983633387880e-03
1.923076923076923184e-03
2.148117839607201207e-03
6.751227495908347209e-04
2.045826513911620459e-05
1.472995090016366703e-03
2.045826513911620459e-05
1.902618657937806901e-03
1.902618657937806901e-03
2.045826513911620459e-05
1.841243862520458270e-03
1.882160392798690619e-03
5.932896890343699161e-04
1.800327332242225922e-03
7.774140752864156997e-04
1.636661211129296313e-03
7.774140752864156997e-04
1.698036006546644943e-03
1.677577741407528661e-03
2.864157119476268168e-04
1.759410801963993357e-03
1.554828150572831399e-03
1.575286415711947682e-03
1.595744680851063748e-03
1.657119476268412378e-03
1.166121112929623550e-03
1.493453355155482769e-03
1.677577741407528661e-03
1.595744680851063748e-03
1.432078559738134138e-03
1.657119476268412378e-03
1.022913256955810223e-03
1.595744680851063748e-03
1.472995090016366703e-03
1.350245499181669442e-03
1.718494271685761009e-03
1.432078559738134138e-03
1.411620294599018072e-03
1.472995090016366703e-03
1.493453355155482769e-03
1.513911620294599051e-03
6.137479541734860359e-05
6.751227495908347209e-04
1.125204582651391201e-03
1.309328968903437094e-03
9.410801963993453093e-04
1.534369885433715117e-03
8.797054009819966786e-04
1.309328968903437094e-03
1.452536824877250421e-03
2.045826513911620459e-05
1.329787234042553159e-03
1.411620294599018072e-03
1.370703764320785507e-03
1.186579378068739832e-03
1.022913256955810223e-03
1.288870703764320811e-03
2.045826513911620459e-05
1.329787234042553159e-03
1.227495908346972180e-03
1.166121112929623550e-03
2.045826513911620459e-05
1.166121112929623550e-03
1.288870703764320811e-03
1.309328968903437094e-03
1.247954173486088463e-03
1.166121112929623550e-03
1.247954173486088463e-03
1.411620294599018072e-03
1.084288052373158853e-03
2.045826513911620459e-05
1.329787234042553159e-03
1.125204582651391201e-03
1.084288052373158853e-03
1.125204582651391201e-03
1.247954173486088463e-03
1.084288052373158853e-03
7.774140752864156997e-04
3.477905073649754475e-04
1.125204582651391201e-03
5.932896890343699161e-04
1.166121112929623550e-03
1.043371522094926288e-03
1.002454991816693940e-03
2.045826513911620459e-05
8.797054009819966786e-04
1.104746317512274919e-03
2.045826513911620459e-05
1.022913256955810223e-03
1.125204582651391201e-03
1.043371522094926288e-03
1.084288052373158853e-03
1.002454991816693940e-03
1.002454991816693940e-03
9.615384615384615918e-04
1.002454991816693940e-03
1.022913256955810195e-04
9.819967266775776575e-04
1.043371522094926288e-03
8.797054009819966786e-04
4.091653027823240917e-05
9.819967266775776575e-04
9.206219312602291352e-04
9.819967266775776575e-04
1.002454991816693940e-03
1.022913256955810223e-03
9.001636661211129611e-04
8.797054009819966786e-04
7.774140752864156997e-04
9.001636661211129611e-04
1.002454991816693940e-03
2.045826513911620459e-05
8.592471358428805045e-04
2.045826513911620459e-05
8.387888707037643304e-04
1.432078559738134084e-04
7.978723404255318738e-04
9.410801963993453093e-04
8.183306055646481835e-05
3.477905073649754475e-04
8.183306055646481563e-04
8.387888707037643304e-04
9.206219312602291352e-04
8.387888707037643304e-04
7.978723404255318738e-04
7.774140752864156997e-04
8.183306055646481563e-04
8.387888707037643304e-04
8.797054009819966786e-04
2.045826513911620459e-05
7.978723404255318738e-04
7.569558101472995256e-04
2.045826513911620391e-04
8.592471358428805045e-04
8.387888707037643304e-04
9.206219312602291352e-04
7.569558101472995256e-04
1.636661211129296367e-04
2.045826513911620459e-05
2.045826513911620459e-05
7.978723404255318738e-04
8.183306055646481563e-04
7.160392798690670690e-04
2.045826513911620459e-05
2.045826513911620459e-05
6.342062193126022642e-04
6.751227495908347209e-04
2.045826513911620459e-05
6.546644844517185468e-04
7.978723404255318738e-04
5.728314238952536335e-04
8.183306055646481835e-05
6.546644844517185468e-04
6.751227495908347209e-04
7.364975450081833516e-04
7.160392798690670690e-04
7.569558101472995256e-04
1.432078559738134084e-04
6.751227495908347209e-04
1.432078559738134084e-04
7.364975450081833516e-04
1.022913256955810195e-04
7.364975450081833516e-04
4.909983633387888288e-04
5.728314238952536335e-04
6.342062193126022642e-04
1.432078559738134084e-04
6.342062193126022642e-04
6.546644844517185468e-04
8.183306055646481835e-05
6.342062193126022642e-04
1.636661211129296367e-04
2.045826513911620459e-05
8.183306055646481835e-05
3.682487725040916758e-04
7.160392798690670690e-04
6.751227495908347209e-04
6.751227495908347209e-04
2.045826513911620459e-05
5.932896890343699161e-04
1.432078559738134084e-04
5.932896890343699161e-04
5.523731587561374595e-04
6.955810147299508949e-04
5.932896890343699161e-04
5.523731587561374595e-04
1.227495908346972072e-04
6.546644844517185468e-04
6.546644844517185468e-04
6.137479541734860902e-04
5.728314238952536335e-04
2.045826513911620459e-05
8.183306055646481835e-05
5.523731587561374595e-04
6.546644844517185468e-04
5.932896890343699161e-04
2.045826513911620459e-05
5.932896890343699161e-04
5.932896890343699161e-04
6.342062193126022642e-04
5.114566284779051113e-04
8.183306055646481835e-05
6.342062193126022642e-04
5.114566284779051113e-04
6.137479541734860359e-05
4.091653027823240782e-04
2.045826513911620459e-05
3.887070376432078499e-04
5.728314238952536335e-04
5.728314238952536335e-04
5.932896890343699161e-04
8.183306055646481835e-05
5.932896890343699161e-04
5.114566284779051113e-04
5.523731587561374595e-04
2.045826513911620459e-05
6.137479541734860902e-04
2.045826513911620459e-05
2.045826513911620459e-05
5.932896890343699161e-04
2.045826513911620459e-05
4.296235679214402523e-04
2.045826513911620459e-05
2.045826513911620459e-05
2.045826513911620459e-05
5.728314238952536335e-04
2.045826513911620459e-05
4.705400981996726547e-04
5.319148936170212854e-04
4.091653027823240782e-04
5.319148936170212854e-04
4.909983633387888288e-04
4.705400981996726547e-04
5.319148936170212854e-04
4.909983633387888288e-04
4.909983633387888288e-04
5.319148936170212854e-04
4.500818330605564806e-04
5.114566284779051113e-04
4.296235679214402523e-04
5.523731587561374595e-04
2.045826513911620459e-05
5.523731587561374595e-04
5.523731587561374595e-04
3.273322422258592734e-04
5.114566284779051113e-04
4.296235679214402523e-04
2.045826513911620459e-05
4.500818330605564806e-04
2.045826513911620459e-05
5.523731587561374595e-04
3.273322422258592734e-04
4.909983633387888288e-04
4.091653027823240782e-04
4.091653027823240782e-04
5.114566284779051113e-04
5.319148936170212854e-04
4.500818330605564806e-04
2.045826513911620459e-05
4.500818330605564806e-04
4.296235679214402523e-04
4.705400981996726547e-04
2.045826513911620459e-05
1.227495908346972072e-04
3.887070376432078499e-04
3.682487725040916758e-04
4.296235679214402523e-04
4.705400981996726547e-04
4.500818330605564806e-04
3.682487725040916758e-04
4.500818330605564806e-04
4.705400981996726547e-04
4.296235679214402523e-04
4.705400981996726547e-04
4.091653027823240917e-05
4.296235679214402523e-04
4.296235679214402523e-04
4.705400981996726547e-04
4.500818330605564806e-04
2.045826513911620391e-04
4.296235679214402523e-04
4.296235679214402523e-04
4.091653027823240782e-04
3.682487725040916758e-04
4.296235679214402523e-04
2.864157119476268168e-04
4.091653027823240782e-04
4.091653027823240782e-04
4.909983633387888288e-04
3.887070376432078499e-04
4.091653027823240782e-04
2.045826513911620459e-05
2.045826513911620459e-05
2.045826513911620459e-05
4.705400981996726547e-04
2.045826513911620459e-05
3.068739770867430451e-04
2.045826513911620459e-05
3.887070376432078499e-04
3.273322422258592734e-04
1.432078559738134084e-04
4.296235679214402523e-04
1.432078559738134084e-04
4.296235679214402523e-04
2.864157119476268168e-04
3.273322422258592734e-04
3.887070376432078499e-04
2.045826513911620459e-05
2.045826513911620459e-05
2.045826513911620459e-05
2.045826513911620459e-05
3.273322422258592734e-04
3.887070376432078499e-04
3.068739770867430451e-04
4.296235679214402523e-04
3.273322422258592734e-04
2.659574468085106427e-04
3.273322422258592734e-04
2.659574468085106427e-04
2.864157119476268168e-04
3.682487725040916758e-04
3.477905073649754475e-04
2.864157119476268168e-04
2.659574468085106427e-04
2.659574468085106427e-04
2.864157119476268168e-04
3.273322422258592734e-04
3.477905073649754475e-04
3.273322422258592734e-04
3.477905073649754475e-04
1.227495908346972072e-04
2.045826513911620459e-05
2.250409165302782403e-04
2.864157119476268168e-04
3.068739770867430451e-04
2.045826513911620459e-05
2.454991816693944144e-04
3.273322422258592734e-04
2.864157119476268168e-04
2.864157119476268168e-04
2.045826513911620459e-05
3.068739770867430451e-04
3.068739770867430451e-04
3.273322422258592734e-04
3.068739770867430451e-04
2.045826513911620459e-05
2.045826513911620391e-04
3.273322422258592734e-04
1.636661211129296367e-04
3.477905073649754475e-04
3.477905073649754475e-04
3.068739770867430451e-04
2.864157119476268168e-04
3.682487725040916758e-04
2.454991816693944144e-04
3.068739770867430451e-04
2.659574468085106427e-04
3.273322422258592734e-04
2.250409165302782403e-04
2.250409165302782403e-04
2.659574468085106427e-04
2.250409165302782403e-04
1.636661211129296367e-04
3.887070376432078499e-04
2.659574468085106427e-04
2.864157119476268168e-04
2.045826513911620459e-05
2.454991816693944144e-04
3.068739770867430451e-04
2.045826513911620391e-04
2.659574468085106427e-04
3.273322422258592734e-04
2.659574468085106427e-04
2.659574468085106427e-04
3.273322422258592734e-04
2.045826513911620391e-04
2.659574468085106427e-04
2.864157119476268168e-04
2.659574468085106427e-04
2.250409165302782403e-04
1.227495908346972072e-04
2.864157119476268168e-04
2.659574468085106427e-04
1.841243862520458379e-04
2.454991816693944144e-04
2.864157119476268168e-04
2.045826513911620391e-04
2.864157119476268168e-04
2.045826513911620391e-04
2.864157119476268168e-04
2.659574468085106427e-04
2.250409165302782403e-04
2.250409165302782403e-04
1.841243862520458379e-04
3.068739770867430451e-04
1.227495908346972072e-04
3.068739770867430451e-04
2.250409165302782403e-04
2.250409165302782403e-04
2.454991816693944144e-04
2.250409165302782403e-04
2.659574468085106427e-04
2.864157119476268168e-04
2.250409165302782403e-04
2.454991816693944144e-04
1.841243862520458379e-04
2.250409165302782403e-04
2.454991816693944144e-04
2.454991816693944144e-04
2.454991816693944144e-04
2.045826513911620459e-05
2.454991816693944144e-04
3.068739770867430451e-04
3.068739770867430451e-04
2.045826513911620391e-04
2.864157119476268168e-04
2.045826513911620391e-04
2.659574468085106427e-04
2.454991816693944144e-04
8.183306055646481835e-05
2.454991816693944144e-04
1.636661211129296367e-04
2.045826513911620391e-04
2.454991816693944144e-04
2.454991816693944144e-04
2.250409165302782403e-04
2.454991816693944144e-04
1.841243862520458379e-04
2.864157119476268168e-04
2.454991816693944144e-04
1.841243862520458379e-04
2.250409165302782403e-04
2.250409165302782403e-04
2.454991816693944144e-04
2.250409165302782403e-04
1.636661211129296367e-04
2.045826513911620391e-04
6.137479541734860359e-05
2.250409165302782403e-04
2.250409165302782403e-04
2.045826513911620391e-04
2.250409165302782403e-04
2.045826513911620391e-04
2.045826513911620391e-04
2.659574468085106427e-04
2.659574468085106427e-04
1.841243862520458379e-04
2.045826513911620459e-05
2.045826513911620391e-04
1.841243862520458379e-04
1.227495908346972072e-04
1.841243862520458379e-04
1.636661211129296367e-04
1.841243862520458379e-04
2.454991816693944144e-04
1.841243862520458379e-04
1.636661211129296367e-04
1.636661211129296367e-04
2.454991816693944144e-04
2.454991816693944144e-04
6.137479541734860359e-05
6.137479541734860359e-05
2.250409165302782403e-04
2.250409165302782403e-04
1.841243862520458379e-04
1.636661211129296367e-04
1.841243862520458379e-04
2.250409165302782403e-04
1.227495908346972072e-04
2.250409165302782403e-04
1.636661211129296367e-04
2.045826513911620391e-04
2.250409165302782403e-04
2.045826513911620459e-05
2.250409165302782403e-04
2.045826513911620391e-04
2.045826513911620391e-04
1.636661211129296367e-04
2.250409165302782403e-04
1.022913256955810195e-04
1.841243862520458379e-04
1.841243862520458379e-04
1.841243862520458379e-04
1.636661211129296367e-04
1.841243862520458379e-04
1.432078559738134084e-04
2.045826513911620459e-05
1.841243862520458379e-04
1.432078559738134084e-04
2.045826513911620459e-05
1.432078559738134084e-04
2.045826513911620391e-04
1.841243862520458379e-04
1.227495908346972072e-04
2.045826513911620459e-05
1.432078559738134084e-04
2.045826513911620459e-05
1.227495908346972072e-04
1.636661211129296367e-04
1.022913256955810195e-04
2.045826513911620459e-05
1.227495908346972072e-04
2.045826513911620391e-04
2.250409165302782403e-04
1.636661211129296367e-04
2.045826513911620459e-05
4.091653027823240917e-05
2.045826513911620391e-04
1.636661211129296367e-04
1.227495908346972072e-04
1.432078559738134084e-04
2.045826513911620459e-05
1.636661211129296367e-04
2.045826513911620459e-05
1.432078559738134084e-04
2.045826513911620459e-05
2.045826513911620391e-04
1.432078559738134084e-04
1.841243862520458379e-04
1.841243862520458379e-04
1.841243862520458379e-04
1.432078559738134084e-04
1.636661211129296367e-04
1.841243862520458379e-04
1.432078559738134084e-04
1.432078559738134084e-04
1.636661211129296367e-04
1.636661211129296367e-04
1.841243862520458379e-04
1.432078559738134084e-04
1.432078559738134084e-04
1.432078559738134084e-04
1.432078559738134084e-04
1.022913256955810195e-04
1.432078559738134084e-04
1.636661211129296367e-04
1.636661211129296367e-04
1.636661211129296367e-04
1.227495908346972072e-04
1.636661211129296367e-04
1.841243862520458379e-04
1.227495908346972072e-04
1.022913256955810195e-04
1.432078559738134084e-04
1.227495908346972072e-04
1.227495908346972072e-04
1.636661211129296367e-04
1.227495908346972072e-04
1.227495908346972072e-04
1.841243862520458379e-04
1.022913256955810195e-04
8.183306055646481835e-05
4.091653027823240917e-05
1.636661211129296367e-04
1.636661211129296367e-04
1.227495908346972072e-04
1.227495908346972072e-04
1.432078559738134084e-04
2.045826513911620459e-05
1.841243862520458379e-04
1.227495908346972072e-04
1.022913256955810195e-04
1.022913256955810195e-04
1.432078559738134084e-04
2.045826513911620459e-05
1.227495908346972072e-04
1.227495908346972072e-04
1.636661211129296367e-04
1.227495908346972072e-04
1.227495908346972072e-04
6.137479541734860359e-05
1.636661211129296367e-04
1.432078559738134084e-04
1.432078559738134084e-04
1.636661211129296367e-04
1.636661211129296367e-04
1.227495908346972072e-04
1.227495908346972072e-04
1.432078559738134084e-04
1.022913256955810195e-04
1.022913256955810195e-04
1.227495908346972072e-04
1.022913256955810195e-04
2.045826513911620459e-05
1.227495908346972072e-04
4.091653027823240917e-05
1.636661211129296367e-04
1.432078559738134084e-04
1.636661211129296367e-04
1.227495908346972072e-04
1.022913256955810195e-04
8.183306055646481835e-05
1.227495908346972072e-04
6.137479541734860359e-05
2.045826513911620459e-05
1.227495908346972072e-04
2.045826513911620459e-05
8.183306055646481835e-05
1.022913256955810195e-04
6.137479541734860359e-05
1.432078559738134084e-04
1.022913256955810195e-04
8.183306055646481835e-05
1.227495908346972072e-04
8.183306055646481835e-05
1.022913256955810195e-04
8.183306055646481835e-05
2.045826513911620459e-05
6.137479541734860359e-05
2.045826513911620459e-05
1.227495908346972072e-04
1.227495908346972072e-04
1.227495908346972072e-04
2.045826513911620459e-05
1.432078559738134084e-04
1.227495908346972072e-04
8.183306055646481835e-05
2.045826513911620459e-05
1.022913256955810195e-04
8.183306055646481835e-05
2.045826513911620459e-05
1.022913256955810195e-04
2.045826513911620459e-05
1.432078559738134084e-04
2.045826513911620459e-05
8.183306055646481835e-05
2.045826513911620459e-05
2.045826513911620459e-05
1.022913256955810195e-04
1.022913256955810195e-04
2.045826513911620459e-05
1.022913256955810195e-04
1.227495908346972072e-04
1.022913256955810195e-04
1.227495908346972072e-04
1.227495908346972072e-04
1.432078559738134084e-04
1.022913256955810195e-04
1.022913256955810195e-04
2.045826513911620459e-05
1.432078559738134084e-04
1.432078559738134084e-04
8.183306055646481835e-05
8.183306055646481835e-05
2.045826513911620459e-05
4.091653027823240917e-05
2.045826513911620459e-05
1.227495908346972072e-04
1.227495908346972072e-04
1.022913256955810195e-04
1.227495908346972072e-04
6.137479541734860359e-05
2.045826513911620459e-05
2.045826513911620459e-05
2.045826513911620459e-05
2.045826513911620459e-05
6.137479541734860359e-05
4.091653027823240917e-05
1.022913256955810195e-04
2.045826513911620459e-05
8.183306055646481835e-05
2.045826513911620459e-05
2.045826513911620459e-05
1.227495908346972072e-04
2.045826513911620459e-05
2.045826513911620459e-05
8.183306055646481835e-05
2.045826513911620459e-05
8.183306055646481835e-05
2.045826513911620459e-05
8.183306055646481835e-05
8.183306055646481835e-05
2.045826513911620459e-05
6.137479541734860359e-05
2.045826513911620459e-05
2.045826513911620459e-05
2.045826513911620459e-05
2.045826513911620459e-05
2.045826513911620459e-05
2.045826513911620459e-05
8.183306055646481835e-05
8.183306055646481835e-05
1.227495908346972072e-04
1.022913256955810195e-04
2.045826513911620459e-05
1.022913256955810195e-04
1.022913256955810195e-04
4.091653027823240917e-05
1.022913256955810195e-04
1.227495908346972072e-04
2.045826513911620459e-05
8.183306055646481835e-05
8.183306055646481835e-05
8.183306055646481835e-05
6.137479541734860359e-05
8.183306055646481835e-05
8.183306055646481835e-05
8.183306055646481835e-05
6.137479541734860359e-05
8.183306055646481835e-05
8.183306055646481835e-05
2.045826513911620459e-05
4.091653027823240917e-05
8.183306055646481835e-05
8.183306055646481835e-05
1.022913256955810195e-04
8.183306055646481835e-05
1.022913256955810195e-04
1.022913256955810195e-04
2.045826513911620459e-05
8.183306055646481835e-05
1.022913256955810195e-04
8.183306055646481835e-05
6.137479541734860359e-05
6.137479541734860359e-05
8.183306055646481835e-05
8.183306055646481835e-05
1.022913256955810195e-04
8.183306055646481835e-05
1.022913256955810195e-04
4.091653027823240917e-05
8.183306055646481835e-05
6.137479541734860359e-05
1.022913256955810195e-04
8.183306055646481835e-05
2.045826513911620459e-05
8.183306055646481835e-05
1.022913256955810195e-04
8.183306055646481835e-05
1.022913256955810195e-04
6.137479541734860359e-05
1.022913256955810195e-04
1.022913256955810195e-04
1.022913256955810195e-04
8.183306055646481835e-05
8.183306055646481835e-05
6.137479541734860359e-05
8.183306055646481835e-05
4.091653027823240917e-05
1.022913256955810195e-04
1.022913256955810195e-04
2.045826513911620459e-05
6.137479541734860359e-05
8.183306055646481835e-05
8.183306055646481835e-05
