2.494497432134996223e-02
2.377109317681584677e-02
2.126436781609195373e-02
2.095866960136952631e-02
2.004157495720225099e-02
2.034727317192467494e-02
1.759598923942284204e-02
1.766935681095622296e-02
1.584739545121056567e-02
1.210564930300806960e-02
1.194668623135240922e-02
1.035705551479579323e-02
1.093176815847395414e-02
1.115187087307410209e-02
9.831254585473221327e-03
9.562240156517486100e-03
8.535094155050134204e-03
8.449498654927854735e-03
8.192712154561018062e-03
7.887013939838590643e-03
7.874786011249693823e-03
7.605771582293959464e-03
7.361213010516018743e-03
7.214477867449254310e-03
6.908779652726827758e-03
6.896551724137930939e-03
6.615309366593298893e-03
6.480802152115431279e-03
6.798728295426754650e-03
5.416972364881388925e-03
6.040596722915137981e-03
5.796038151137197260e-03
5.881633651259476729e-03
5.820494008314991766e-03
5.893861579848373548e-03
5.355832721936903962e-03
5.649303008070432827e-03
5.319148936170212637e-03
5.698214722426020971e-03
5.343604793348007143e-03
5.086818292981168735e-03
4.842259721203228014e-03
5.135730007336756879e-03
4.940083149914404302e-03
4.854487649792124833e-03
4.744436292492051725e-03
4.891171435558816158e-03
4.707752506725360400e-03
4.622157006603081798e-03
4.719980435314258087e-03
4.561017363658595968e-03
4.817803864025434375e-03
4.499877720714111004e-03
4.365370506236243391e-03
4.585473220836390473e-03
4.609929078014184112e-03
4.438738077769626041e-03
4.133039863047199489e-03
4.218635363169478958e-03
4.634384935191978618e-03
4.059672291513817706e-03
3.974076791391538237e-03
3.937393005624846912e-03
3.839569576913670623e-03
3.533871362191244939e-03
3.619466862313523974e-03
1.650770359501100518e-03
3.668378576669112118e-03
3.570555147957935830e-03
3.521643433602347686e-03
3.423820004891171397e-03
2.983614575690878099e-03
3.399364147713377325e-03
3.240401076057715640e-03
3.008070432868672171e-03
3.056982147224260316e-03
2.873563218390804558e-03
3.179261433113230676e-03
3.069210075813157135e-03
3.056982147224260316e-03
2.946930789924186774e-03
2.408901932012717188e-03
3.130349718757642532e-03
2.934702861335289955e-03
3.130349718757642532e-03
3.044754218635363063e-03
2.922474932746392702e-03
1.895328931279041240e-03
2.824651504035216414e-03
2.898019075568598630e-03
2.800195646857422341e-03
2.641232575201760656e-03
2.751283932501834197e-03
2.922474932746392702e-03
2.836879432624113666e-03
2.543409146490584367e-03
2.690144289557348800e-03
2.421129860601614007e-03
2.433357789190511260e-03
2.445585717779408079e-03
2.592320860846172512e-03
2.372218146246025863e-03
2.384446074834923116e-03
2.176571288823673286e-03
2.225483003179261430e-03
2.286622646123746827e-03
2.201027146001467358e-03
1.711910002445585699e-03
2.139887503056981961e-03
2.066519931523599744e-03
2.054292002934702925e-03
1.112741501589630715e-03
2.127659574468085141e-03
2.054292002934702925e-03
2.164343360234776033e-03
1.944240645634629601e-03
1.993152359990217528e-03
2.054292002934702925e-03
1.907556859867938276e-03
1.785277573978967915e-03
1.870873074101247167e-03
1.858645145512350131e-03
1.821961359745659023e-03
1.968696502812423456e-03
1.846417216923453095e-03
1.809733431156761987e-03
1.797505502567864951e-03
1.785277573978967915e-03
1.932012717045732348e-03
1.760821716801173843e-03
1.662998288089997554e-03
1.785277573978967915e-03
1.785277573978967915e-03
1.895328931279041240e-03
1.907556859867938276e-03
1.883101002690144203e-03
1.614086573734409410e-03
1.785277573978967915e-03
1.675226216678894590e-03
1.687454145267791627e-03
1.821961359745659023e-03
1.638542430912203482e-03
1.736365859623379771e-03
1.675226216678894590e-03
1.724137931034482735e-03
1.565174859378821266e-03
1.504035216434336086e-03
1.589630716556615338e-03
1.675226216678894590e-03
1.589630716556615338e-03
1.638542430912203482e-03
1.565174859378821266e-03
1.711910002445585699e-03
1.504035216434336086e-03
1.614086573734409410e-03
1.516263145023233122e-03
1.406211787723159797e-03
1.491807287845439050e-03
1.406211787723159797e-03
1.430667644900953869e-03
1.504035216434336086e-03
1.455123502078747941e-03
1.516263145023233122e-03
1.552946930789924230e-03
1.565174859378821266e-03
1.393983859134262761e-03
1.430667644900953869e-03
8.314991440449987772e-04
1.467351430667644977e-03
1.406211787723159797e-03
8.804108584005869214e-04
1.381755930545365508e-03
1.296160430423086256e-03
1.332844216189777364e-03
1.345072144778674400e-03
1.381755930545365508e-03
1.308388359011983292e-03
8.681829298116898854e-04
1.014918072878454426e-03
1.259476644656395148e-03
1.271704573245292184e-03
1.320616287600880328e-03
1.283932501834189220e-03
1.332844216189777364e-03
1.345072144778674400e-03
1.271704573245292184e-03
1.296160430423086256e-03
1.259476644656395148e-03
1.198337001711909967e-03
1.198337001711909967e-03
1.210564930300807003e-03
1.345072144778674508e-04
1.320616287600880328e-03
1.235020787478601076e-03
1.002690144289557390e-03
1.173881144534115895e-03
1.088285644411836643e-03
1.088285644411836643e-03
1.112741501589630715e-03
1.124969430178527751e-03
1.063829787234042571e-03
1.137197358767424787e-03
1.186109073123012931e-03
1.149425287356321823e-03
1.124969430178527751e-03
5.380288579114698034e-04
9.904622157006603544e-04
1.039373930056248499e-03
9.415505013450721017e-04
1.051601858645145535e-03
1.063829787234042571e-03
1.088285644411836643e-03
9.904622157006603544e-04
1.100513573000733679e-03
9.660063585228661738e-04
1.002690144289557390e-03
1.014918072878454426e-03
9.782342871117633183e-04
9.415505013450721017e-04
9.904622157006603544e-04
1.027146001467351463e-03
9.415505013450721017e-04
9.415505013450721017e-04
9.048667155783809935e-04
9.782342871117633183e-04
9.660063585228661738e-04
1.002690144289557390e-03
9.660063585228661738e-04
9.904622157006603544e-04
8.437270726338958133e-04
4.402054292002934607e-04
9.904622157006603544e-04
9.170946441672780296e-04
6.969919295671313806e-04
9.782342871117633183e-04
9.782342871117633183e-04
8.314991440449987772e-04
9.660063585228661738e-04
9.660063585228661738e-04
8.926387869894839575e-04
9.048667155783809935e-04
9.537784299339691378e-04
8.437270726338958133e-04
9.415505013450721017e-04
9.415505013450721017e-04
8.681829298116898854e-04
9.048667155783809935e-04
8.192712154561017411e-04
8.559550012227928493e-04
8.926387869894839575e-04
7.948153582783076690e-04
6.480802152115431279e-04
2.445585717779408228e-05
6.847640009782342361e-04
7.459036439227195248e-04
8.559550012227928493e-04
7.825874296894106330e-04
7.948153582783076690e-04
8.437270726338958133e-04
7.459036439227195248e-04
7.336757153338224887e-04
7.581315725116165609e-04
7.336757153338224887e-04
7.336757153338224887e-04
7.459036439227195248e-04
7.825874296894106330e-04
7.459036439227195248e-04
7.092198581560284166e-04
7.336757153338224887e-04
6.603081438004401640e-04
7.336757153338224887e-04
6.603081438004401640e-04
7.825874296894106330e-04
6.969919295671313806e-04
6.603081438004401640e-04
7.459036439227195248e-04
6.236243580337490558e-04
6.603081438004401640e-04
5.258009293225727673e-04
6.847640009782342361e-04
6.969919295671313806e-04
7.214477867449254527e-04
6.725360723893372000e-04
6.969919295671313806e-04
7.092198581560284166e-04
1.589630716556615230e-04
5.747126436781609116e-04
1.589630716556615230e-04
5.991685008559549837e-04
6.358522866226460919e-04
6.358522866226460919e-04
6.847640009782342361e-04
4.891171435558816592e-04
6.603081438004401640e-04
4.768892149669845689e-04
5.380288579114698034e-04
5.502567865003668394e-04
4.891171435558816592e-04
6.113964294448520197e-04
5.380288579114698034e-04
5.869405722670579476e-04
5.747126436781609116e-04
5.869405722670579476e-04
6.358522866226460919e-04
5.502567865003668394e-04
5.869405722670579476e-04
6.358522866226460919e-04
5.991685008559549837e-04
5.380288579114698034e-04
5.624847150892638755e-04
5.747126436781609116e-04
4.035216434336023525e-04
4.279775006113964247e-04
5.624847150892638755e-04
4.891171435558816592e-04
5.624847150892638755e-04
5.624847150892638755e-04
4.891171435558816592e-04
5.624847150892638755e-04
5.013450721447786952e-04
5.258009293225727673e-04
5.380288579114698034e-04
5.502567865003668394e-04
5.624847150892638755e-04
5.747126436781609116e-04
5.747126436781609116e-04
5.013450721447786952e-04
5.624847150892638755e-04
5.258009293225727673e-04
5.502567865003668394e-04
4.768892149669845689e-04
5.258009293225727673e-04
5.624847150892638755e-04
4.891171435558816592e-04
5.502567865003668394e-04
5.013450721447786952e-04
5.380288579114698034e-04
4.768892149669845689e-04
5.135730007336757313e-04
5.380288579114698034e-04
5.380288579114698034e-04
4.891171435558816592e-04
5.380288579114698034e-04
5.258009293225727673e-04
5.013450721447786952e-04
4.524333577891904968e-04
4.891171435558816592e-04
4.524333577891904968e-04
5.135730007336757313e-04
5.135730007336757313e-04
4.402054292002934607e-04
5.135730007336757313e-04
5.013450721447786952e-04
3.056982147224260099e-04
5.013450721447786952e-04
5.135730007336757313e-04
4.768892149669845689e-04
4.524333577891904968e-04
4.402054292002934607e-04
5.013450721447786952e-04
4.524333577891904968e-04
3.790657862558082804e-04
4.891171435558816592e-04
4.891171435558816592e-04
4.279775006113964247e-04
4.891171435558816592e-04
4.646612863780875328e-04
4.646612863780875328e-04
4.891171435558816592e-04
4.524333577891904968e-04
4.402054292002934607e-04
4.646612863780875328e-04
4.157495720224993886e-04
4.768892149669845689e-04
4.524333577891904968e-04
4.646612863780875328e-04
4.768892149669845689e-04
4.157495720224993886e-04
4.524333577891904968e-04
4.402054292002934607e-04
4.646612863780875328e-04
3.790657862558082804e-04
4.646612863780875328e-04
4.157495720224993886e-04
4.279775006113964247e-04
4.524333577891904968e-04
4.035216434336023525e-04
3.668378576669112444e-04
3.790657862558082804e-04
4.402054292002934607e-04
4.279775006113964247e-04
4.402054292002934607e-04
3.912937148447053165e-04
3.546099290780142083e-04
3.912937148447053165e-04
4.157495720224993886e-04
2.690144289557349017e-04
3.912937148447053165e-04
3.912937148447053165e-04
4.279775006113964247e-04
3.546099290780142083e-04
4.279775006113964247e-04
3.912937148447053165e-04
4.035216434336023525e-04
4.279775006113964247e-04
4.279775006113964247e-04
4.279775006113964247e-04
4.279775006113964247e-04
3.912937148447053165e-04
4.157495720224993886e-04
4.157495720224993886e-04
3.668378576669112444e-04
3.179261433113230459e-04
4.157495720224993886e-04
4.157495720224993886e-04
4.157495720224993886e-04
4.157495720224993886e-04
4.035216434336023525e-04
3.790657862558082804e-04
3.790657862558082804e-04
3.912937148447053165e-04
3.912937148447053165e-04
3.912937148447053165e-04
3.912937148447053165e-04
3.912937148447053165e-04
2.934702861335289738e-04
3.668378576669112444e-04
3.790657862558082804e-04
3.912937148447053165e-04
3.912937148447053165e-04
3.668378576669112444e-04
3.423820004891171180e-04
3.790657862558082804e-04
3.423820004891171180e-04
3.668378576669112444e-04
3.301540719002200820e-04
3.668378576669112444e-04
3.546099290780142083e-04
3.179261433113230459e-04
3.668378576669112444e-04
3.301540719002200820e-04
2.567865003668378656e-04
3.301540719002200820e-04
3.301540719002200820e-04
3.546099290780142083e-04
3.056982147224260099e-04
3.546099290780142083e-04
3.423820004891171180e-04
3.546099290780142083e-04
6.113964294448520739e-05
3.179261433113230459e-04
2.690144289557349017e-04
2.934702861335289738e-04
1.467351430667644869e-04
3.179261433113230459e-04
3.056982147224260099e-04
3.179261433113230459e-04
2.812423575446319378e-04
2.934702861335289738e-04
3.056982147224260099e-04
3.301540719002200820e-04
3.179261433113230459e-04
3.301540719002200820e-04
3.179261433113230459e-04
2.934702861335289738e-04
3.301540719002200820e-04
4.891171435558816456e-05
2.934702861335289738e-04
3.179261433113230459e-04
2.812423575446319378e-04
3.056982147224260099e-04
2.690144289557349017e-04
3.056982147224260099e-04
3.179261433113230459e-04
3.179261433113230459e-04
2.445585717779408228e-05
3.056982147224260099e-04
2.812423575446319378e-04
8.559550012227927951e-05
2.934702861335289738e-04
2.934702861335289738e-04
2.445585717779408228e-05
2.934702861335289738e-04
3.056982147224260099e-04
2.567865003668378656e-04
2.934702861335289738e-04
2.567865003668378656e-04
2.445585717779408228e-05
3.056982147224260099e-04
2.445585717779408228e-05
2.934702861335289738e-04
2.934702861335289738e-04
2.934702861335289738e-04
2.201027146001467304e-04
2.934702861335289738e-04
2.934702861335289738e-04
2.690144289557349017e-04
2.567865003668378656e-04
2.323306431890437664e-04
1.711910002445585590e-04
2.445585717779408296e-04
0.000000000000000000e+00
2.690144289557349017e-04
0.000000000000000000e+00
0.000000000000000000e+00
2.323306431890437664e-04
2.690144289557349017e-04
2.690144289557349017e-04
2.445585717779408296e-04
2.690144289557349017e-04
2.690144289557349017e-04
2.201027146001467304e-04
1.956468574223526582e-04
2.201027146001467304e-04
2.323306431890437664e-04
2.445585717779408296e-04
2.690144289557349017e-04
2.323306431890437664e-04
2.323306431890437664e-04
2.690144289557349017e-04
1.834189288334556222e-04
2.567865003668378656e-04
2.201027146001467304e-04
2.078747860112496943e-04
2.445585717779408296e-04
2.445585717779408296e-04
1.956468574223526582e-04
2.201027146001467304e-04
1.467351430667644869e-04
1.956468574223526582e-04
2.445585717779408296e-04
2.445585717779408296e-04
2.445585717779408296e-04
1.956468574223526582e-04
2.201027146001467304e-04
2.445585717779408296e-04
2.445585717779408296e-04
2.201027146001467304e-04
2.078747860112496943e-04
1.711910002445585590e-04
2.201027146001467304e-04
2.323306431890437664e-04
2.323306431890437664e-04
2.323306431890437664e-04
2.078747860112496943e-04
1.222792858889704148e-04
2.078747860112496943e-04
2.078747860112496943e-04
2.201027146001467304e-04
2.078747860112496943e-04
1.956468574223526582e-04
2.078747860112496943e-04
1.956468574223526582e-04
2.078747860112496943e-04
1.956468574223526582e-04
2.201027146001467304e-04
2.078747860112496943e-04
1.956468574223526582e-04
2.201027146001467304e-04
2.201027146001467304e-04
2.201027146001467304e-04
1.956468574223526582e-04
1.956468574223526582e-04
1.956468574223526582e-04
1.834189288334556222e-04
1.589630716556615230e-04
2.201027146001467304e-04
2.201027146001467304e-04
1.467351430667644869e-04
2.078747860112496943e-04
2.078747860112496943e-04
1.956468574223526582e-04
1.956468574223526582e-04
2.078747860112496943e-04
1.589630716556615230e-04
1.589630716556615230e-04
1.711910002445585590e-04
1.834189288334556222e-04
1.711910002445585590e-04
1.467351430667644869e-04
2.445585717779408228e-05
1.956468574223526582e-04
1.956468574223526582e-04
1.711910002445585590e-04
1.834189288334556222e-04
1.222792858889704148e-04
1.834189288334556222e-04
1.711910002445585590e-04
1.956468574223526582e-04
1.222792858889704148e-04
1.834189288334556222e-04
1.467351430667644869e-04
1.222792858889704148e-04
1.589630716556615230e-04
1.956468574223526582e-04
1.956468574223526582e-04
1.100513573000733652e-04
1.834189288334556222e-04
1.711910002445585590e-04
1.956468574223526582e-04
1.467351430667644869e-04
1.711910002445585590e-04
1.956468574223526582e-04
1.956468574223526582e-04
2.445585717779408228e-05
1.834189288334556222e-04
1.711910002445585590e-04
1.467351430667644869e-04
1.589630716556615230e-04
1.467351430667644869e-04
1.834189288334556222e-04
1.834189288334556222e-04
1.589630716556615230e-04
1.467351430667644869e-04
1.711910002445585590e-04
1.467351430667644869e-04
1.467351430667644869e-04
1.589630716556615230e-04
1.467351430667644869e-04
1.711910002445585590e-04
1.589630716556615230e-04
9.782342871117632912e-05
1.711910002445585590e-04
2.445585717779408228e-05
0.000000000000000000e+00
1.711910002445585590e-04
1.711910002445585590e-04
1.711910002445585590e-04
1.711910002445585590e-04
1.222792858889704148e-04
1.467351430667644869e-04
1.589630716556615230e-04
1.589630716556615230e-04
8.559550012227927951e-05
1.711910002445585590e-04
1.345072144778674508e-04
8.559550012227927951e-05
9.782342871117632912e-05
1.345072144778674508e-04
1.589630716556615230e-04
1.589630716556615230e-04
1.589630716556615230e-04
1.222792858889704148e-04
1.589630716556615230e-04
1.345072144778674508e-04
1.467351430667644869e-04
1.589630716556615230e-04
1.345072144778674508e-04
1.589630716556615230e-04
1.467351430667644869e-04
1.589630716556615230e-04
9.782342871117632912e-05
1.222792858889704148e-04
9.782342871117632912e-05
1.467351430667644869e-04
1.467351430667644869e-04
1.467351430667644869e-04
1.467351430667644869e-04
1.222792858889704148e-04
1.222792858889704148e-04
7.336757153338224345e-05
1.345072144778674508e-04
8.559550012227927951e-05
1.467351430667644869e-04
1.345072144778674508e-04
1.222792858889704148e-04
1.467351430667644869e-04
1.467351430667644869e-04
1.222792858889704148e-04
1.467351430667644869e-04
1.467351430667644869e-04
1.467351430667644869e-04
1.345072144778674508e-04
1.345072144778674508e-04
1.467351430667644869e-04
1.467351430667644869e-04
1.222792858889704148e-04
1.100513573000733652e-04
1.345072144778674508e-04
1.345072144778674508e-04
1.100513573000733652e-04
1.345072144778674508e-04
1.100513573000733652e-04
1.345072144778674508e-04
1.345072144778674508e-04
1.100513573000733652e-04
1.345072144778674508e-04
1.100513573000733652e-04
1.345072144778674508e-04
1.345072144778674508e-04
1.345072144778674508e-04
1.345072144778674508e-04
7.336757153338224345e-05
1.222792858889704148e-04
1.222792858889704148e-04
1.222792858889704148e-04
1.222792858889704148e-04
1.222792858889704148e-04
1.100513573000733652e-04
1.222792858889704148e-04
7.336757153338224345e-05
1.222792858889704148e-04
1.100513573000733652e-04
1.222792858889704148e-04
1.222792858889704148e-04
1.222792858889704148e-04
1.222792858889704148e-04
9.782342871117632912e-05
1.100513573000733652e-04
1.222792858889704148e-04
1.100513573000733652e-04
7.336757153338224345e-05
1.222792858889704148e-04
9.782342871117632912e-05
1.222792858889704148e-04
1.222792858889704148e-04
1.222792858889704148e-04
9.782342871117632912e-05
1.222792858889704148e-04
7.336757153338224345e-05
1.222792858889704148e-04
1.222792858889704148e-04
1.222792858889704148e-04
1.222792858889704148e-04
9.782342871117632912e-05
1.222792858889704148e-04
1.222792858889704148e-04
1.100513573000733652e-04
1.222792858889704148e-04
4.891171435558816456e-05
9.782342871117632912e-05
9.782342871117632912e-05
1.100513573000733652e-04
1.100513573000733652e-04
9.782342871117632912e-05
1.100513573000733652e-04
1.100513573000733652e-04
9.782342871117632912e-05
8.559550012227927951e-05
9.782342871117632912e-05
4.891171435558816456e-05
8.559550012227927951e-05
9.782342871117632912e-05
8.559550012227927951e-05
9.782342871117632912e-05
7.336757153338224345e-05
2.445585717779408228e-05
7.336757153338224345e-05
9.782342871117632912e-05
8.559550012227927951e-05
4.891171435558816456e-05
9.782342871117632912e-05
7.336757153338224345e-05
8.559550012227927951e-05
8.559550012227927951e-05
8.559550012227927951e-05
3.668378576669112173e-05
9.782342871117632912e-05
4.891171435558816456e-05
8.559550012227927951e-05
9.782342871117632912e-05
9.782342871117632912e-05
9.782342871117632912e-05
7.336757153338224345e-05
9.782342871117632912e-05
8.559550012227927951e-05
9.782342871117632912e-05
9.782342871117632912e-05
9.782342871117632912e-05
9.782342871117632912e-05
9.782342871117632912e-05
9.782342871117632912e-05
8.559550012227927951e-05
9.782342871117632912e-05
8.559550012227927951e-05
9.782342871117632912e-05
8.559550012227927951e-05
9.782342871117632912e-05
2.445585717779408228e-05
9.782342871117632912e-05
9.782342871117632912e-05
9.782342871117632912e-05
9.782342871117632912e-05
9.782342871117632912e-05
9.782342871117632912e-05
9.782342871117632912e-05
9.782342871117632912e-05
8.559550012227927951e-05
9.782342871117632912e-05
9.782342871117632912e-05
9.782342871117632912e-05
4.891171435558816456e-05
9.782342871117632912e-05
9.782342871117632912e-05
9.782342871117632912e-05
9.782342871117632912e-05
9.782342871117632912e-05
4.891171435558816456e-05
7.336757153338224345e-05
8.559550012227927951e-05
8.559550012227927951e-05
7.336757153338224345e-05
7.336757153338224345e-05
8.559550012227927951e-05
8.559550012227927951e-05
8.559550012227927951e-05
6.113964294448520739e-05
8.559550012227927951e-05
8.559550012227927951e-05
7.336757153338224345e-05
8.559550012227927951e-05
8.559550012227927951e-05
8.559550012227927951e-05
8.559550012227927951e-05
8.559550012227927951e-05
7.336757153338224345e-05
8.559550012227927951e-05
7.336757153338224345e-05
7.336757153338224345e-05
7.336757153338224345e-05
7.336757153338224345e-05
6.113964294448520739e-05
7.336757153338224345e-05
7.336757153338224345e-05
7.336757153338224345e-05
4.891171435558816456e-05
7.336757153338224345e-05
7.336757153338224345e-05
7.336757153338224345e-05
7.336757153338224345e-05
7.336757153338224345e-05
7.336757153338224345e-05
7.336757153338224345e-05
7.336757153338224345e-05
7.336757153338224345e-05
4.891171435558816456e-05
4.891171435558816456e-05
7.336757153338224345e-05
7.336757153338224345e-05
7.336757153338224345e-05
7.336757153338224345e-05
7.336757153338224345e-05
6.113964294448520739e-05
7.336757153338224345e-05
7.336757153338224345e-05
7.336757153338224345e-05
7.336757153338224345e-05
6.113964294448520739e-05
7.336757153338224345e-05
7.336757153338224345e-05
7.336757153338224345e-05
7.336757153338224345e-05
7.336757153338224345e-05
7.336757153338224345e-05
7.336757153338224345e-05
7.336757153338224345e-05
2.445585717779408228e-05
3.668378576669112173e-05
7.336757153338224345e-05
7.336757153338224345e-05
7.336757153338224345e-05
7.336757153338224345e-05
4.891171435558816456e-05
7.336757153338224345e-05
7.336757153338224345e-05
7.336757153338224345e-05
7.336757153338224345e-05
7.336757153338224345e-05
7.336757153338224345e-05
2.445585717779408228e-05
7.336757153338224345e-05
7.336757153338224345e-05
7.336757153338224345e-05
7.336757153338224345e-05
7.336757153338224345e-05
7.336757153338224345e-05
7.336757153338224345e-05
6.113964294448520739e-05
4.891171435558816456e-05
6.113964294448520739e-05
6.113964294448520739e-05
7.336757153338224345e-05
7.336757153338224345e-05
7.336757153338224345e-05
7.336757153338224345e-05
6.113964294448520739e-05
2.445585717779408228e-05
6.113964294448520739e-05
6.113964294448520739e-05
6.113964294448520739e-05
6.113964294448520739e-05
6.113964294448520739e-05
4.891171435558816456e-05
4.891171435558816456e-05
6.113964294448520739e-05
6.113964294448520739e-05
6.113964294448520739e-05
6.113964294448520739e-05
6.113964294448520739e-05
6.113964294448520739e-05
