1.038993750295168651e-03
3.058734631550776711e-02
9.193520457157249720e-03
1.818239063016545073e-02
2.928073296286384537e-03
2.281063551784393018e-02
2.266895455189459063e-02
2.276340852919414917e-02
3.573508807833383066e-03
1.445145852683279997e-02
9.240747445807030724e-03
1.174377784424539099e-02
5.824661933472915359e-04
1.437274687908316612e-02
9.303716764006738152e-03
1.574232954992679928e-05
1.100388835539883176e-02
4.722698864978039444e-05
1.031122585520205352e-02
1.016954488925271224e-02
1.013806023015285766e-02
7.414637218015522266e-03
7.886907104513325370e-03
9.287974434456811729e-03
8.910158525258567164e-03
5.320907387875257674e-03
8.437888638760764060e-03
8.359176991011130209e-03
8.768477559309225886e-03
9.445397729956078888e-05
6.281189490420792040e-03
2.408576421138799994e-03
7.587802843064716390e-03
7.509091195315082540e-03
7.603545172614643681e-03
6.910882672417864581e-03
1.101963068494875915e-04
1.873337216441289029e-03
7.351667899815814838e-03
6.249704831320939194e-03
6.501582104119768037e-03
4.706956535428112424e-03
6.548809092769548174e-03
6.375643467720353182e-03
6.265447160870865617e-03
3.148465909985359855e-05
6.281189490420792040e-03
5.509815342474379089e-03
3.510539489633676073e-03
5.871888922122695496e-03
5.824661933472915359e-03
5.982085228972183061e-03
5.808919603922988936e-03
5.635753978873793944e-03
5.494073012924452666e-03
5.919115910772476501e-03
5.730207956173354218e-03
5.336649717425184965e-03
5.446846024274672529e-03
5.982085228972183061e-03
1.259386363994143942e-04
5.131999433276136259e-03
4.266171308030162167e-03
4.958833808226941267e-03
3.825386080632211909e-03
4.675471876328258711e-03
2.140956818790044729e-03
4.344882955779796017e-03
4.612502558128552151e-03
4.549533239928844723e-03
4.423594603529429868e-03
1.574232954992679928e-05
4.392109944429577022e-03
4.187459660280528316e-03
1.731656250491947751e-04
3.951324717031626764e-03
1.574232954992679928e-05
4.108748012530894465e-03
3.967067046581553187e-03
3.951324717031626764e-03
3.762416762432504915e-03
2.408576421138799994e-03
4.045778694331187038e-03
3.793901421532358195e-03
4.045778694331187038e-03
3.778159091982431772e-03
1.684429261842167397e-03
2.455803409788580565e-03
3.652220455583017351e-03
3.746674432882578058e-03
3.589251137383309923e-03
3.416085512334115365e-03
3.557766478283456209e-03
1.574232954992679928e-05
1.574232954992679928e-05
3.227177557734993516e-03
2.975300284936164674e-03
3.132723580435432809e-03
1.574232954992679928e-05
3.164208239535286522e-03
3.321631535034554224e-03
3.069754262235725815e-03
1.054736079845095507e-03
2.817876989436896972e-03
2.880846307636603966e-03
2.959557955386238250e-03
2.849361648536750252e-03
1.731656250491947751e-04
2.770650000787116402e-03
2.676196023487555694e-03
4.250428978480235635e-04
1.448294318593265411e-03
2.440061080238653708e-03
2.660453693937628837e-03
1.574232954992679928e-05
2.518772727988287559e-03
2.581742046187994986e-03
2.660453693937628837e-03
8.658281252459738755e-04
2.282637784739385573e-03
2.424318750688726851e-03
8.028588070462666648e-04
2.361349432489019858e-03
2.550257387088141273e-03
2.392834091588873138e-03
2.282637784739385573e-03
2.188183807439824866e-03
7.398894888465595626e-04
9.445397729956078888e-05
2.282637784739385573e-03
2.156699148339971152e-03
2.991042614486091422e-04
2.314122443839239287e-03
2.455803409788580565e-03
2.471545739338507422e-03
2.440061080238653708e-03
2.093729830140264158e-03
2.314122443839239287e-03
2.172441477889898009e-03
1.275128693544070636e-03
2.361349432489019858e-03
2.125214489240117872e-03
2.251153125639532293e-03
2.172441477889898009e-03
2.235410796089605436e-03
2.030760511940557164e-03
1.731656250491947751e-03
2.062245171040410444e-03
1.589975284542606690e-03
2.062245171040410444e-03
2.125214489240117872e-03
1.967791193740849737e-03
2.219668466539678579e-03
1.936306534640996240e-03
1.731656250491947751e-03
1.967791193740849737e-03
1.101963068494875861e-03
1.936306534640996240e-03
1.574232954992679928e-05
2.518772727988287884e-04
1.952048864190922880e-03
1.889079545991215886e-03
1.967791193740849737e-03
2.015018182390630307e-03
2.030760511940557164e-03
1.810367898241581818e-03
1.574232954992679928e-05
5.667238637973647875e-04
1.164932386694583072e-03
1.826110227791508675e-03
1.149190057144656215e-03
1.794625568691654962e-03
1.684429261842167397e-03
1.731656250491947751e-03
1.747398580041874608e-03
1.794625568691654962e-03
1.700171591392094254e-03
1.133447727594729575e-03
1.574232954992679928e-05
1.243644034444217139e-03
5.824661933472915359e-04
1.715913920942020894e-03
1.668686932292240540e-03
1.731656250491947751e-03
1.495521307243045765e-03
1.637202273192387043e-03
1.605717614092533330e-03
1.637202273192387043e-03
1.558490625442752976e-03
1.558490625442752976e-03
1.574232954992679833e-03
1.889079545991215778e-04
1.715913920942020894e-03
1.605717614092533330e-03
1.306613352643924350e-03
1.227901704894290283e-03
1.416809659493411915e-03
1.416809659493411915e-03
1.448294318593265411e-03
1.464036648143192268e-03
1.385325000393558201e-03
1.479778977693119125e-03
1.542748295892826119e-03
1.495521307243045765e-03
1.464036648143192268e-03
7.084048297467059573e-04
1.290871023093997493e-03
1.353840341293704704e-03
1.227901704894290283e-03
1.369582670843631344e-03
1.385325000393558201e-03
1.416809659493411915e-03
1.070478409395022364e-03
1.432551989043338555e-03
1.259386363994143779e-03
7.713741479464130595e-04
1.574232954992679928e-05
1.086220738944949004e-03
1.227901704894290283e-03
1.290871023093997493e-03
1.338098011743777847e-03
1.227901704894290283e-03
9.130551138957543377e-04
1.086220738944949004e-03
1.574232954992679928e-05
1.259386363994143779e-03
1.306613352643924350e-03
1.259386363994143779e-03
1.290871023093997493e-03
1.101963068494875861e-03
5.824661933472915359e-04
1.290871023093997493e-03
1.196417045794436569e-03
9.130551138957543377e-04
1.275128693544070636e-03
1.275128693544070636e-03
1.086220738944949004e-03
1.259386363994143779e-03
1.259386363994143779e-03
1.164932386694583072e-03
1.574232954992679928e-05
1.731656250491947751e-04
1.101963068494875861e-03
1.227901704894290283e-03
1.227901704894290283e-03
1.133447727594729575e-03
1.180674716244509929e-03
1.574232954992679928e-05
1.117705398044802718e-03
4.880122160477307200e-04
7.871164774963398622e-05
7.871164774963398622e-05
1.574232954992679928e-05
8.973127843458274808e-04
9.760244320954614399e-04
1.117705398044802718e-03
1.023251420745241794e-03
8.973127843458274808e-04
1.101963068494875861e-03
3.148465909985359855e-05
9.602821025455346915e-04
9.917667616453882968e-04
9.445397729956079430e-04
9.602821025455346915e-04
9.760244320954614399e-04
1.101963068494875915e-04
3.148465909985359449e-04
1.731656250491947751e-04
9.602821025455346915e-04
8.658281252459738755e-04
8.973127843458274808e-04
8.658281252459738755e-04
1.023251420745241794e-03
9.130551138957543377e-04
8.658281252459738755e-04
9.760244320954614399e-04
8.186011365961935217e-04
8.658281252459738755e-04
6.926625001967791004e-04
8.973127843458274808e-04
9.130551138957543377e-04
9.445397729956078888e-05
1.574232954992679928e-05
8.500857956960471270e-04
9.287974434456810861e-04
2.203926136989751831e-04
7.556318183964863110e-04
2.203926136989751831e-04
7.871164774963399164e-04
8.343434661461202701e-04
1.574232954992679928e-05
7.713741479464130595e-04
6.454355115469987466e-04
8.028588070462666648e-04
6.296931819970718897e-04
7.084048297467059573e-04
7.241471592966327057e-04
6.454355115469987466e-04
8.028588070462666648e-04
7.084048297467059573e-04
7.713741479464130595e-04
4.093005682980967608e-04
7.713741479464130595e-04
8.343434661461202701e-04
7.241471592966327057e-04
7.713741479464130595e-04
1.574232954992679928e-05
7.556318183964863110e-04
7.084048297467059573e-04
7.398894888465595626e-04
2.046502841490483804e-04
1.574232954992679928e-05
5.667238637973647875e-04
7.398894888465595626e-04
6.454355115469987466e-04
7.398894888465595626e-04
7.398894888465595626e-04
6.454355115469987466e-04
6.769201706468523519e-04
6.611778410969254951e-04
1.731656250491947751e-04
7.084048297467059573e-04
7.241471592966327057e-04
7.398894888465595626e-04
3.935582387481699582e-04
7.398894888465595626e-04
6.611778410969254951e-04
6.769201706468523519e-04
1.574232954992679928e-05
7.241471592966327057e-04
6.296931819970718897e-04
6.926625001967791004e-04
7.398894888465595626e-04
6.454355115469987466e-04
7.241471592966327057e-04
1.574232954992679928e-05
7.084048297467059573e-04
5.667238637973647875e-04
6.769201706468523519e-04
1.574232954992679928e-05
7.084048297467059573e-04
6.454355115469987466e-04
1.574232954992679928e-05
6.926625001967791004e-04
6.611778410969254951e-04
5.982085228972182844e-04
6.454355115469987466e-04
5.982085228972182844e-04
6.769201706468523519e-04
6.769201706468523519e-04
5.824661933472915359e-04
6.769201706468523519e-04
6.611778410969254951e-04
4.093005682980967608e-04
6.611778410969254951e-04
6.769201706468523519e-04
6.296931819970718897e-04
5.982085228972182844e-04
5.824661933472915359e-04
6.611778410969254951e-04
5.982085228972182844e-04
5.037545455976575768e-04
6.454355115469987466e-04
2.046502841490483804e-04
2.833619318986823937e-04
1.574232954992679928e-05
6.139508524471451413e-04
6.139508524471451413e-04
4.722698864978039444e-05
3.305889205484627475e-04
5.824661933472915359e-04
6.139508524471451413e-04
6.296931819970719710e-05
6.296931819970718897e-04
5.982085228972182844e-04
6.139508524471451413e-04
6.296931819970718897e-04
5.509815342474379306e-04
5.982085228972182844e-04
5.824661933472915359e-04
6.139508524471451413e-04
1.574232954992679928e-05
6.139508524471451413e-04
5.509815342474379306e-04
5.667238637973647875e-04
5.982085228972182844e-04
5.352392046975111822e-04
4.880122160477307200e-04
5.037545455976575768e-04
5.824661933472915359e-04
5.667238637973647875e-04
5.824661933472915359e-04
5.194968751475843253e-04
4.722698864978039715e-04
5.194968751475843253e-04
5.509815342474379306e-04
1.574232954992679928e-05
5.194968751475843253e-04
5.194968751475843253e-04
5.667238637973647875e-04
4.722698864978039715e-04
5.667238637973647875e-04
4.880122160477307200e-04
5.352392046975111822e-04
5.667238637973647875e-04
5.667238637973647875e-04
5.667238637973647875e-04
5.667238637973647875e-04
5.194968751475843253e-04
1.574232954992679928e-05
5.509815342474379306e-04
4.880122160477307200e-04
4.250428978480235635e-04
9.445397729956078888e-05
5.509815342474379306e-04
5.509815342474379306e-04
1.574232954992679928e-05
5.352392046975111822e-04
2.518772727988287884e-04
5.037545455976575768e-04
1.574232954992679928e-05
5.194968751475843253e-04
5.194968751475843253e-04
5.194968751475843253e-04
5.194968751475843253e-04
4.722698864978039444e-05
4.880122160477307200e-04
5.037545455976575768e-04
5.194968751475843253e-04
5.194968751475843253e-04
4.880122160477307200e-04
4.565275569478771688e-04
5.037545455976575768e-04
4.565275569478771688e-04
1.101963068494875915e-04
4.407852273979503662e-04
1.574232954992679928e-05
1.574232954992679928e-05
4.250428978480235635e-04
4.880122160477307200e-04
4.407852273979503662e-04
3.463312500983895502e-04
4.407852273979503662e-04
4.407852273979503662e-04
4.722698864978039715e-04
1.574232954992679724e-04
4.722698864978039715e-04
4.565275569478771688e-04
4.722698864978039715e-04
9.445397729956078888e-05
4.250428978480235635e-04
3.620735796483163529e-04
3.935582387481699582e-04
2.046502841490483804e-04
4.250428978480235635e-04
4.093005682980967608e-04
4.250428978480235635e-04
3.778159091982431555e-04
1.574232954992679928e-05
4.093005682980967608e-04
4.407852273979503662e-04
4.250428978480235635e-04
4.407852273979503662e-04
1.574232954992679928e-05
3.935582387481699582e-04
4.407852273979503662e-04
7.871164774963398622e-05
3.935582387481699582e-04
4.250428978480235635e-04
7.871164774963398622e-05
4.093005682980967608e-04
3.620735796483163529e-04
4.093005682980967608e-04
4.250428978480235635e-04
4.250428978480235635e-04
4.722698864978039444e-05
4.093005682980967608e-04
3.778159091982431555e-04
1.259386363994143942e-04
3.778159091982431555e-04
3.935582387481699582e-04
4.722698864978039444e-05
3.935582387481699582e-04
4.093005682980967608e-04
3.463312500983895502e-04
3.935582387481699582e-04
2.518772727988287884e-04
4.722698864978039444e-05
4.093005682980967608e-04
4.722698864978039444e-05
3.935582387481699582e-04
3.935582387481699582e-04
3.935582387481699582e-04
1.574232954992679928e-05
3.935582387481699582e-04
1.574232954992679928e-05
3.148465909985359449e-04
1.574232954992679928e-05
1.574232954992679928e-05
2.361349432489019858e-04
3.305889205484627475e-04
1.574232954992679928e-05
3.463312500983895502e-04
1.574232954992679928e-05
1.574232954992679928e-05
3.148465909985359449e-04
3.620735796483163529e-04
3.620735796483163529e-04
3.305889205484627475e-04
3.620735796483163529e-04
3.620735796483163529e-04
1.416809659493411969e-04
2.676196023487555911e-04
2.991042614486091422e-04
3.148465909985359449e-04
3.305889205484627475e-04
3.620735796483163529e-04
1.574232954992679928e-05
3.148465909985359449e-04
3.620735796483163529e-04
1.574232954992679928e-05
3.463312500983895502e-04
2.676196023487555911e-04
2.833619318986823937e-04
3.305889205484627475e-04
3.305889205484627475e-04
2.676196023487555911e-04
2.991042614486091422e-04
2.046502841490483804e-04
1.574232954992679928e-05
2.676196023487555911e-04
3.305889205484627475e-04
1.574232954992679928e-05
2.676196023487555911e-04
2.991042614486091422e-04
3.305889205484627475e-04
3.305889205484627475e-04
2.991042614486091422e-04
2.833619318986823937e-04
2.361349432489019858e-04
1.574232954992679928e-05
3.148465909985359449e-04
3.148465909985359449e-04
3.148465909985359449e-04
2.833619318986823937e-04
1.731656250491947751e-04
2.833619318986823937e-04
2.833619318986823937e-04
2.991042614486091422e-04
2.833619318986823937e-04
2.676196023487555911e-04
2.833619318986823937e-04
2.676196023487555911e-04
2.833619318986823937e-04
2.676196023487555911e-04
1.574232954992679928e-05
2.833619318986823937e-04
2.676196023487555911e-04
2.991042614486091422e-04
2.991042614486091422e-04
2.991042614486091422e-04
2.676196023487555911e-04
2.676196023487555911e-04
2.676196023487555911e-04
2.518772727988287884e-04
2.203926136989751831e-04
1.574232954992679928e-05
2.991042614486091422e-04
2.046502841490483804e-04
1.259386363994143942e-04
2.833619318986823937e-04
2.676196023487555911e-04
2.676196023487555911e-04
2.833619318986823937e-04
2.203926136989751831e-04
2.203926136989751831e-04
2.361349432489019858e-04
2.518772727988287884e-04
2.361349432489019858e-04
2.046502841490483804e-04
4.722698864978039444e-05
1.731656250491947751e-04
1.574232954992679928e-05
2.361349432489019858e-04
2.518772727988287884e-04
1.731656250491947751e-04
2.518772727988287884e-04
2.361349432489019858e-04
2.676196023487555911e-04
1.731656250491947751e-04
2.518772727988287884e-04
2.046502841490483804e-04
1.731656250491947751e-04
2.203926136989751831e-04
2.676196023487555911e-04
2.676196023487555911e-04
1.574232954992679724e-04
2.518772727988287884e-04
2.361349432489019858e-04
2.676196023487555911e-04
1.889079545991215778e-04
2.361349432489019858e-04
2.676196023487555911e-04
2.676196023487555911e-04
4.722698864978039444e-05
2.518772727988287884e-04
2.361349432489019858e-04
1.259386363994143942e-04
1.574232954992679928e-05
2.046502841490483804e-04
2.518772727988287884e-04
1.574232954992679928e-05
2.203926136989751831e-04
2.046502841490483804e-04
2.361349432489019858e-04
2.046502841490483804e-04
2.046502841490483804e-04
2.203926136989751831e-04
2.046502841490483804e-04
1.574232954992679928e-05
1.416809659493411969e-04
1.416809659493411969e-04
2.361349432489019858e-04
4.722698864978039444e-05
1.574232954992679928e-05
2.361349432489019858e-04
2.361349432489019858e-04
2.361349432489019858e-04
2.361349432489019858e-04
1.731656250491947751e-04
1.574232954992679928e-05
2.203926136989751831e-04
2.203926136989751831e-04
1.259386363994143942e-04
1.574232954992679928e-05
1.889079545991215778e-04
1.259386363994143942e-04
1.416809659493411969e-04
1.731656250491947751e-04
1.574232954992679928e-05
2.203926136989751831e-04
2.203926136989751831e-04
1.731656250491947751e-04
7.871164774963398622e-05
1.889079545991215778e-04
2.046502841490483804e-04
2.203926136989751831e-04
1.889079545991215778e-04
2.203926136989751831e-04
2.046502841490483804e-04
2.203926136989751831e-04
1.416809659493411969e-04
1.574232954992679928e-05
1.416809659493411969e-04
2.046502841490483804e-04
2.046502841490483804e-04
2.046502841490483804e-04
2.046502841490483804e-04
7.871164774963398622e-05
1.731656250491947751e-04
1.101963068494875915e-04
1.889079545991215778e-04
1.259386363994143942e-04
2.046502841490483804e-04
1.889079545991215778e-04
1.731656250491947751e-04
2.046502841490483804e-04
1.574232954992679928e-05
1.731656250491947751e-04
2.046502841490483804e-04
2.046502841490483804e-04
1.889079545991215778e-04
1.889079545991215778e-04
1.889079545991215778e-04
2.046502841490483804e-04
2.046502841490483804e-04
1.731656250491947751e-04
1.574232954992679724e-04
1.889079545991215778e-04
1.889079545991215778e-04
1.574232954992679724e-04
1.889079545991215778e-04
1.574232954992679724e-04
1.574232954992679928e-05
1.889079545991215778e-04
1.574232954992679724e-04
1.889079545991215778e-04
1.574232954992679724e-04
1.889079545991215778e-04
1.889079545991215778e-04
1.889079545991215778e-04
1.889079545991215778e-04
1.101963068494875915e-04
1.731656250491947751e-04
1.101963068494875915e-04
1.731656250491947751e-04
1.731656250491947751e-04
1.731656250491947751e-04
1.574232954992679724e-04
1.731656250491947751e-04
1.101963068494875915e-04
1.731656250491947751e-04
1.574232954992679724e-04
1.574232954992679928e-05
1.731656250491947751e-04
1.731656250491947751e-04
1.731656250491947751e-04
1.416809659493411969e-04
1.574232954992679724e-04
1.731656250491947751e-04
1.574232954992679724e-04
1.101963068494875915e-04
1.574232954992679928e-05
1.416809659493411969e-04
1.574232954992679928e-05
1.731656250491947751e-04
4.722698864978039444e-05
1.416809659493411969e-04
1.731656250491947751e-04
1.101963068494875915e-04
1.574232954992679928e-05
1.731656250491947751e-04
4.722698864978039444e-05
1.574232954992679928e-05
4.722698864978039444e-05
1.731656250491947751e-04
1.416809659493411969e-04
1.574232954992679724e-04
1.731656250491947751e-04
1.574232954992679928e-05
1.574232954992679928e-05
1.416809659493411969e-04
1.574232954992679724e-04
1.574232954992679724e-04
1.416809659493411969e-04
1.574232954992679724e-04
1.574232954992679724e-04
4.722698864978039444e-05
1.259386363994143942e-04
4.722698864978039444e-05
7.871164774963398622e-05
1.259386363994143942e-04
1.416809659493411969e-04
1.259386363994143942e-04
1.416809659493411969e-04
1.101963068494875915e-04
1.574232954992679928e-05
1.574232954992679928e-05
1.416809659493411969e-04
1.259386363994143942e-04
7.871164774963398622e-05
1.416809659493411969e-04
1.101963068494875915e-04
1.259386363994143942e-04
1.259386363994143942e-04
1.259386363994143942e-04
6.296931819970719710e-05
1.416809659493411969e-04
7.871164774963398622e-05
1.259386363994143942e-04
1.416809659493411969e-04
1.416809659493411969e-04
1.416809659493411969e-04
1.101963068494875915e-04
1.416809659493411969e-04
1.259386363994143942e-04
1.416809659493411969e-04
1.416809659493411969e-04
1.416809659493411969e-04
1.574232954992679928e-05
1.416809659493411969e-04
1.416809659493411969e-04
1.259386363994143942e-04
1.416809659493411969e-04
1.259386363994143942e-04
1.416809659493411969e-04
1.259386363994143942e-04
1.574232954992679928e-05
4.722698864978039444e-05
1.416809659493411969e-04
1.574232954992679928e-05
1.574232954992679928e-05
1.574232954992679928e-05
1.574232954992679928e-05
1.574232954992679928e-05
1.416809659493411969e-04
1.574232954992679928e-05
1.259386363994143942e-04
1.416809659493411969e-04
1.416809659493411969e-04
1.416809659493411969e-04
7.871164774963398622e-05
1.416809659493411969e-04
1.416809659493411969e-04
1.416809659493411969e-04
1.416809659493411969e-04
1.416809659493411969e-04
1.574232954992679928e-05
1.101963068494875915e-04
1.259386363994143942e-04
1.574232954992679928e-05
1.101963068494875915e-04
1.101963068494875915e-04
1.259386363994143942e-04
1.259386363994143942e-04
1.259386363994143942e-04
9.445397729956078888e-05
1.259386363994143942e-04
1.259386363994143942e-04
1.101963068494875915e-04
1.259386363994143942e-04
1.574232954992679928e-05
1.259386363994143942e-04
1.259386363994143942e-04
1.259386363994143942e-04
1.101963068494875915e-04
1.259386363994143942e-04
1.574232954992679928e-05
1.101963068494875915e-04
1.574232954992679928e-05
1.574232954992679928e-05
9.445397729956078888e-05
1.101963068494875915e-04
1.101963068494875915e-04
1.101963068494875915e-04
7.871164774963398622e-05
1.101963068494875915e-04
1.101963068494875915e-04
1.574232954992679928e-05
1.101963068494875915e-04
1.101963068494875915e-04
7.871164774963398622e-05
1.101963068494875915e-04
1.101963068494875915e-04
1.101963068494875915e-04
4.722698864978039444e-05
7.871164774963398622e-05
1.101963068494875915e-04
1.101963068494875915e-04
1.101963068494875915e-04
1.101963068494875915e-04
1.101963068494875915e-04
9.445397729956078888e-05
1.101963068494875915e-04
1.101963068494875915e-04
1.101963068494875915e-04
1.101963068494875915e-04
9.445397729956078888e-05
1.101963068494875915e-04
1.101963068494875915e-04
1.101963068494875915e-04
1.101963068494875915e-04
1.101963068494875915e-04
1.101963068494875915e-04
1.101963068494875915e-04
1.101963068494875915e-04
1.574232954992679928e-05
6.296931819970719710e-05
1.101963068494875915e-04
1.101963068494875915e-04
1.101963068494875915e-04
1.101963068494875915e-04
7.871164774963398622e-05
1.101963068494875915e-04
1.101963068494875915e-04
1.101963068494875915e-04
1.101963068494875915e-04
1.574232954992679928e-05
1.101963068494875915e-04
4.722698864978039444e-05
1.101963068494875915e-04
1.101963068494875915e-04
1.574232954992679928e-05
1.101963068494875915e-04
1.101963068494875915e-04
1.101963068494875915e-04
1.101963068494875915e-04
9.445397729956078888e-05
7.871164774963398622e-05
9.445397729956078888e-05
9.445397729956078888e-05
1.101963068494875915e-04
1.101963068494875915e-04
1.101963068494875915e-04
1.101963068494875915e-04
9.445397729956078888e-05
4.722698864978039444e-05
9.445397729956078888e-05
9.445397729956078888e-05
9.445397729956078888e-05
1.574232954992679928e-05
9.445397729956078888e-05
7.871164774963398622e-05
1.574232954992679928e-05
4.722698864978039444e-05
9.445397729956078888e-05
9.445397729956078888e-05
9.445397729956078888e-05
9.445397729956078888e-05
7.871164774963398622e-05
