9.851922022236625498e-02
1.495737149124993842e-04
5.768559605125392342e-02
2.797028468863738473e-02
7.254325173256219450e-02
1.081916537867078781e-02
4.985790497083312806e-05
4.985790497083312806e-05
5.339781622376228026e-02
3.689484967841651260e-03
1.954429874856658533e-02
5.135364211995812299e-03
4.282794036994565234e-02
4.985790497083312806e-05
1.071944956872912177e-02
3.903873959216233591e-02
4.985790497083312806e-05
3.440195442987485641e-02
8.475843845041631771e-04
4.985790497083312806e-05
9.971580994166625612e-05
7.628259460537468485e-03
5.135364211995812299e-03
9.971580994166625612e-05
4.985790497083312806e-05
1.136760233334995276e-02
3.490053347958318964e-04
4.985790497083312806e-05
4.985790497083312806e-05
2.188762028219574246e-02
4.836216782170813314e-03
1.610410330557909830e-02
4.985790497083312806e-05
4.985790497083312806e-05
4.985790497083312806e-05
4.985790497083312806e-05
2.278506257167073681e-02
1.585481378072493494e-02
4.985790497083312806e-05
2.094032008774991162e-03
2.492895248541656403e-04
4.935932592112479353e-03
2.991474298249987684e-04
4.985790497083312806e-05
4.985790497083312806e-05
1.934486712868325325e-02
1.495737149124993842e-04
1.844742483920825630e-03
7.827691080420801431e-03
7.478685745624969209e-04
2.492895248541656403e-04
7.977264795333300490e-04
4.985790497083312806e-05
4.985790497083312806e-05
1.396021339183327586e-03
1.495737149124993842e-04
4.985790497083312806e-05
4.985790497083312806e-05
4.985790497083312806e-05
4.985790497083312806e-05
1.625367702049159910e-02
4.985790497083312806e-05
2.642468963454155679e-03
4.985790497083312806e-05
2.393179438599990147e-03
4.985790497083312806e-05
4.985790497083312806e-05
1.296305529241661330e-03
4.985790497083312806e-05
4.985790497083312806e-05
4.985790497083312806e-05
1.221518671785411583e-02
4.985790497083312806e-05
4.985790497083312806e-05
1.181632347808744994e-02
4.985790497083312806e-05
1.176646557311661692e-02
4.985790497083312806e-05
4.985790497083312806e-05
4.985790497083312806e-05
1.994316198833325122e-04
2.293463628658323674e-03
4.985790497083312806e-05
4.985790497083312806e-05
4.985790497083312806e-05
5.484369546791644087e-04
6.680959266091638510e-03
4.985790497083312806e-05
4.985790497083312806e-05
4.985790497083312806e-05
1.495737149124993842e-04
4.985790497083312806e-05
4.985790497083312806e-05
1.196589719299995073e-02
1.161689185820411786e-02
2.492895248541656403e-04
1.645310864037493118e-03
4.985790497083312806e-05
9.971580994166624745e-03
4.985790497083312806e-05
1.495737149124993842e-04
4.985790497083312806e-05
6.481527646208306431e-03
4.985790497083312806e-05
4.985790497083312806e-05
4.985790497083312806e-05
4.985790497083312806e-05
6.531385551179139451e-03
4.985790497083312806e-05
4.985790497083312806e-05
7.129680410829136554e-03
4.985790497083312806e-05
1.047016004387495581e-03
4.985790497083312806e-05
8.874707084808296578e-03
4.985790497083312806e-05
4.985790497083312806e-05
4.985790497083312806e-05
5.135364211995812299e-03
1.495737149124993842e-04
4.985790497083312806e-05
5.135364211995812299e-03
4.985790497083312806e-05
4.985790497083312806e-05
4.985790497083312806e-05
2.492895248541656403e-04
4.985790497083312806e-04
5.035648402054145392e-03
7.678117365508301505e-03
4.985790497083312806e-05
4.985790497083312806e-05
6.431669741237473412e-03
4.985790497083312806e-05
4.985790497083312806e-05
4.985790497083312806e-05
4.985790497083312806e-05
4.985790497083312806e-05
4.985790497083312806e-05
4.985790497083312806e-05
2.941616393279154230e-03
4.985790497083312806e-05
4.985790497083312806e-05
4.985790497083312806e-05
4.985790497083312806e-05
4.985790497083312806e-05
4.985790497083312806e-05
7.478685745624969209e-04
4.985790497083312806e-05
1.894600388891658866e-03
4.985790497083312806e-05
4.985790497083312806e-05
2.492895248541656403e-04
4.985790497083312806e-05
9.971580994166625612e-05
1.196589719299995073e-03
4.985790497083312806e-05
2.343321533629156694e-03
4.985790497083312806e-05
5.783516976616642422e-03
5.135364211995812299e-03
4.985790497083312806e-05
4.985790497083312806e-05
4.985790497083312806e-05
4.985790497083312806e-05
4.985790497083312806e-05
4.985790497083312806e-05
5.883232786558308461e-03
1.695168769008326354e-03
2.393179438599990147e-03
4.985790497083312806e-05
4.985790497083312806e-05
4.985790497083312806e-05
4.985790497083312806e-05
4.985790497083312806e-05
4.985790497083312806e-05
4.985790497083312806e-05
4.985790497083312806e-05
4.985790497083312806e-05
4.188064017549982324e-03
1.296305529241661330e-03
3.440195442987485728e-03
4.985790497083312806e-05
4.985790497083312806e-05
4.985790497083312806e-05
8.475843845041631771e-04
9.971580994166625612e-05
2.991474298249987684e-04
4.985790497083312806e-05
4.985790497083312806e-05
4.985790497083312806e-05
4.985790497083312806e-05
4.985790497083312806e-05
4.985790497083312806e-05
4.985790497083312806e-05
4.985790497083312806e-05
9.971580994166625612e-04
4.985790497083312806e-05
4.985790497083312806e-05
4.985790497083312806e-05
4.985790497083312806e-05
4.985790497083312806e-05
4.985790497083312806e-05
4.985790497083312806e-05
4.985790497083312806e-05
4.985790497083312806e-05
4.985790497083312806e-05
4.985790497083312806e-05
4.985790497083312806e-05
4.985790497083312806e-05
4.985790497083312806e-05
4.985790497083312806e-05
4.985790497083312806e-05
7.478685745624969209e-04
4.985790497083312806e-05
4.985790497083312806e-05
1.745026673979159374e-03
4.188064017549982324e-03
6.481527646208306648e-04
4.985790497083312806e-05
4.985790497083312806e-05
4.985790497083312806e-05
4.985790497083312806e-05
1.047016004387495581e-03
3.490053347958318964e-04
4.038490302637483265e-03
4.985790497083312806e-05
4.985790497083312806e-05
4.985790497083312806e-05
4.985790497083312806e-05
4.985790497083312806e-05
4.985790497083312806e-05
4.985790497083312806e-05
4.985790497083312806e-05
4.985790497083312806e-05
4.985790497083312806e-05
4.985790497083312806e-05
4.985790497083312806e-05
4.985790497083312806e-05
4.985790497083312806e-05
4.985790497083312806e-05
3.739342872812484279e-03
3.440195442987485728e-03
4.985790497083312806e-05
4.985790497083312806e-05
4.985790497083312806e-05
4.985790497083312806e-05
4.985790497083312806e-05
3.390337538016652708e-03
4.985790497083312806e-05
2.193747818716657635e-03
3.091190108191653723e-03
2.492895248541656186e-03
1.495737149124993842e-04
4.985790497083312806e-05
4.985790497083312806e-05
4.985790497083312806e-05
4.985790497083312806e-05
4.985790497083312806e-04
4.985790497083312806e-05
3.041332203220820703e-03
4.985790497083312806e-05
4.985790497083312806e-05
9.971580994166625612e-05
4.985790497083312806e-05
4.985790497083312806e-05
2.941616393279154230e-03
2.143889913745824615e-03
2.443037343570823167e-03
4.985790497083312806e-05
4.985790497083312806e-05
2.492895248541656403e-04
4.985790497083312806e-05
4.985790497083312806e-05
4.985790497083312806e-05
4.985790497083312806e-05
4.985790497083312806e-05
4.985790497083312806e-05
4.985790497083312806e-05
4.985790497083312806e-05
4.985790497083312806e-05
4.985790497083312806e-05
2.742184773395821718e-03
2.792042678366655171e-03
2.492895248541656403e-04
4.985790497083312806e-05
4.985790497083312806e-05
4.985790497083312806e-05
4.985790497083312806e-05
4.985790497083312806e-05
4.985790497083312806e-05
2.642468963454155679e-03
4.487211447374981526e-04
4.985790497083312806e-05
2.492895248541656403e-04
4.985790497083312806e-05
4.985790497083312806e-05
4.985790497083312806e-05
4.985790497083312806e-05
4.985790497083312806e-05
4.985790497083312806e-05
4.985790497083312806e-05
1.146731814329161837e-03
4.985790497083312806e-05
4.985790497083312806e-05
4.985790497083312806e-05
4.985790497083312806e-05
2.642468963454155679e-03
1.495737149124993842e-04
4.985790497083312806e-05
4.985790497083312806e-05
1.794884578949992610e-03
1.695168769008326354e-03
4.985790497083312806e-05
4.985790497083312806e-05
4.985790497083312806e-05
4.985790497083312806e-05
4.985790497083312806e-05
4.985790497083312806e-05
2.492895248541656403e-04
4.985790497083312806e-05
1.695168769008326354e-03
4.985790497083312806e-05
4.985790497083312806e-05
4.985790497083312806e-05
1.196589719299995073e-03
9.971580994166625612e-05
4.985790497083312806e-05
2.492895248541656403e-04
2.193747818716657635e-03
4.985790497083312806e-05
4.985790497083312806e-05
4.985790497083312806e-05
4.985790497083312806e-05
4.985790497083312806e-05
4.985790497083312806e-05
2.094032008774991162e-03
4.985790497083312806e-05
2.492895248541656403e-04
4.985790497083312806e-05
2.243605723687490654e-03
4.985790497083312806e-05
4.985790497083312806e-05
2.243605723687490654e-03
4.985790497083312806e-05
4.985790497083312806e-05
4.985790497083312806e-05
4.985790497083312806e-05
4.985790497083312806e-05
4.985790497083312806e-05
4.985790497083312806e-05
4.985790497083312806e-05
4.985790497083312806e-05
4.985790497083312806e-05
4.985790497083312806e-05
4.985790497083312806e-05
4.985790497083312806e-05
4.985790497083312806e-05
4.985790497083312806e-05
4.985790497083312806e-05
4.985790497083312806e-05
4.985790497083312806e-05
4.985790497083312806e-05
4.985790497083312806e-05
1.445879244154160605e-03
9.473001944458294332e-04
2.044174103804158142e-03
4.985790497083312806e-05
4.985790497083312806e-05
1.944458293862491886e-03
8.974422894749963051e-04
4.985790497083312806e-05
4.985790497083312806e-05
1.595452959066660098e-03
4.985790497083312806e-05
4.985790497083312806e-05
4.985790497083312806e-05
4.985790497083312806e-05
4.985790497083312806e-05
4.985790497083312806e-05
4.985790497083312806e-05
4.985790497083312806e-05
1.595452959066660098e-03
4.985790497083312806e-05
4.985790497083312806e-05
4.985790497083312806e-05
4.985790497083312806e-05
4.985790497083312806e-05
4.985790497083312806e-05
4.985790497083312806e-05
4.985790497083312806e-05
4.985790497083312806e-05
4.985790497083312806e-05
4.985790497083312806e-05
4.985790497083312806e-05
4.985790497083312806e-05
4.985790497083312806e-05
1.146731814329161837e-03
4.985790497083312806e-05
4.985790497083312806e-05
4.985790497083312806e-05
4.985790497083312806e-05
4.985790497083312806e-05
1.495737149124993842e-04
4.985790497083312806e-05
4.985790497083312806e-05
4.985790497083312806e-05
4.985790497083312806e-05
4.985790497083312806e-05
4.985790497083312806e-05
1.745026673979159374e-03
4.985790497083312806e-05
4.985790497083312806e-05
4.985790497083312806e-05
1.495737149124993842e-03
4.985790497083312806e-05
4.985790497083312806e-05
1.745026673979159374e-03
4.985790497083312806e-05
8.475843845041631771e-04
4.985790497083312806e-05
1.645310864037493118e-03
4.985790497083312806e-05
4.985790497083312806e-05
4.985790497083312806e-05
4.985790497083312806e-05
1.146731814329161837e-03
4.985790497083312806e-05
4.985790497083312806e-05
4.985790497083312806e-05
4.985790497083312806e-05
4.985790497083312806e-05
4.985790497083312806e-05
4.985790497083312806e-05
4.985790497083312806e-05
1.246447624270828093e-03
4.985790497083312806e-05
1.545595054095826862e-03
1.495737149124993842e-03
4.985790497083312806e-05
4.985790497083312806e-05
4.985790497083312806e-05
4.985790497083312806e-05
4.985790497083312806e-05
4.985790497083312806e-05
4.985790497083312806e-05
8.475843845041631771e-04
4.985790497083312806e-05
4.985790497083312806e-05
4.985790497083312806e-05
4.985790497083312806e-05
4.985790497083312806e-05
4.985790497083312806e-05
4.985790497083312806e-05
4.985790497083312806e-05
4.985790497083312806e-05
4.985790497083312806e-05
4.985790497083312806e-05
4.985790497083312806e-05
1.246447624270828093e-03
4.985790497083312806e-05
4.985790497083312806e-05
4.985790497083312806e-05
4.985790497083312806e-05
1.346163434212494349e-03
4.985790497083312806e-05
4.985790497083312806e-05
4.985790497083312806e-05
4.985790497083312806e-05
4.985790497083312806e-05
9.971580994166625612e-04
4.985790497083312806e-05
4.985790497083312806e-05
4.985790497083312806e-05
4.985790497083312806e-05
4.985790497083312806e-05
4.985790497083312806e-05
4.985790497083312806e-05
4.985790497083312806e-05
4.985790497083312806e-05
9.971580994166625612e-05
4.985790497083312806e-05
4.985790497083312806e-05
4.985790497083312806e-05
4.985790497083312806e-05
4.985790497083312806e-05
4.985790497083312806e-05
3.490053347958318964e-04
4.985790497083312806e-05
4.985790497083312806e-05
4.985790497083312806e-05
4.985790497083312806e-05
4.985790497083312806e-05
4.985790497083312806e-05
9.473001944458294332e-04
4.985790497083312806e-05
1.246447624270828093e-03
1.994316198833325122e-04
1.096873909358328817e-03
9.971580994166625612e-04
4.985790497083312806e-05
4.985790497083312806e-05
4.985790497083312806e-05
9.971580994166625612e-05
4.985790497083312806e-05
4.985790497083312806e-05
4.985790497083312806e-05
4.985790497083312806e-05
4.985790497083312806e-05
4.985790497083312806e-05
4.985790497083312806e-05
4.985790497083312806e-05
5.484369546791644087e-04
4.985790497083312806e-05
4.985790497083312806e-05
4.985790497083312806e-05
4.985790497083312806e-05
4.985790497083312806e-05
9.971580994166625612e-04
4.985790497083312806e-05
4.985790497083312806e-05
7.977264795333300490e-04
4.985790497083312806e-05
1.495737149124993842e-04
4.985790497083312806e-05
4.985790497083312806e-05
4.985790497083312806e-05
4.985790497083312806e-05
4.985790497083312806e-05
4.985790497083312806e-05
8.475843845041631771e-04
2.492895248541656403e-04
4.985790497083312806e-05
1.047016004387495581e-03
4.985790497083312806e-05
4.985790497083312806e-05
4.985790497083312806e-05
4.985790497083312806e-05
4.985790497083312806e-05
4.985790497083312806e-05
4.985790497083312806e-05
9.473001944458294332e-04
4.985790497083312806e-05
4.985790497083312806e-05
4.985790497083312806e-05
4.985790497083312806e-05
4.985790497083312806e-05
4.985790497083312806e-05
4.985790497083312806e-05
4.985790497083312806e-05
4.985790497083312806e-05
4.985790497083312806e-05
4.985790497083312806e-05
4.985790497083312806e-05
4.985790497083312806e-05
4.985790497083312806e-05
9.473001944458294332e-04
4.985790497083312806e-05
4.985790497083312806e-05
4.985790497083312806e-05
4.985790497083312806e-05
4.985790497083312806e-05
4.985790497083312806e-05
4.985790497083312806e-05
4.985790497083312806e-05
4.985790497083312806e-05
4.985790497083312806e-05
9.473001944458294332e-04
4.985790497083312806e-05
4.985790497083312806e-05
5.484369546791644087e-04
4.985790497083312806e-05
4.985790497083312806e-05
4.985790497083312806e-05
4.985790497083312806e-05
4.985790497083312806e-05
4.985790497083312806e-05
4.985790497083312806e-05
4.985790497083312806e-05
4.985790497083312806e-05
4.985790497083312806e-05
4.985790497083312806e-05
3.490053347958318964e-04
8.475843845041631771e-04
4.985790497083312806e-05
4.985790497083312806e-05
4.985790497083312806e-05
4.985790497083312806e-05
4.985790497083312806e-05
4.985790497083312806e-05
4.985790497083312806e-05
4.985790497083312806e-05
4.985790497083312806e-05
4.985790497083312806e-05
4.985790497083312806e-05
4.985790497083312806e-05
4.985790497083312806e-05
4.985790497083312806e-05
4.985790497083312806e-05
4.985790497083312806e-05
4.985790497083312806e-05
9.971580994166625612e-05
4.985790497083312806e-05
4.985790497083312806e-05
4.985790497083312806e-05
4.985790497083312806e-05
4.985790497083312806e-05
4.985790497083312806e-05
2.991474298249987684e-04
6.980106695916637929e-04
4.985790497083312806e-05
4.985790497083312806e-05
7.977264795333300490e-04
4.985790497083312806e-05
4.985790497083312806e-05
4.985790497083312806e-05
4.985790497083312806e-05
4.985790497083312806e-05
4.985790497083312806e-05
4.985790497083312806e-05
7.478685745624969209e-04
2.991474298249987684e-04
4.985790497083312806e-05
4.985790497083312806e-05
4.985790497083312806e-05
4.985790497083312806e-05
4.985790497083312806e-05
4.985790497083312806e-05
4.985790497083312806e-05
4.985790497083312806e-05
4.985790497083312806e-05
6.481527646208306648e-04
4.985790497083312806e-05
4.985790497083312806e-05
4.985790497083312806e-05
7.478685745624969209e-04
4.985790497083312806e-05
4.985790497083312806e-05
4.985790497083312806e-05
9.971580994166625612e-05
6.980106695916637929e-04
4.985790497083312806e-05
4.985790497083312806e-05
4.985790497083312806e-05
4.985790497083312806e-04
4.985790497083312806e-05
4.985790497083312806e-05
4.985790497083312806e-05
4.985790497083312806e-05
4.985790497083312806e-05
4.985790497083312806e-05
4.985790497083312806e-05
4.985790497083312806e-05
5.484369546791644087e-04
4.985790497083312806e-05
4.985790497083312806e-05
4.985790497083312806e-05
4.985790497083312806e-05
4.985790497083312806e-05
3.490053347958318964e-04
4.985790497083312806e-05
4.985790497083312806e-05
4.985790497083312806e-05
4.985790497083312806e-05
4.985790497083312806e-05
4.985790497083312806e-05
4.985790497083312806e-05
4.985790497083312806e-05
6.481527646208306648e-04
4.985790497083312806e-05
4.985790497083312806e-05
4.985790497083312806e-05
9.971580994166625612e-05
4.985790497083312806e-05
4.985790497083312806e-05
4.985790497083312806e-05
4.985790497083312806e-05
4.985790497083312806e-05
4.985790497083312806e-05
4.985790497083312806e-05
4.985790497083312806e-05
4.985790497083312806e-05
4.985790497083312806e-05
4.985790497083312806e-05
5.982948596499975367e-04
4.985790497083312806e-05
4.985790497083312806e-05
4.985790497083312806e-05
4.985790497083312806e-05
4.985790497083312806e-05
4.985790497083312806e-05
4.985790497083312806e-05
4.985790497083312806e-05
4.985790497083312806e-05
4.985790497083312806e-05
2.492895248541656403e-04
4.985790497083312806e-05
4.985790497083312806e-05
4.985790497083312806e-05
4.985790497083312806e-05
4.985790497083312806e-05
4.985790497083312806e-05
4.985790497083312806e-05
4.985790497083312806e-05
5.484369546791644087e-04
4.985790497083312806e-05
4.985790497083312806e-05
4.985790497083312806e-05
4.985790497083312806e-05
4.985790497083312806e-05
4.985790497083312806e-05
4.985790497083312806e-05
4.985790497083312806e-05
5.484369546791644087e-04
4.985790497083312806e-05
5.484369546791644087e-04
4.985790497083312806e-05
4.487211447374981526e-04
4.985790497083312806e-05
4.985790497083312806e-05
4.985790497083312806e-05
5.484369546791644087e-04
4.985790497083312806e-05
4.487211447374981526e-04
5.484369546791644087e-04
3.490053347958318964e-04
4.985790497083312806e-05
1.495737149124993842e-04
4.985790497083312806e-05
4.985790497083312806e-05
2.492895248541656403e-04
4.487211447374981526e-04
4.985790497083312806e-05
4.985790497083312806e-05
4.985790497083312806e-05
4.985790497083312806e-05
4.985790497083312806e-05
4.985790497083312806e-05
3.490053347958318964e-04
4.985790497083312806e-05
3.490053347958318964e-04
4.985790497083312806e-05
4.985790497083312806e-05
4.985790497083312806e-05
4.985790497083312806e-05
4.985790497083312806e-05
4.985790497083312806e-05
1.495737149124993842e-04
3.490053347958318964e-04
4.985790497083312806e-05
4.985790497083312806e-05
4.985790497083312806e-05
4.985790497083312806e-05
4.985790497083312806e-05
4.985790497083312806e-05
4.985790497083312806e-05
4.985790497083312806e-05
4.985790497083312806e-05
4.985790497083312806e-05
4.985790497083312806e-05
4.985790497083312806e-05
4.985790497083312806e-05
4.985790497083312806e-05
4.985790497083312806e-05
4.985790497083312806e-05
4.985790497083312806e-05
4.985790497083312806e-05
4.985790497083312806e-05
4.985790497083312806e-05
4.985790497083312806e-05
4.487211447374981526e-04
4.985790497083312806e-05
4.985790497083312806e-05
4.985790497083312806e-05
4.985790497083312806e-05
4.985790497083312806e-05
4.985790497083312806e-05
4.985790497083312806e-05
4.487211447374981526e-04
4.985790497083312806e-05
4.985790497083312806e-05
4.487211447374981526e-04
4.487211447374981526e-04
4.487211447374981526e-04
4.487211447374981526e-04
4.487211447374981526e-04
4.985790497083312806e-05
4.487211447374981526e-04
4.985790497083312806e-05
4.985790497083312806e-05
4.985790497083312806e-05
4.985790497083312806e-05
4.985790497083312806e-05
4.985790497083312806e-05
4.985790497083312806e-05
4.985790497083312806e-05
4.985790497083312806e-05
4.985790497083312806e-05
2.492895248541656403e-04
4.985790497083312806e-05
4.985790497083312806e-05
3.988632397666650245e-04
4.985790497083312806e-05
4.985790497083312806e-05
4.985790497083312806e-05
4.985790497083312806e-05
4.985790497083312806e-05
4.985790497083312806e-05
4.985790497083312806e-05
4.985790497083312806e-05
4.985790497083312806e-05
4.985790497083312806e-05
3.988632397666650245e-04
4.985790497083312806e-05
4.985790497083312806e-05
4.985790497083312806e-05
4.985790497083312806e-05
4.985790497083312806e-05
3.490053347958318964e-04
4.985790497083312806e-05
3.490053347958318964e-04
3.490053347958318964e-04
4.985790497083312806e-05
4.985790497083312806e-05
4.985790497083312806e-05
4.985790497083312806e-05
4.985790497083312806e-05
4.985790497083312806e-05
4.985790497083312806e-05
3.490053347958318964e-04
4.985790497083312806e-05
4.985790497083312806e-05
1.495737149124993842e-04
4.985790497083312806e-05
4.985790497083312806e-05
4.985790497083312806e-05
1.495737149124993842e-04
4.985790497083312806e-05
4.985790497083312806e-05
4.985790497083312806e-05
4.985790497083312806e-05
4.985790497083312806e-05
4.985790497083312806e-05
4.985790497083312806e-05
4.985790497083312806e-05
4.985790497083312806e-05
4.985790497083312806e-05
4.985790497083312806e-05
4.985790497083312806e-05
4.985790497083312806e-05
4.985790497083312806e-05
4.985790497083312806e-05
4.985790497083312806e-05
4.985790497083312806e-05
4.985790497083312806e-05
4.985790497083312806e-05
4.985790497083312806e-05
1.495737149124993842e-04
4.985790497083312806e-05
4.985790497083312806e-05
4.985790497083312806e-05
4.985790497083312806e-05
4.985790497083312806e-05
4.985790497083312806e-05
4.985790497083312806e-05
4.985790497083312806e-05
4.985790497083312806e-05
4.985790497083312806e-05
3.490053347958318964e-04
4.985790497083312806e-05
4.985790497083312806e-05
4.985790497083312806e-05
4.985790497083312806e-05
3.490053347958318964e-04
4.985790497083312806e-05
4.985790497083312806e-05
4.985790497083312806e-05
4.985790497083312806e-05
4.985790497083312806e-05
4.985790497083312806e-05
4.985790497083312806e-05
4.985790497083312806e-05
4.985790497083312806e-05
4.985790497083312806e-05
4.985790497083312806e-05
4.985790497083312806e-05
4.985790497083312806e-05
4.985790497083312806e-05
4.985790497083312806e-05
4.985790497083312806e-05
4.985790497083312806e-05
2.991474298249987684e-04
4.985790497083312806e-05
4.985790497083312806e-05
2.492895248541656403e-04
1.994316198833325122e-04
4.985790497083312806e-05
4.985790497083312806e-05
4.985790497083312806e-05
4.985790497083312806e-05
9.971580994166625612e-05
