3.004410544549411186e-02
2.924351155038646885e-02
2.266408535786547038e-02
1.697259057628204212e-02
2.531332333803985521e-02
1.660868426032402131e-02
1.994206611449948416e-02
2.023319116726590011e-02
1.941804101951993475e-02
1.298417735338214599e-02
6.987001266393979421e-03
1.206713343716793625e-02
1.253293352159420143e-02
1.312973987976535396e-02
1.112097701567708354e-02
1.094630198401723431e-02
9.723576762398287998e-03
9.810914278228213478e-03
1.007292682571798645e-02
3.085925559324007462e-03
8.733751582992475143e-03
7.190788803330470762e-03
6.331969897669543525e-03
6.987001266393979421e-03
8.093276466906359004e-03
7.074338782223904033e-03
7.394576340266962103e-03
6.855994992649092068e-03
8.107832719544679628e-03
6.710432466265884091e-03
5.444038486731975907e-03
6.754101224180846831e-03
6.390194908222826889e-03
4.221313265113029595e-03
6.361082402946185640e-03
1.703081558683532549e-03
6.885107497925734184e-03
6.448419918776110253e-03
5.807944802689995849e-03
6.069957350179769687e-03
6.113626108094732427e-03
5.109244676050597213e-03
5.866169813243278346e-03
2.692906738089346271e-03
5.633269771030145756e-03
5.720607286860070369e-03
5.604157265753504508e-03
3.056813054047366213e-03
3.391606864728744040e-03
2.736575496004308578e-03
2.008762864088269127e-03
4.585219581071048670e-03
5.385813476178692542e-03
3.144150569877290826e-03
4.614332086347690785e-03
4.206757012474708103e-03
4.905457139114106739e-03
4.745338360092578138e-03
3.202375580430573757e-03
5.531376002561900519e-03
4.294094528304633583e-03
2.270775411578043398e-03
4.483325812602803433e-03
4.250425770389670843e-03
4.454213307326162184e-03
4.075750738729821618e-03
4.323207033581274832e-03
3.420719370005385722e-03
3.318825601537140485e-03
1.935981600896665138e-03
2.096100379918193739e-03
4.002969475538217629e-03
1.470181516470399959e-03
2.663794232812704589e-03
3.857406949155009653e-03
1.673969053406890867e-03
3.799181938601726288e-03
3.304269348898819427e-03
3.682731917495159994e-03
1.382844000640475130e-03
3.682731917495159994e-03
2.969475538217441167e-03
3.624506906941877063e-03
3.231488085707215439e-03
3.740956928048443358e-03
1.470181516470399959e-03
2.969475538217441167e-03
3.347938106813781733e-03
2.183437895748118786e-03
2.984031790855762225e-03
1.353731495363833448e-03
3.144150569877290826e-03
1.048050189959096870e-03
3.464388127920348028e-03
3.129594317238970202e-03
5.094688423412277022e-04
3.013144296132403473e-03
9.316001688525305750e-04
2.663794232812704589e-03
2.474562948514534306e-03
2.634681727536062907e-03
2.358112927407968011e-03
2.591012969621100601e-03
1.586631537576966254e-03
5.676938528945108496e-04
2.692906738089346271e-03
2.620125474897742283e-03
2.838469264472554248e-03
1.120831453150700858e-03
2.460006695876213682e-03
2.037875369364910809e-03
2.678350485451025647e-03
1.368287748002154289e-03
2.532787959067817670e-03
2.547344211706138294e-03
8.151501477459642802e-04
1.703081558683532549e-03
2.212550401024760034e-03
2.023319116726589751e-03
2.052431622003231433e-03
1.077162695235738552e-03
1.994206611449948503e-03
7.132563792777187181e-04
1.513850274385362266e-03
5.968063581711524233e-04
2.037875369364910809e-03
1.048050189959096870e-03
1.819531579790098844e-03
2.212550401024760034e-03
1.018937684682455404e-03
8.442626530226058539e-04
2.227106653663081092e-03
2.023319116726589751e-03
2.183437895748118786e-03
2.270775411578043398e-03
1.804975327151778003e-03
2.270775411578043398e-03
1.994206611449948503e-03
2.110656632556514797e-03
1.513850274385362266e-03
9.898251794058137223e-04
7.278126319160394778e-05
1.965094106173306820e-03
1.863200337705061150e-03
8.297064003842851213e-04
1.033493937320776246e-03
1.149943958427342540e-03
1.455625263832079023e-05
1.935981600896665138e-03
1.324618990087191982e-03
9.316001688525305750e-04
3.493500633196989927e-04
1.455625263832079023e-05
1.921425348258344297e-03
1.091718947874059393e-03
5.968063581711524233e-04
1.280950232172229676e-03
8.733751582992474818e-05
1.659412800768570243e-03
1.703081558683532549e-03
1.863200337705061150e-03
1.542962779662003731e-03
6.987001266393979854e-04
1.441069011193758277e-03
1.877756590343381991e-03
1.557519032300324572e-03
1.761306569236815696e-03
1.746750316598494855e-03
1.601187790215286878e-03
1.280950232172229676e-03
1.761306569236815696e-03
8.005938951076434391e-04
1.470181516470399959e-03
8.005938951076434391e-04
1.572075284938645413e-03
1.484737769108720584e-03
1.455625263832079118e-03
1.717637811321853390e-03
1.572075284938645413e-03
1.077162695235738552e-03
1.470181516470399959e-03
1.557519032300324572e-03
2.765688001280950043e-04
5.531376002561900086e-04
1.601187790215286878e-03
1.353731495363833448e-03
1.237281474257267153e-03
1.091718947874059393e-03
1.499294021747041425e-03
7.278126319160395591e-04
1.470181516470399959e-03
1.572075284938645413e-03
1.586631537576966254e-03
1.353731495363833448e-03
2.620125474897742174e-04
1.441069011193758277e-03
9.461564214908514160e-04
2.911250527664158047e-05
1.368287748002154289e-03
1.324618990087191982e-03
1.120831453150700858e-03
1.266393979533908835e-03
1.455625263832079118e-03
7.278126319160395591e-04
1.018937684682455350e-04
1.310062737448871141e-03
8.005938951076434391e-04
1.324618990087191982e-03
5.822501055328315822e-04
6.259188634477939970e-04
1.106275200512380017e-03
1.455625263832079023e-05
1.135387705789021699e-03
1.324618990087191982e-03
8.297064003842851213e-04
1.222725221618946312e-03
1.193612716342304847e-03
4.221313265113029269e-04
5.385813476178692759e-04
1.149943958427342540e-03
3.639063159580197796e-04
3.930188212346613533e-04
3.784625685963405664e-04
1.091718947874059393e-03
1.004381432044134563e-03
1.120831453150700858e-03
1.179056463703984006e-03
1.120831453150700858e-03
1.179056463703984006e-03
2.329000422131326437e-04
1.208168968980625688e-03
1.164500211065663164e-03
5.968063581711524233e-04
1.149943958427342540e-03
1.179056463703984006e-03
1.004381432044134563e-03
8.588189056609266949e-04
1.164500211065663164e-03
1.164500211065663164e-03
3.056813054047365780e-04
1.018937684682455404e-03
1.149943958427342540e-03
6.695876213627564117e-04
1.135387705789021699e-03
1.135387705789021699e-03
1.091718947874059393e-03
1.601187790215287095e-04
1.048050189959096870e-03
8.005938951076434391e-04
9.898251794058137223e-04
1.004381432044134563e-03
7.860376424693227065e-04
1.062606442597417711e-03
3.784625685963405664e-04
8.297064003842851213e-04
1.033493937320776246e-03
9.170439162142098423e-04
8.151501477459642802e-04
8.297064003842851213e-04
9.170439162142098423e-04
1.004381432044134563e-03
8.151501477459642802e-04
7.278126319160394778e-05
8.297064003842851213e-04
1.310062737448871087e-04
9.461564214908514160e-04
7.860376424693227065e-04
8.005938951076434391e-04
8.297064003842851213e-04
8.733751582992474276e-04
8.442626530226058539e-04
8.588189056609266949e-04
9.461564214908514160e-04
3.930188212346613533e-04
8.297064003842851213e-04
8.297064003842851213e-04
6.987001266393979854e-04
7.569251371926811328e-04
7.569251371926811328e-04
2.911250527664158047e-05
2.474562948514534306e-04
7.860376424693227065e-04
8.005938951076434391e-04
6.113626108094731559e-04
1.455625263832079023e-05
8.733751582992474276e-04
6.987001266393979854e-04
8.733751582992474276e-04
6.841438740010771444e-04
7.860376424693227065e-04
8.151501477459642802e-04
8.297064003842851213e-04
6.695876213627564117e-04
7.423688845543602918e-04
8.005938951076434391e-04
6.987001266393979854e-04
5.968063581711524233e-04
7.569251371926811328e-04
5.094688423412277022e-04
1.455625263832079023e-05
5.531376002561900086e-04
6.259188634477939970e-04
4.366875791496237138e-04
7.714813898310018654e-04
3.639063159580197796e-04
2.911250527664158047e-05
7.714813898310018654e-04
7.278126319160395591e-04
1.455625263832079023e-05
1.455625263832079023e-05
7.423688845543602918e-04
6.113626108094731559e-04
6.841438740010771444e-04
5.822501055328315822e-04
5.240250949795484349e-04
5.385813476178692759e-04
7.132563792777187181e-04
1.455625263832079023e-05
1.892312842981702832e-04
3.493500633196989927e-04
5.094688423412277022e-04
5.822501055328316094e-05
1.892312842981702832e-04
3.784625685963405664e-04
6.987001266393979854e-04
6.987001266393979854e-04
1.601187790215287095e-04
5.094688423412277022e-04
6.113626108094731559e-04
4.949125897029068612e-04
6.404751160861148380e-04
6.404751160861148380e-04
6.841438740010771444e-04
4.366875791496237138e-04
6.550313687244355707e-04
6.259188634477939970e-04
5.385813476178692759e-04
3.784625685963405664e-04
2.620125474897742174e-04
5.094688423412277022e-04
6.550313687244355707e-04
1.455625263832079023e-05
6.259188634477939970e-04
6.404751160861148380e-04
5.822501055328315822e-04
2.911250527664158047e-05
6.259188634477939970e-04
1.746750316598494964e-04
5.094688423412277022e-04
6.259188634477939970e-04
1.455625263832079023e-05
5.094688423412277022e-04
6.259188634477939970e-04
4.658000844262652875e-04
5.531376002561900086e-04
6.259188634477939970e-04
5.968063581711524233e-04
4.658000844262652875e-04
1.892312842981702832e-04
6.113626108094731559e-04
4.512438317879445006e-04
4.075750738729821401e-04
5.968063581711524233e-04
5.385813476178692759e-04
4.366875791496237138e-04
5.094688423412277022e-04
5.385813476178692759e-04
5.531376002561900086e-04
3.347938106813782059e-04
4.075750738729821401e-04
5.531376002561900086e-04
5.822501055328315822e-04
5.385813476178692759e-04
5.822501055328315822e-04
1.455625263832079023e-05
4.366875791496237138e-04
5.822501055328315822e-04
1.455625263832079023e-05
5.385813476178692759e-04
2.474562948514534306e-04
5.385813476178692759e-04
4.803563370645860743e-04
3.639063159580197796e-04
3.056813054047365780e-04
5.531376002561900086e-04
5.531376002561900086e-04
4.949125897029068612e-04
1.892312842981702832e-04
5.385813476178692759e-04
1.601187790215287095e-04
4.803563370645860743e-04
5.385813476178692759e-04
1.455625263832079023e-05
4.803563370645860743e-04
3.930188212346613533e-04
5.385813476178692759e-04
5.385813476178692759e-04
4.658000844262652875e-04
4.366875791496237409e-05
5.240250949795484349e-04
4.803563370645860743e-04
5.240250949795484349e-04
2.765688001280950043e-04
2.911250527664158047e-05
5.240250949795484349e-04
5.240250949795484349e-04
5.240250949795484349e-04
5.240250949795484349e-04
5.240250949795484349e-04
4.221313265113029269e-04
4.803563370645860743e-04
2.765688001280950043e-04
1.455625263832079023e-05
4.949125897029068612e-04
3.930188212346613533e-04
5.094688423412277022e-04
4.949125897029068612e-04
1.455625263832079023e-05
3.930188212346613533e-04
4.512438317879445006e-04
3.639063159580197796e-04
4.803563370645860743e-04
1.455625263832079023e-05
4.803563370645860743e-04
4.803563370645860743e-04
4.658000844262652875e-04
3.784625685963405664e-04
4.658000844262652875e-04
1.455625263832079023e-05
1.455625263832079023e-05
4.512438317879445006e-04
3.639063159580197796e-04
4.366875791496237409e-05
4.366875791496237138e-04
1.892312842981702832e-04
1.601187790215287095e-04
4.512438317879445006e-04
3.056813054047365780e-04
2.329000422131326437e-04
3.347938106813782059e-04
3.784625685963405664e-04
3.784625685963405664e-04
1.601187790215287095e-04
4.366875791496237138e-04
4.366875791496237138e-04
3.056813054047365780e-04
4.366875791496237138e-04
1.892312842981702832e-04
1.892312842981702832e-04
3.930188212346613533e-04
1.746750316598494964e-04
3.930188212346613533e-04
3.784625685963405664e-04
1.455625263832079023e-05
1.455625263832079023e-05
2.765688001280950043e-04
1.455625263832079023e-05
2.474562948514534306e-04
4.075750738729821401e-04
3.930188212346613533e-04
4.221313265113029269e-04
3.639063159580197796e-04
1.455625263832079023e-05
4.075750738729821401e-04
2.765688001280950043e-04
8.733751582992474818e-05
4.075750738729821401e-04
3.784625685963405664e-04
3.639063159580197796e-04
3.493500633196989927e-04
1.892312842981702832e-04
3.930188212346613533e-04
3.202375580430574190e-04
5.822501055328316094e-05
1.455625263832079023e-05
3.784625685963405664e-04
3.493500633196989927e-04
3.347938106813782059e-04
3.639063159580197796e-04
3.056813054047365780e-04
2.183437895748118569e-04
3.784625685963405664e-04
3.056813054047365780e-04
3.493500633196989927e-04
5.822501055328316094e-05
3.202375580430574190e-04
2.037875369364910700e-04
3.784625685963405664e-04
3.784625685963405664e-04
3.784625685963405664e-04
1.601187790215287095e-04
1.310062737448871087e-04
1.310062737448871087e-04
3.639063159580197796e-04
3.202375580430574190e-04
3.639063159580197796e-04
3.056813054047365780e-04
3.202375580430574190e-04
3.493500633196989927e-04
1.601187790215287095e-04
3.202375580430574190e-04
3.493500633196989927e-04
2.765688001280950043e-04
3.493500633196989927e-04
3.493500633196989927e-04
2.911250527664157911e-04
1.455625263832079023e-05
1.018937684682455350e-04
1.455625263832079023e-05
1.455625263832079023e-05
1.310062737448871087e-04
2.329000422131326437e-04
3.347938106813782059e-04
1.455625263832079023e-05
2.037875369364910700e-04
2.183437895748118569e-04
4.366875791496237409e-05
2.911250527664157911e-04
1.746750316598494964e-04
1.455625263832079023e-05
3.056813054047365780e-04
4.366875791496237409e-05
2.620125474897742174e-04
1.601187790215287095e-04
1.892312842981702832e-04
3.056813054047365780e-04
1.455625263832079023e-05
2.620125474897742174e-04
2.765688001280950043e-04
3.056813054047365780e-04
2.620125474897742174e-04
1.455625263832078956e-04
7.278126319160394778e-05
1.892312842981702832e-04
1.164500211065663219e-04
7.278126319160394778e-05
3.056813054047365780e-04
2.765688001280950043e-04
5.822501055328316094e-05
2.037875369364910700e-04
2.183437895748118569e-04
1.455625263832079023e-05
1.164500211065663219e-04
1.455625263832078956e-04
2.329000422131326437e-04
2.911250527664158047e-05
1.892312842981702832e-04
2.474562948514534306e-04
1.455625263832079023e-05
2.183437895748118569e-04
2.183437895748118569e-04
1.746750316598494964e-04
1.455625263832078956e-04
2.620125474897742174e-04
1.455625263832079023e-05
1.018937684682455350e-04
2.620125474897742174e-04
2.183437895748118569e-04
2.183437895748118569e-04
2.765688001280950043e-04
2.765688001280950043e-04
1.892312842981702832e-04
2.620125474897742174e-04
1.455625263832078956e-04
2.474562948514534306e-04
7.278126319160394778e-05
2.474562948514534306e-04
1.455625263832079023e-05
1.310062737448871087e-04
1.892312842981702832e-04
2.911250527664158047e-05
2.037875369364910700e-04
1.455625263832078956e-04
2.474562948514534306e-04
1.601187790215287095e-04
2.620125474897742174e-04
1.746750316598494964e-04
2.620125474897742174e-04
2.037875369364910700e-04
2.329000422131326437e-04
2.474562948514534306e-04
1.746750316598494964e-04
1.892312842981702832e-04
2.474562948514534306e-04
2.329000422131326437e-04
2.474562948514534306e-04
2.037875369364910700e-04
1.310062737448871087e-04
2.474562948514534306e-04
7.278126319160394778e-05
2.183437895748118569e-04
8.733751582992474818e-05
2.037875369364910700e-04
1.310062737448871087e-04
2.474562948514534306e-04
2.474562948514534306e-04
2.183437895748118569e-04
5.822501055328316094e-05
2.474562948514534306e-04
1.455625263832079023e-05
2.183437895748118569e-04
2.183437895748118569e-04
2.183437895748118569e-04
2.911250527664158047e-05
2.474562948514534306e-04
1.310062737448871087e-04
2.183437895748118569e-04
2.183437895748118569e-04
2.037875369364910700e-04
1.455625263832079023e-05
4.366875791496237409e-05
2.183437895748118569e-04
1.455625263832078956e-04
1.455625263832079023e-05
1.892312842981702832e-04
1.601187790215287095e-04
1.746750316598494964e-04
1.164500211065663219e-04
1.455625263832079023e-05
2.183437895748118569e-04
1.892312842981702832e-04
2.037875369364910700e-04
1.455625263832079023e-05
2.183437895748118569e-04
2.183437895748118569e-04
1.892312842981702832e-04
1.164500211065663219e-04
1.018937684682455350e-04
1.018937684682455350e-04
1.018937684682455350e-04
2.183437895748118569e-04
4.366875791496237409e-05
1.892312842981702832e-04
2.037875369364910700e-04
1.455625263832079023e-05
1.455625263832079023e-05
2.037875369364910700e-04
1.746750316598494964e-04
1.310062737448871087e-04
2.037875369364910700e-04
2.911250527664158047e-05
2.037875369364910700e-04
1.892312842981702832e-04
1.746750316598494964e-04
1.164500211065663219e-04
1.746750316598494964e-04
5.822501055328316094e-05
1.018937684682455350e-04
1.455625263832079023e-05
1.746750316598494964e-04
2.037875369364910700e-04
1.892312842981702832e-04
1.892312842981702832e-04
1.455625263832079023e-05
1.455625263832079023e-05
1.018937684682455350e-04
1.455625263832079023e-05
1.455625263832079023e-05
1.310062737448871087e-04
1.018937684682455350e-04
1.892312842981702832e-04
1.018937684682455350e-04
1.746750316598494964e-04
7.278126319160394778e-05
1.018937684682455350e-04
1.018937684682455350e-04
4.366875791496237409e-05
1.892312842981702832e-04
1.018937684682455350e-04
1.455625263832079023e-05
1.455625263832079023e-05
7.278126319160394778e-05
1.164500211065663219e-04
1.601187790215287095e-04
1.310062737448871087e-04
1.455625263832079023e-05
1.601187790215287095e-04
1.455625263832078956e-04
1.746750316598494964e-04
1.164500211065663219e-04
1.310062737448871087e-04
1.601187790215287095e-04
1.601187790215287095e-04
1.746750316598494964e-04
1.601187790215287095e-04
1.746750316598494964e-04
8.733751582992474818e-05
2.911250527664158047e-05
8.733751582992474818e-05
1.746750316598494964e-04
1.746750316598494964e-04
1.455625263832079023e-05
1.455625263832078956e-04
1.310062737448871087e-04
7.278126319160394778e-05
1.601187790215287095e-04
1.601187790215287095e-04
1.455625263832079023e-05
1.455625263832079023e-05
1.455625263832079023e-05
1.601187790215287095e-04
1.455625263832079023e-05
1.601187790215287095e-04
1.310062737448871087e-04
1.601187790215287095e-04
1.601187790215287095e-04
1.601187790215287095e-04
1.164500211065663219e-04
2.911250527664158047e-05
1.601187790215287095e-04
7.278126319160394778e-05
1.455625263832079023e-05
1.018937684682455350e-04
1.310062737448871087e-04
1.164500211065663219e-04
1.601187790215287095e-04
1.310062737448871087e-04
8.733751582992474818e-05
1.018937684682455350e-04
1.310062737448871087e-04
1.164500211065663219e-04
1.455625263832079023e-05
7.278126319160394778e-05
1.018937684682455350e-04
1.164500211065663219e-04
1.601187790215287095e-04
1.018937684682455350e-04
1.455625263832078956e-04
1.455625263832079023e-05
1.310062737448871087e-04
1.455625263832078956e-04
8.733751582992474818e-05
1.455625263832079023e-05
1.455625263832078956e-04
1.455625263832078956e-04
1.310062737448871087e-04
1.310062737448871087e-04
1.164500211065663219e-04
1.455625263832078956e-04
1.164500211065663219e-04
1.310062737448871087e-04
1.310062737448871087e-04
1.310062737448871087e-04
1.455625263832078956e-04
1.310062737448871087e-04
1.310062737448871087e-04
1.310062737448871087e-04
1.018937684682455350e-04
1.455625263832079023e-05
7.278126319160394778e-05
1.310062737448871087e-04
1.455625263832079023e-05
7.278126319160394778e-05
7.278126319160394778e-05
7.278126319160394778e-05
7.278126319160394778e-05
1.310062737448871087e-04
1.018937684682455350e-04
1.310062737448871087e-04
1.164500211065663219e-04
1.310062737448871087e-04
1.310062737448871087e-04
1.455625263832079023e-05
1.018937684682455350e-04
1.455625263832079023e-05
1.164500211065663219e-04
1.455625263832079023e-05
1.455625263832079023e-05
7.278126319160394778e-05
1.310062737448871087e-04
1.455625263832079023e-05
1.310062737448871087e-04
7.278126319160394778e-05
1.455625263832079023e-05
7.278126319160394778e-05
1.455625263832079023e-05
7.278126319160394778e-05
1.018937684682455350e-04
1.018937684682455350e-04
1.455625263832079023e-05
1.310062737448871087e-04
1.310062737448871087e-04
1.310062737448871087e-04
1.310062737448871087e-04
1.310062737448871087e-04
7.278126319160394778e-05
1.310062737448871087e-04
1.310062737448871087e-04
1.310062737448871087e-04
1.455625263832079023e-05
1.310062737448871087e-04
1.310062737448871087e-04
1.455625263832079023e-05
1.018937684682455350e-04
7.278126319160394778e-05
4.366875791496237409e-05
7.278126319160394778e-05
1.310062737448871087e-04
1.164500211065663219e-04
2.911250527664158047e-05
1.164500211065663219e-04
1.164500211065663219e-04
1.018937684682455350e-04
1.455625263832079023e-05
4.366875791496237409e-05
1.455625263832079023e-05
1.164500211065663219e-04
1.018937684682455350e-04
7.278126319160394778e-05
1.455625263832079023e-05
1.018937684682455350e-04
1.164500211065663219e-04
1.164500211065663219e-04
1.164500211065663219e-04
4.366875791496237409e-05
7.278126319160394778e-05
1.164500211065663219e-04
1.164500211065663219e-04
1.455625263832079023e-05
1.018937684682455350e-04
1.018937684682455350e-04
8.733751582992474818e-05
4.366875791496237409e-05
1.018937684682455350e-04
1.018937684682455350e-04
1.455625263832079023e-05
1.018937684682455350e-04
1.018937684682455350e-04
1.018937684682455350e-04
1.018937684682455350e-04
1.018937684682455350e-04
4.366875791496237409e-05
1.455625263832079023e-05
1.018937684682455350e-04
1.455625263832079023e-05
8.733751582992474818e-05
1.455625263832079023e-05
1.018937684682455350e-04
1.018937684682455350e-04
7.278126319160394778e-05
1.018937684682455350e-04
1.018937684682455350e-04
8.733751582992474818e-05
1.018937684682455350e-04
1.018937684682455350e-04
1.018937684682455350e-04
4.366875791496237409e-05
1.018937684682455350e-04
1.455625263832079023e-05
1.018937684682455350e-04
5.822501055328316094e-05
1.018937684682455350e-04
4.366875791496237409e-05
1.018937684682455350e-04
1.018937684682455350e-04
1.455625263832079023e-05
1.018937684682455350e-04
1.018937684682455350e-04
1.455625263832079023e-05
1.018937684682455350e-04
1.018937684682455350e-04
7.278126319160394778e-05
7.278126319160394778e-05
1.018937684682455350e-04
1.455625263832079023e-05
1.018937684682455350e-04
1.018937684682455350e-04
1.018937684682455350e-04
1.018937684682455350e-04
4.366875791496237409e-05
2.911250527664158047e-05
5.822501055328316094e-05
1.018937684682455350e-04
1.018937684682455350e-04
1.018937684682455350e-04
1.018937684682455350e-04
1.455625263832079023e-05
8.733751582992474818e-05
8.733751582992474818e-05
2.911250527664158047e-05
1.018937684682455350e-04
1.018937684682455350e-04
5.822501055328316094e-05
1.018937684682455350e-04
1.455625263832079023e-05
8.733751582992474818e-05
8.733751582992474818e-05
8.733751582992474818e-05
8.733751582992474818e-05
8.733751582992474818e-05
7.278126319160394778e-05
8.733751582992474818e-05
8.733751582992474818e-05
8.733751582992474818e-05
5.822501055328316094e-05
8.733751582992474818e-05
8.733751582992474818e-05
8.733751582992474818e-05
1.455625263832079023e-05
4.366875791496237409e-05
