3.599902375528798992e-02
3.415113197898749647e-02
2.822974292222583947e-02
2.755566919250615823e-02
2.221537817860629385e-02
9.332434568360373217e-03
1.480056715168983315e-02
1.441123146297243300e-02
7.031286318627679235e-03
2.510343545162939914e-03
1.103505183394542372e-02
1.155222909209241769e-02
1.214494909581144595e-02
1.174399144623680842e-02
9.326623587931756262e-03
5.346101994328483070e-04
1.104667379480265936e-02
1.144182046394867820e-02
1.023894751522476908e-02
5.880712193761331377e-03
1.202872948723908691e-03
9.785691041792572015e-03
9.309190646645901929e-03
9.901910650364930191e-03
9.750825159220863347e-03
2.452233740876760826e-03
9.442843196504114439e-03
8.797824368927524910e-03
9.012830644786388665e-03
8.989586723071917376e-03
9.384733392217934483e-03
9.163916135930453774e-03
1.894379619729440797e-03
7.298591418344103389e-03
8.780391427641672311e-03
4.189716889033517390e-03
6.136395332620519887e-03
8.420110641067360402e-03
8.420110641067360402e-03
6.909255729626702369e-03
8.094695737064757160e-03
3.556320022314164806e-03
7.164938868485890879e-03
7.246292594486542123e-03
6.862767886197758925e-03
6.246803960764260241e-03
1.876946678443586897e-03
6.467621217051740951e-03
3.364557668169773641e-03
4.869601599181813852e-03
5.357723955185718714e-03
5.909767095904421355e-03
2.306959230161312671e-03
4.224582771605225190e-03
5.636651015759378512e-03
3.852680024173678504e-03
3.457533355027660096e-03
5.735437683045883223e-03
5.276370229185068338e-03
5.258937287899214004e-03
5.200827483613034916e-03
3.364557668169773641e-03
5.160150620612710161e-03
2.684672958021477179e-03
5.404211798614662159e-03
7.728603970061829163e-04
4.840546697038724741e-03
5.014876109897262006e-03
5.119473757612384539e-03
5.317047092185393092e-03
4.788247873181163475e-03
4.881223560039049496e-03
4.799869834038399119e-03
3.620240807028961717e-03
4.666217284180186609e-03
4.090930221747013547e-03
4.410534145320998967e-03
3.294825903026358475e-03
4.369857282320673345e-03
5.810980428617916292e-05
2.324392171447166571e-03
3.910789828459857592e-03
4.300125517177258287e-04
1.592208637441309060e-03
5.810980428617916123e-06
3.451722374599042274e-03
3.666728650457905161e-03
3.864301985030914582e-03
2.568453349449119003e-03
3.300636883454976730e-03
3.875923945888150226e-03
1.900190600158058619e-03
3.533076100599693084e-03
3.120496490167821210e-03
3.318069824740830197e-03
3.678350611315141239e-03
3.347124726883919741e-03
3.527265120171075262e-03
3.527265120171075262e-03
3.137929431453674893e-04
3.399423550741481007e-03
1.150574124866347425e-03
2.289526288875459205e-03
3.527265120171075262e-03
2.341825112733020471e-03
3.376179629027009285e-03
3.254149040026033286e-03
3.376179629027009285e-03
3.184417274882618120e-03
1.423690205011389617e-03
3.015898842452698677e-03
2.632374134163916347e-03
2.458044721305378648e-03
2.237227465017897939e-03
3.074008646738877765e-03
5.810980428617916292e-05
1.801403932871554125e-04
2.882246292594486600e-03
4.183905908604899676e-04
2.673050997164241535e-03
5.810980428617916123e-06
2.853191390451397056e-03
2.853191390451397056e-03
2.632374134163916347e-03
2.388312956161963482e-03
2.847380410022778909e-04
5.404211798614662375e-04
1.098275301008786158e-03
2.736971781879038446e-03
2.556831388591883358e-03
7.961043187206545300e-04
2.626563153735298091e-03
5.810980428617916123e-06
1.656129422156106187e-03
2.516154525591557736e-03
1.371391381153828351e-03
2.086141973873831962e-03
1.272604713867323640e-03
2.132629817302775406e-03
6.392078471479708667e-05
8.135372600065083216e-04
2.423178838733671282e-03
1.720050206870903315e-03
2.376690995304727837e-03
2.376690995304727837e-03
1.365580400725210312e-03
1.220305890009762428e-04
1.842080795871879530e-03
1.981544326158709429e-03
1.859513737157733159e-04
1.104086281437404197e-03
1.534098833155129972e-03
1.958300404444237707e-03
2.213983543303426216e-03
5.810980428617916123e-06
1.365580400725210312e-03
2.132629817302775406e-03
1.423690205011389617e-03
1.423690205011389617e-03
2.022221189159035051e-03
2.109385895588303684e-03
2.051276091302124596e-03
1.952489424015619885e-03
5.810980428617916123e-06
1.958300404444237707e-03
1.220305890009762374e-03
7.147505927200037195e-04
5.810980428617916123e-06
1.638696480870252504e-03
1.935056482729766202e-03
2.004788247873181151e-03
1.900190600158058619e-03
5.810980428617916123e-06
1.876946678443586897e-03
1.853702756729115391e-03
1.853702756729115391e-03
1.830458835014643669e-03
1.795592952442936086e-03
1.592208637441309060e-03
5.810980428617916292e-05
5.810980428617916123e-06
5.810980428617916123e-06
1.505043931012040427e-03
1.661940402584724009e-03
1.563153735298219516e-03
1.534098833155129972e-03
2.731160801450420840e-04
1.563153735298219516e-03
1.656129422156106187e-03
1.563153735298219516e-03
1.598019617869927099e-03
5.810980428617916123e-06
1.104086281437404197e-03
1.551531774440983655e-03
5.810980428617916123e-06
1.022732555436753387e-03
5.810980428617916123e-06
1.446934126725861122e-03
1.470178048440332844e-03
1.336525498582120768e-03
8.890800055785412015e-04
1.075031379294314436e-03
8.832690251499232710e-04
1.348147459439356629e-03
9.413788294361024678e-04
5.810980428617916123e-06
1.144763144437729602e-03
5.810980428617916123e-06
7.728603970061829163e-04
5.055552972897587628e-04
1.313281576867649045e-03
5.810980428617916123e-06
1.249360792152852135e-03
5.810980428617916123e-06
1.685184324299195786e-04
1.237738831295616274e-03
5.810980428617916123e-06
1.307470596439031223e-03
1.121519222723257880e-03
5.810980428617916123e-06
1.226116870438380413e-03
1.295848635581795362e-03
1.168007066152201108e-03
5.810980428617916123e-06
1.150574124866347425e-03
1.168007066152201108e-03
1.045976477151224892e-03
1.156385105294965463e-03
1.121519222723257880e-03
9.007019664357770626e-04
3.777137278601645624e-04
6.392078471479708667e-05
6.392078471479708667e-05
3.893356887174004234e-04
5.985309841476454343e-04
1.127330203151875702e-03
9.936776532936636257e-04
1.127330203151875702e-03
1.040165496722607070e-03
2.498721584305704162e-04
1.028543535865371209e-03
4.416345125749616355e-04
7.379945144344753332e-04
8.658360838640695879e-04
6.159639254334991175e-04
9.762447120078099425e-04
1.045976477151224892e-03
9.530007902933383289e-04
9.239458881502486762e-04
1.051787457579842931e-03
5.810980428617916123e-06
8.425921621495978658e-04
5.810980428617916123e-06
5.810980428617916123e-06
9.646227511505740815e-04
9.878666728650458036e-04
8.425921621495978658e-04
6.624517688624424533e-04
7.554274557203291248e-04
8.425921621495978658e-04
8.425921621495978658e-04
5.810980428617916123e-06
9.936776532936636257e-04
5.810980428617916123e-06
9.471898098647203983e-04
8.832690251499232710e-04
6.275858862907349785e-04
9.471898098647203983e-04
9.878666728650457494e-05
1.685184324299195786e-04
9.471898098647203983e-04
9.355678490074845373e-04
8.425921621495978658e-04
2.382501975733345822e-04
7.496164752917111943e-04
5.810980428617916292e-05
6.275858862907349785e-04
8.774580447213053405e-04
8.658360838640695879e-04
9.007019664357770626e-04
8.077262795778903911e-04
6.392078471479708667e-05
7.902933382920365995e-04
3.312258844312212266e-04
5.810980428617916123e-06
8.309702012923620047e-04
5.810980428617916123e-06
5.810980428617916123e-06
5.810980428617916123e-06
8.425921621495978658e-04
7.844823578634186690e-04
4.706894147180512339e-04
7.554274557203291248e-04
5.810980428617916123e-06
5.520431407187020986e-04
5.869090232904095733e-04
3.719027474315466319e-04
7.612384361489470553e-04
4.765003951466691644e-04
6.798847101482962448e-04
7.554274557203291248e-04
3.893356887174004234e-04
3.893356887174004234e-04
1.743294128585374820e-04
8.019152991492724605e-04
7.263725535772395806e-04
7.554274557203291248e-04
4.765003951466691644e-04
3.777137278601645624e-04
4.648784342894333034e-04
6.333968667193529091e-04
5.520431407187020986e-04
2.208172562874808178e-04
7.031286318627678585e-04
4.765003951466691644e-04
5.810980428617916123e-06
7.321835340058575111e-04
7.031286318627678585e-04
4.765003951466691644e-04
6.798847101482962448e-04
7.031286318627678585e-04
6.973176514341499280e-04
7.147505927200037195e-04
6.392078471479708396e-04
6.798847101482962448e-04
7.031286318627678585e-04
6.333968667193529091e-04
5.810980428617916123e-06
4.881223560039049713e-04
6.508298080052065922e-04
5.810980428617916123e-06
5.810980428617916123e-06
4.765003951466691644e-04
5.287992190042303765e-04
5.810980428617916123e-06
5.869090232904095733e-04
5.810980428617916123e-06
5.810980428617916123e-06
2.498721584305704162e-04
4.939333364325229018e-04
5.810980428617916123e-06
4.590674538608153729e-04
1.336525498582120768e-04
6.566407884338245227e-04
5.985309841476454343e-04
5.810980428617916123e-06
5.752870624331737123e-04
5.810980428617916123e-06
2.731160801450420840e-04
5.810980428617916123e-06
5.752870624331737123e-04
5.810980428617916123e-06
5.810980428617916123e-06
6.101529450048811870e-04
4.125796104318720913e-04
5.810980428617916123e-06
5.985309841476454343e-04
5.985309841476454343e-04
6.043419645762632565e-04
5.810980428617916428e-04
5.752870624331737123e-04
5.810980428617916428e-04
4.358235321463437050e-04
5.752870624331737123e-04
5.869090232904095733e-04
5.810980428617916123e-06
5.287992190042303765e-04
4.648784342894333034e-04
5.810980428617916123e-06
5.810980428617916123e-06
5.287992190042303765e-04
5.810980428617916123e-06
5.055552972897587628e-04
5.810980428617916123e-06
5.810980428617916123e-06
5.346101994328483070e-04
6.392078471479708667e-05
1.104086281437404089e-04
2.382501975733345822e-04
3.486588257170749640e-04
5.346101994328483070e-04
9.878666728650457494e-05
4.939333364325229018e-04
5.810980428617916123e-06
4.939333364325229018e-04
5.810980428617916123e-06
5.346101994328483070e-04
2.498721584305704162e-04
4.590674538608153729e-04
4.823113755752870407e-04
4.706894147180512339e-04
4.706894147180512339e-04
4.706894147180512339e-04
1.220305890009762428e-04
5.810980428617916123e-06
4.939333364325229018e-04
5.810980428617916123e-06
4.358235321463437050e-04
3.951466691460182997e-04
5.810980428617916123e-06
3.777137278601645624e-04
5.810980428617916123e-06
5.810980428617916123e-06
4.939333364325229018e-04
4.590674538608153729e-04
4.939333364325229018e-04
4.590674538608153729e-04
4.939333364325229018e-04
4.590674538608153729e-04
4.706894147180512339e-04
4.590674538608153729e-04
4.648784342894333034e-04
4.765003951466691644e-04
4.706894147180512339e-04
4.590674538608153729e-04
4.358235321463437050e-04
2.847380410022778909e-04
3.486588257170749640e-04
3.544698061456928945e-04
4.067686300032541608e-04
3.951466691460182997e-04
1.104086281437404089e-04
5.810980428617916123e-06
4.067686300032541608e-04
5.810980428617916123e-06
3.544698061456928945e-04
6.973176514341500364e-05
5.810980428617916123e-06
5.810980428617916123e-06
5.810980428617916123e-06
5.810980428617916123e-06
5.810980428617916123e-06
3.544698061456928945e-04
5.810980428617916123e-06
5.810980428617916123e-06
5.810980428617916123e-06
5.810980428617916123e-06
4.125796104318720913e-04
5.810980428617916123e-06
3.951466691460182997e-04
3.777137278601645624e-04
5.810980428617916123e-06
4.067686300032541608e-04
5.810980428617916123e-06
2.963600018595137519e-04
5.810980428617916123e-06
3.428478452884570877e-04
2.963600018595137519e-04
3.602807865743108250e-04
2.033843150016270804e-04
3.486588257170749640e-04
2.324392171447166517e-04
3.602807865743108250e-04
3.602807865743108250e-04
5.810980428617916123e-06
3.544698061456928945e-04
3.544698061456928945e-04
3.602807865743108250e-04
1.220305890009762428e-04
3.777137278601645624e-04
3.777137278601645624e-04
5.810980428617916123e-06
3.544698061456928945e-04
5.810980428617916123e-06
3.312258844312212266e-04
5.810980428617916123e-06
5.810980428617916123e-06
2.440611780019524856e-04
2.963600018595137519e-04
5.810980428617916123e-06
2.382501975733345822e-04
5.810980428617916123e-06
3.544698061456928945e-04
3.544698061456928945e-04
3.544698061456928945e-04
3.660917670029287556e-04
3.544698061456928945e-04
3.486588257170749640e-04
3.312258844312212266e-04
3.544698061456928945e-04
3.428478452884570877e-04
5.810980428617916123e-06
3.660917670029287556e-04
3.544698061456928945e-04
3.544698061456928945e-04
2.382501975733345822e-04
5.810980428617916123e-06
5.810980428617916123e-06
5.810980428617916123e-06
5.810980428617916123e-06
5.810980428617916123e-06
5.810980428617916123e-06
5.810980428617916123e-06
5.810980428617916123e-06
2.498721584305704162e-04
5.810980428617916123e-06
3.079819627167495587e-04
1.859513737157733159e-04
5.810980428617916123e-06
1.859513737157733159e-04
5.810980428617916123e-06
1.917623541443912465e-04
2.382501975733345822e-04
2.382501975733345822e-04
1.220305890009762428e-04
3.254149040026032961e-04
2.033843150016270804e-04
2.905490214308958214e-04
1.859513737157733159e-04
5.810980428617916123e-06
5.810980428617916123e-06
2.324392171447166517e-04
5.810980428617916123e-06
2.614941192878062230e-04
1.859513737157733159e-04
6.392078471479708667e-05
5.810980428617916123e-06
5.810980428617916123e-06
5.810980428617916123e-06
2.963600018595137519e-04
1.801403932871554125e-04
2.382501975733345822e-04
5.810980428617916123e-06
2.324392171447166517e-04
6.392078471479708667e-05
5.810980428617916123e-06
2.150062758588629143e-04
5.810980428617916123e-06
2.150062758588629143e-04
1.627074520013016481e-04
2.498721584305704162e-04
5.810980428617916123e-06
5.810980428617916123e-06
5.810980428617916123e-06
2.266282367160987483e-04
2.382501975733345822e-04
5.810980428617916123e-06
2.382501975733345822e-04
2.498721584305704162e-04
2.382501975733345822e-04
2.266282367160987483e-04
2.382501975733345822e-04
2.382501975733345822e-04
1.801403932871554125e-04
1.220305890009762428e-04
2.208172562874808178e-04
2.498721584305704162e-04
2.382501975733345822e-04
1.801403932871554125e-04
5.810980428617916123e-06
1.917623541443912465e-04
1.685184324299195786e-04
2.498721584305704162e-04
5.810980428617916123e-06
2.614941192878062230e-04
2.498721584305704162e-04
5.810980428617916123e-06
5.810980428617916123e-06
2.382501975733345822e-04
2.498721584305704162e-04
2.498721584305704162e-04
1.162196085723583258e-04
5.810980428617916123e-06
1.801403932871554125e-04
5.810980428617916123e-06
5.810980428617916123e-06
5.810980428617916123e-06
2.150062758588629143e-04
1.859513737157733159e-04
5.810980428617916123e-06
2.498721584305704162e-04
2.150062758588629143e-04
2.498721584305704162e-04
2.498721584305704162e-04
2.266282367160987483e-04
5.810980428617916123e-06
2.498721584305704162e-04
2.382501975733345822e-04
2.556831388591883467e-04
2.614941192878062230e-04
2.150062758588629143e-04
2.498721584305704162e-04
2.382501975733345822e-04
2.498721584305704162e-04
2.498721584305704162e-04
2.498721584305704162e-04
2.150062758588629143e-04
1.685184324299195786e-04
2.150062758588629143e-04
2.150062758588629143e-04
2.498721584305704162e-04
2.266282367160987483e-04
2.498721584305704162e-04
2.324392171447166517e-04
2.266282367160987483e-04
1.917623541443912465e-04
2.498721584305704162e-04
5.810980428617916123e-06
2.382501975733345822e-04
2.498721584305704162e-04
2.498721584305704162e-04
2.498721584305704162e-04
2.498721584305704162e-04
2.614941192878062230e-04
2.614941192878062230e-04
2.498721584305704162e-04
5.810980428617916123e-06
5.810980428617916123e-06
5.810980428617916123e-06
1.801403932871554125e-04
5.810980428617916123e-06
6.392078471479708667e-05
5.810980428617916123e-06
5.810980428617916123e-06
5.810980428617916123e-06
5.810980428617916123e-06
5.810980428617916123e-06
5.810980428617916123e-06
5.810980428617916123e-06
5.810980428617916123e-06
5.810980428617916123e-06
1.743294128585374820e-04
5.810980428617916123e-06
1.627074520013016481e-04
5.810980428617916123e-06
5.810980428617916123e-06
5.810980428617916123e-06
5.810980428617916123e-06
5.810980428617916123e-06
5.810980428617916123e-06
5.810980428617916123e-06
1.336525498582120768e-04
5.810980428617916123e-06
6.973176514341500364e-05
5.810980428617916123e-06
5.810980428617916123e-06
5.810980428617916123e-06
5.810980428617916123e-06
5.810980428617916123e-06
5.810980428617916123e-06
1.859513737157733159e-04
5.810980428617916123e-06
1.801403932871554125e-04
1.743294128585374820e-04
5.810980428617916123e-06
5.810980428617916123e-06
5.810980428617916123e-06
5.810980428617916123e-06
1.801403932871554125e-04
5.810980428617916123e-06
1.278415694295941733e-04
5.810980428617916123e-06
5.810980428617916123e-06
5.810980428617916123e-06
5.810980428617916123e-06
5.810980428617916123e-06
5.810980428617916123e-06
5.810980428617916123e-06
5.810980428617916123e-06
5.810980428617916123e-06
5.810980428617916123e-06
5.810980428617916123e-06
5.810980428617916123e-06
5.810980428617916123e-06
1.220305890009762428e-04
5.810980428617916123e-06
5.810980428617916123e-06
1.743294128585374820e-04
1.278415694295941733e-04
1.685184324299195786e-04
1.975733345730091499e-04
1.568964715726837446e-04
1.685184324299195786e-04
5.810980428617916123e-06
5.810980428617916123e-06
5.810980428617916123e-06
5.810980428617916123e-06
5.810980428617916123e-06
5.810980428617916123e-06
5.810980428617916123e-06
1.336525498582120768e-04
5.810980428617916123e-06
5.810980428617916123e-06
1.220305890009762428e-04
1.336525498582120768e-04
6.392078471479708667e-05
5.810980428617916123e-06
5.810980428617916123e-06
1.278415694295941733e-04
5.810980428617916123e-06
5.810980428617916123e-06
5.810980428617916123e-06
5.810980428617916123e-06
5.810980428617916123e-06
1.278415694295941733e-04
5.810980428617916123e-06
5.810980428617916123e-06
1.162196085723583258e-04
6.392078471479708667e-05
1.336525498582120768e-04
5.810980428617916123e-06
6.973176514341500364e-05
5.810980428617916123e-06
5.810980428617916123e-06
5.810980428617916123e-06
1.162196085723583258e-04
5.810980428617916123e-06
1.220305890009762428e-04
1.220305890009762428e-04
5.810980428617916123e-06
5.810980428617916123e-06
6.973176514341500364e-05
5.810980428617916123e-06
5.810980428617916123e-06
1.104086281437404089e-04
5.810980428617916123e-06
5.810980428617916123e-06
5.810980428617916123e-06
5.810980428617916123e-06
5.810980428617916123e-06
1.278415694295941733e-04
1.220305890009762428e-04
1.162196085723583258e-04
1.220305890009762428e-04
1.220305890009762428e-04
1.220305890009762428e-04
1.220305890009762428e-04
1.220305890009762428e-04
1.045976477151224919e-04
1.162196085723583258e-04
1.162196085723583258e-04
1.162196085723583258e-04
1.162196085723583258e-04
1.220305890009762428e-04
1.162196085723583258e-04
5.810980428617916123e-06
1.162196085723583258e-04
6.392078471479708667e-05
1.336525498582120768e-04
1.278415694295941733e-04
5.810980428617916123e-06
1.162196085723583258e-04
1.278415694295941733e-04
1.162196085723583258e-04
1.162196085723583258e-04
5.810980428617916123e-06
1.220305890009762428e-04
1.162196085723583258e-04
1.278415694295941733e-04
1.220305890009762428e-04
9.878666728650457494e-05
5.810980428617916123e-06
5.810980428617916123e-06
5.810980428617916123e-06
5.810980428617916123e-06
5.810980428617916123e-06
9.878666728650457494e-05
5.810980428617916123e-06
5.810980428617916123e-06
1.336525498582120768e-04
1.278415694295941733e-04
1.336525498582120768e-04
1.336525498582120768e-04
1.220305890009762428e-04
1.220305890009762428e-04
1.220305890009762428e-04
1.336525498582120768e-04
1.220305890009762428e-04
5.810980428617916123e-06
1.104086281437404089e-04
9.878666728650457494e-05
1.220305890009762428e-04
1.220305890009762428e-04
1.336525498582120768e-04
1.220305890009762428e-04
1.162196085723583258e-04
1.104086281437404089e-04
1.220305890009762428e-04
1.336525498582120768e-04
1.336525498582120768e-04
1.220305890009762428e-04
1.336525498582120768e-04
9.878666728650457494e-05
1.220305890009762428e-04
1.336525498582120768e-04
1.220305890009762428e-04
5.810980428617916123e-06
1.104086281437404089e-04
1.104086281437404089e-04
1.336525498582120768e-04
1.104086281437404089e-04
5.810980428617916123e-06
5.810980428617916123e-06
5.810980428617916123e-06
5.810980428617916123e-06
5.810980428617916123e-06
6.392078471479708667e-05
5.810980428617916123e-06
5.810980428617916123e-06
5.810980428617916123e-06
5.810980428617916123e-06
5.810980428617916123e-06
5.810980428617916123e-06
5.810980428617916123e-06
5.810980428617916123e-06
5.810980428617916123e-06
5.810980428617916123e-06
5.810980428617916123e-06
5.810980428617916123e-06
5.810980428617916123e-06
5.810980428617916123e-06
6.392078471479708667e-05
5.810980428617916123e-06
6.973176514341500364e-05
6.392078471479708667e-05
5.810980428617916123e-06
5.810980428617916123e-06
5.810980428617916123e-06
5.810980428617916123e-06
5.810980428617916123e-06
5.810980428617916123e-06
5.810980428617916123e-06
5.810980428617916123e-06
5.810980428617916123e-06
5.810980428617916123e-06
5.810980428617916123e-06
5.810980428617916123e-06
5.810980428617916123e-06
5.810980428617916123e-06
5.810980428617916123e-06
5.810980428617916123e-06
5.810980428617916123e-06
5.810980428617916123e-06
6.392078471479708667e-05
5.810980428617916123e-06
5.810980428617916123e-06
5.810980428617916123e-06
5.810980428617916123e-06
5.810980428617916123e-06
6.973176514341500364e-05
5.810980428617916123e-06
5.810980428617916123e-06
5.810980428617916123e-06
5.810980428617916123e-06
5.810980428617916123e-06
6.392078471479708667e-05
5.810980428617916123e-06
5.810980428617916123e-06
6.392078471479708667e-05
5.810980428617916123e-06
5.810980428617916123e-06
5.810980428617916123e-06
5.810980428617916123e-06
5.810980428617916123e-06
5.810980428617916123e-06
5.810980428617916292e-05
5.810980428617916123e-06
5.810980428617916123e-06
5.810980428617916123e-06
5.810980428617916292e-05
6.392078471479708667e-05
6.392078471479708667e-05
6.973176514341500364e-05
6.392078471479708667e-05
5.810980428617916123e-06
6.973176514341500364e-05
5.810980428617916292e-05
6.392078471479708667e-05
6.392078471479708667e-05
6.392078471479708667e-05
6.392078471479708667e-05
6.392078471479708667e-05
6.392078471479708667e-05
6.392078471479708667e-05
6.392078471479708667e-05
5.810980428617916123e-06
6.392078471479708667e-05
5.810980428617916123e-06
6.392078471479708667e-05
6.392078471479708667e-05
6.392078471479708667e-05
6.392078471479708667e-05
5.810980428617916123e-06
6.392078471479708667e-05
5.810980428617916292e-05
6.392078471479708667e-05
6.392078471479708667e-05
5.810980428617916123e-06
6.392078471479708667e-05
6.392078471479708667e-05
5.810980428617916292e-05
6.392078471479708667e-05
5.810980428617916123e-06
6.973176514341500364e-05
5.810980428617916123e-06
5.810980428617916123e-06
6.973176514341500364e-05
6.973176514341500364e-05
6.973176514341500364e-05
5.810980428617916123e-06
