2.559078494240589127e-02
2.401140007125044523e-02
2.145825911411946424e-02
2.065075406721291959e-02
2.111388196176226112e-02
2.029450184063650436e-02
1.744448402802517561e-02
1.695760598503740640e-02
1.634010212563828668e-02
1.175632347702173196e-02
1.140007125044531500e-02
1.068756679729248281e-02
1.132882080513003195e-02
1.069944187151169665e-02
9.511934449590309093e-03
9.737560859755373804e-03
8.692554328464552338e-03
8.027550172188575514e-03
8.063175394846217037e-03
7.421921387008668762e-03
7.635672722954518765e-03
7.552547203420021012e-03
7.540672129200807171e-03
6.946918418240114260e-03
6.911293195582472737e-03
6.068162926018287433e-03
6.400665004156275845e-03
6.175038593991212868e-03
6.590666191663698166e-03
6.056287851799073592e-03
5.759410996318726703e-03
5.711910699441871339e-03
5.771286070537940543e-03
5.676285476784229816e-03
5.723785773661085180e-03
5.795036218976368225e-03
5.557534734592091408e-03
5.248782804892530678e-03
5.533784586153663726e-03
5.094406840042749879e-03
4.951905949412183788e-03
5.046906543165894515e-03
4.868780429877686902e-03
4.975656097850611470e-03
4.797529984562403857e-03
4.833155207220045380e-03
4.560028500178126172e-03
4.702529390808692263e-03
4.666904168151050740e-03
4.595653722835767695e-03
4.488778054862843127e-03
4.702529390808692263e-03
4.476902980643629286e-03
4.405652535328345373e-03
4.346277164232276169e-03
4.049400308751929280e-03
4.334402090013062328e-03
4.120650754067213192e-03
4.001900011875073916e-03
4.500653129082056968e-03
3.966274789217432394e-03
3.764398527490796665e-03
3.906899418121363189e-03
3.598147488421802459e-03
3.657522859517872097e-03
3.574397339983374777e-03
3.776273601710010506e-03
3.586272414202588618e-03
3.301270632941456003e-03
3.111269445434034116e-03
3.313145707160669844e-03
3.028143925899536796e-03
3.277520484503028322e-03
3.265645410283814481e-03
3.170644816530103320e-03
3.182519890749317161e-03
3.158769742310889479e-03
3.182519890749317161e-03
2.980643629022681432e-03
3.004393777461109114e-03
3.028143925899536796e-03
2.850017812611328749e-03
3.028143925899536796e-03
2.790642441515259545e-03
3.040019000118750637e-03
2.553140957130981860e-03
2.766892293076831863e-03
2.945018406365039910e-03
2.778767367296045704e-03
2.790642441515259545e-03
2.612516328227051498e-03
2.707516921980762225e-03
2.743142144638404181e-03
2.600641254007837657e-03
2.612516328227051498e-03
2.731267070419189907e-03
2.624391402446265339e-03
2.588766179788623816e-03
2.565016031350196134e-03
2.339389621185132290e-03
2.363139769623559972e-03
2.410640066500415769e-03
2.339389621185132290e-03
2.315639472746704609e-03
2.232513953212207723e-03
2.066262914143213517e-03
2.054387839923999676e-03
2.303764398527490768e-03
2.054387839923999676e-03
2.042512765704785835e-03
2.090013062581641198e-03
2.161263507896924244e-03
2.149388433677710403e-03
1.947512171951074674e-03
1.864386652416577571e-03
1.947512171951074674e-03
1.852511578197363730e-03
1.852511578197363730e-03
1.923762023512646992e-03
1.721885761786011264e-03
1.911886949293433152e-03
1.876261726635791412e-03
1.864386652416577571e-03
1.900011875074219311e-03
1.935637097731860833e-03
1.769386058662866627e-03
1.816886355539722208e-03
1.876261726635791412e-03
1.793136207101294309e-03
1.638760242251514161e-03
1.710010687566797206e-03
1.733760836005225105e-03
1.638760242251514161e-03
1.793136207101294309e-03
1.793136207101294309e-03
1.781261132882080468e-03
1.840636503978149889e-03
1.686260539128369524e-03
1.721885761786011264e-03
1.638760242251514161e-03
1.579384871155444740e-03
1.733760836005225105e-03
1.579384871155444740e-03
1.591259945374658581e-03
1.543759648497803217e-03
1.425008906305664375e-03
1.626885168032300103e-03
1.686260539128369524e-03
1.638760242251514161e-03
1.579384871155444740e-03
1.555634722717017058e-03
1.555634722717017058e-03
1.472509203182519955e-03
1.484384277401733796e-03
1.579384871155444740e-03
1.567509796936230899e-03
1.496259351620947637e-03
1.472509203182519955e-03
1.555634722717017058e-03
1.508134425840161478e-03
1.472509203182519955e-03
1.377508609428809011e-03
1.377508609428809011e-03
1.448759054744092056e-03
1.520009500059375318e-03
1.353758460990381112e-03
1.389383683648022852e-03
1.436883980524878215e-03
1.377508609428809011e-03
1.341883386771167272e-03
1.460634128963306114e-03
1.401258757867236693e-03
1.413133832086450534e-03
1.306258164113525749e-03
1.306258164113525749e-03
9.500059375371096553e-04
1.306258164113525749e-03
1.389383683648022852e-03
1.294383089894311908e-03
1.306258164113525749e-03
1.175632347702173066e-03
1.175632347702173066e-03
1.258757867236670169e-03
1.270632941455884009e-03
1.258757867236670169e-03
1.211257570359814805e-03
1.246882793017456328e-03
1.116256976606103861e-03
1.175632347702173066e-03
1.187507421921386907e-03
1.223132644579028646e-03
1.270632941455884009e-03
1.282508015675098067e-03
1.092506828167675963e-03
1.128132050825317702e-03
1.175632347702173066e-03
1.175632347702173066e-03
1.128132050825317702e-03
1.104381902386890020e-03
1.080631753948462122e-03
1.080631753948462122e-03
1.056881605510034440e-03
1.151882199263745384e-03
1.128132050825317702e-03
1.056881605510034440e-03
1.140007125044531543e-03
8.312551953449709213e-04
1.080631753948462122e-03
1.045006531290820599e-03
9.975062344139650188e-04
9.856311601947511779e-04
8.787554922218263932e-04
1.033131457071606758e-03
9.500059375371096553e-04
8.668804180026125523e-04
1.021256382852392917e-03
8.193801211257570804e-04
1.045006531290820599e-03
9.381308633178957060e-04
9.737560859755373371e-04
9.856311601947511779e-04
9.262557890986818651e-04
9.500059375371096553e-04
9.143807148794680243e-04
9.025056406602540750e-04
8.431302695641847622e-04
9.143807148794680243e-04
8.431302695641847622e-04
9.025056406602540750e-04
9.500059375371096553e-04
9.618810117563234962e-04
9.618810117563234962e-04
8.906305664410402341e-04
9.500059375371096553e-04
9.500059375371096553e-04
8.075050469065431311e-04
8.312551953449709213e-04
9.381308633178957060e-04
9.381308633178957060e-04
9.262557890986818651e-04
8.550053437833986031e-04
9.262557890986818651e-04
8.431302695641847622e-04
9.143807148794680243e-04
9.143807148794680243e-04
8.431302695641847622e-04
9.025056406602540750e-04
8.312551953449709213e-04
7.837548984681154494e-04
8.431302695641847622e-04
8.550053437833986031e-04
7.243795273720460282e-04
8.550053437833986031e-04
7.956299726873292903e-04
7.481296758104738183e-04
8.312551953449709213e-04
7.600047500296876592e-04
7.481296758104738183e-04
7.718798242489016085e-04
7.125044531528321873e-04
7.600047500296876592e-04
7.125044531528321873e-04
7.837548984681154494e-04
7.125044531528321873e-04
7.837548984681154494e-04
7.125044531528321873e-04
7.362546015912599775e-04
7.243795273720460282e-04
7.125044531528321873e-04
6.293789336183350843e-04
6.768792304951905562e-04
6.650041562759767154e-04
7.600047500296876592e-04
6.650041562759767154e-04
6.650041562759767154e-04
6.650041562759767154e-04
7.006293789336183464e-04
6.768792304951905562e-04
7.125044531528321873e-04
6.887543047144045055e-04
7.006293789336183464e-04
7.243795273720460282e-04
6.768792304951905562e-04
6.887543047144045055e-04
7.125044531528321873e-04
7.006293789336183464e-04
6.293789336183350843e-04
7.006293789336183464e-04
6.175038593991212434e-04
5.818786367414796124e-04
6.175038593991212434e-04
6.650041562759767154e-04
6.412540078375490336e-04
5.700035625222657715e-04
6.412540078375490336e-04
5.225032656454102996e-04
5.700035625222657715e-04
6.293789336183350843e-04
6.293789336183350843e-04
6.175038593991212434e-04
5.700035625222657715e-04
5.700035625222657715e-04
5.937537109606934533e-04
6.175038593991212434e-04
5.700035625222657715e-04
5.818786367414796124e-04
5.700035625222657715e-04
5.462534140838379813e-04
5.700035625222657715e-04
5.700035625222657715e-04
4.987531172069825094e-04
4.631278945493409326e-04
5.818786367414796124e-04
5.343783398646241405e-04
5.343783398646241405e-04
4.868780429877686685e-04
5.700035625222657715e-04
5.462534140838379813e-04
5.581284883030519306e-04
5.581284883030519306e-04
4.868780429877686685e-04
4.868780429877686685e-04
4.868780429877686685e-04
4.987531172069825094e-04
3.443771523572022528e-04
5.581284883030519306e-04
4.631278945493409326e-04
5.462534140838379813e-04
5.462534140838379813e-04
5.225032656454102996e-04
4.512528203301270375e-04
5.106281914261964587e-04
5.462534140838379813e-04
5.225032656454102996e-04
5.343783398646241405e-04
4.868780429877686685e-04
4.750029687685548277e-04
4.987531172069825094e-04
4.987531172069825094e-04
5.225032656454102996e-04
5.225032656454102996e-04
4.987531172069825094e-04
5.225032656454102996e-04
5.106281914261964587e-04
4.750029687685548277e-04
4.631278945493409326e-04
5.106281914261964587e-04
4.631278945493409326e-04
4.037525234532715656e-04
4.987531172069825094e-04
4.512528203301270375e-04
4.987531172069825094e-04
4.868780429877686685e-04
4.868780429877686685e-04
4.631278945493409326e-04
4.987531172069825094e-04
4.750029687685548277e-04
4.393777461109131966e-04
4.275026718916993015e-04
4.868780429877686685e-04
4.631278945493409326e-04
4.750029687685548277e-04
4.156275976724854606e-04
4.275026718916993015e-04
4.156275976724854606e-04
4.037525234532715656e-04
4.393777461109131966e-04
4.631278945493409326e-04
4.750029687685548277e-04
4.156275976724854606e-04
4.393777461109131966e-04
4.631278945493409326e-04
4.037525234532715656e-04
4.631278945493409326e-04
4.512528203301270375e-04
4.275026718916993015e-04
4.631278945493409326e-04
4.275026718916993015e-04
4.512528203301270375e-04
3.681273007956299887e-04
4.275026718916993015e-04
4.512528203301270375e-04
4.275026718916993015e-04
4.393777461109131966e-04
4.512528203301270375e-04
4.275026718916993015e-04
3.562522265764160936e-04
3.681273007956299887e-04
4.393777461109131966e-04
4.393777461109131966e-04
4.275026718916993015e-04
4.037525234532715656e-04
4.037525234532715656e-04
3.206270039187745168e-04
3.800023750148438296e-04
4.275026718916993015e-04
4.275026718916993015e-04
4.037525234532715656e-04
3.918774492340577247e-04
4.156275976724854606e-04
3.800023750148438296e-04
4.156275976724854606e-04
3.443771523572022528e-04
4.156275976724854606e-04
4.156275976724854606e-04
4.156275976724854606e-04
4.156275976724854606e-04
4.156275976724854606e-04
3.800023750148438296e-04
3.562522265764160936e-04
4.037525234532715656e-04
3.918774492340577247e-04
3.562522265764160936e-04
3.918774492340577247e-04
3.800023750148438296e-04
4.037525234532715656e-04
3.918774492340577247e-04
3.206270039187745168e-04
3.562522265764160936e-04
3.325020781379883577e-04
3.325020781379883577e-04
3.800023750148438296e-04
3.800023750148438296e-04
3.800023750148438296e-04
3.800023750148438296e-04
3.800023750148438296e-04
3.562522265764160936e-04
3.681273007956299887e-04
3.325020781379883577e-04
3.800023750148438296e-04
3.562522265764160936e-04
3.087519296995606217e-04
3.087519296995606217e-04
3.087519296995606217e-04
3.562522265764160936e-04
3.087519296995606217e-04
2.850017812611328858e-04
2.256264101650635187e-04
3.562522265764160936e-04
2.850017812611328858e-04
3.087519296995606217e-04
2.850017812611328858e-04
3.206270039187745168e-04
3.206270039187745168e-04
3.443771523572022528e-04
2.731267070419189907e-04
3.443771523572022528e-04
3.325020781379883577e-04
3.325020781379883577e-04
3.443771523572022528e-04
3.206270039187745168e-04
3.325020781379883577e-04
2.850017812611328858e-04
3.325020781379883577e-04
3.325020781379883577e-04
3.325020781379883577e-04
3.325020781379883577e-04
3.206270039187745168e-04
2.968768554803467266e-04
2.850017812611328858e-04
3.087519296995606217e-04
2.968768554803467266e-04
2.850017812611328858e-04
2.968768554803467266e-04
2.137513359458496508e-04
2.612516328227051498e-04
3.206270039187745168e-04
2.850017812611328858e-04
2.850017812611328858e-04
2.968768554803467266e-04
3.087519296995606217e-04
2.375014843842774138e-04
2.731267070419189907e-04
2.850017812611328858e-04
3.087519296995606217e-04
2.968768554803467266e-04
2.731267070419189907e-04
2.968768554803467266e-04
2.968768554803467266e-04
2.850017812611328858e-04
2.968768554803467266e-04
2.968768554803467266e-04
2.612516328227051498e-04
2.731267070419189907e-04
2.968768554803467266e-04
2.850017812611328858e-04
2.968768554803467266e-04
2.968768554803467266e-04
0.000000000000000000e+00
2.968768554803467266e-04
2.612516328227051498e-04
2.731267070419189907e-04
2.731267070419189907e-04
2.137513359458496508e-04
2.137513359458496508e-04
2.375014843842774138e-04
2.731267070419189907e-04
2.018762617266357828e-04
2.493765586034912547e-04
2.612516328227051498e-04
2.493765586034912547e-04
2.731267070419189907e-04
2.612516328227051498e-04
2.731267070419189907e-04
2.731267070419189907e-04
2.493765586034912547e-04
2.612516328227051498e-04
1.781261132882080468e-04
2.612516328227051498e-04
2.612516328227051498e-04
2.256264101650635187e-04
2.137513359458496508e-04
2.612516328227051498e-04
2.256264101650635187e-04
2.137513359458496508e-04
2.493765586034912547e-04
2.612516328227051498e-04
2.612516328227051498e-04
2.612516328227051498e-04
2.018762617266357828e-04
2.493765586034912547e-04
2.256264101650635187e-04
2.375014843842774138e-04
2.375014843842774138e-04
2.375014843842774138e-04
0.000000000000000000e+00
2.137513359458496508e-04
2.137513359458496508e-04
2.375014843842774138e-04
1.900011875074219148e-04
2.137513359458496508e-04
2.018762617266357828e-04
2.375014843842774138e-04
2.375014843842774138e-04
2.375014843842774138e-04
1.781261132882080468e-04
2.137513359458496508e-04
2.256264101650635187e-04
2.256264101650635187e-04
2.256264101650635187e-04
2.256264101650635187e-04
2.018762617266357828e-04
1.662510390689941788e-04
2.256264101650635187e-04
1.900011875074219148e-04
2.137513359458496508e-04
2.137513359458496508e-04
1.900011875074219148e-04
1.900011875074219148e-04
1.900011875074219148e-04
2.137513359458496508e-04
2.137513359458496508e-04
2.137513359458496508e-04
1.900011875074219148e-04
2.137513359458496508e-04
2.137513359458496508e-04
1.900011875074219148e-04
2.137513359458496508e-04
2.137513359458496508e-04
2.137513359458496508e-04
2.137513359458496508e-04
2.018762617266357828e-04
2.018762617266357828e-04
2.137513359458496508e-04
1.900011875074219148e-04
1.900011875074219148e-04
1.781261132882080468e-04
2.137513359458496508e-04
2.137513359458496508e-04
2.018762617266357828e-04
1.900011875074219148e-04
2.018762617266357828e-04
1.900011875074219148e-04
1.900011875074219148e-04
2.018762617266357828e-04
2.018762617266357828e-04
2.018762617266357828e-04
1.781261132882080468e-04
1.781261132882080468e-04
2.018762617266357828e-04
2.375014843842773935e-05
1.900011875074219148e-04
1.662510390689941788e-04
1.900011875074219148e-04
1.662510390689941788e-04
1.900011875074219148e-04
1.900011875074219148e-04
1.900011875074219148e-04
1.900011875074219148e-04
1.662510390689941788e-04
1.900011875074219148e-04
1.900011875074219148e-04
1.900011875074219148e-04
1.900011875074219148e-04
1.900011875074219148e-04
1.662510390689941788e-04
1.781261132882080468e-04
1.543759648497803109e-04
1.900011875074219148e-04
1.900011875074219148e-04
1.306258164113525749e-04
1.900011875074219148e-04
1.900011875074219148e-04
1.543759648497803109e-04
2.375014843842773935e-05
1.900011875074219148e-04
1.781261132882080468e-04
1.662510390689941788e-04
1.543759648497803109e-04
1.543759648497803109e-04
1.781261132882080468e-04
1.781261132882080468e-04
1.543759648497803109e-04
1.781261132882080468e-04
1.781261132882080468e-04
1.068756679729248254e-04
1.543759648497803109e-04
1.662510390689941788e-04
1.662510390689941788e-04
1.662510390689941788e-04
1.425008906305664429e-04
1.662510390689941788e-04
1.187507421921387069e-04
2.375014843842773935e-05
0.000000000000000000e+00
1.425008906305664429e-04
1.662510390689941788e-04
1.662510390689941788e-04
1.662510390689941788e-04
1.662510390689941788e-04
1.662510390689941788e-04
1.662510390689941788e-04
1.662510390689941788e-04
1.662510390689941788e-04
1.662510390689941788e-04
1.425008906305664429e-04
1.543759648497803109e-04
1.543759648497803109e-04
1.425008906305664429e-04
1.543759648497803109e-04
1.543759648497803109e-04
1.543759648497803109e-04
1.543759648497803109e-04
1.543759648497803109e-04
1.543759648497803109e-04
1.543759648497803109e-04
1.425008906305664429e-04
1.543759648497803109e-04
1.306258164113525749e-04
1.306258164113525749e-04
1.543759648497803109e-04
1.425008906305664429e-04
1.425008906305664429e-04
1.187507421921387069e-04
7.125044531528322144e-05
1.425008906305664429e-04
1.425008906305664429e-04
0.000000000000000000e+00
1.425008906305664429e-04
1.425008906305664429e-04
1.425008906305664429e-04
1.425008906305664429e-04
1.425008906305664429e-04
1.425008906305664429e-04
1.425008906305664429e-04
1.425008906305664429e-04
1.425008906305664429e-04
1.425008906305664429e-04
1.425008906305664429e-04
1.306258164113525749e-04
1.425008906305664429e-04
1.425008906305664429e-04
1.425008906305664429e-04
1.425008906305664429e-04
1.425008906305664429e-04
1.425008906305664429e-04
1.306258164113525749e-04
1.068756679729248254e-04
7.125044531528322144e-05
1.187507421921387069e-04
1.306258164113525749e-04
1.187507421921387069e-04
1.306258164113525749e-04
1.306258164113525749e-04
1.187507421921387069e-04
1.306258164113525749e-04
9.500059375371095740e-05
1.306258164113525749e-04
9.500059375371095740e-05
1.306258164113525749e-04
1.306258164113525749e-04
1.306258164113525749e-04
5.937537109606935346e-05
1.187507421921387069e-04
1.187507421921387069e-04
1.187507421921387069e-04
1.187507421921387069e-04
1.068756679729248254e-04
9.500059375371095740e-05
1.187507421921387069e-04
1.187507421921387069e-04
1.187507421921387069e-04
1.187507421921387069e-04
1.187507421921387069e-04
1.187507421921387069e-04
9.500059375371095740e-05
5.937537109606935346e-05
1.068756679729248254e-04
5.937537109606935346e-05
1.187507421921387069e-04
1.068756679729248254e-04
1.187507421921387069e-04
1.187507421921387069e-04
1.187507421921387069e-04
1.187507421921387069e-04
1.187507421921387069e-04
9.500059375371095740e-05
1.187507421921387069e-04
1.068756679729248254e-04
8.312551953449708942e-05
1.187507421921387069e-04
9.500059375371095740e-05
1.187507421921387069e-04
1.187507421921387069e-04
7.125044531528322144e-05
1.187507421921387069e-04
1.187507421921387069e-04
1.068756679729248254e-04
1.068756679729248254e-04
1.068756679729248254e-04
9.500059375371095740e-05
8.312551953449708942e-05
9.500059375371095740e-05
1.068756679729248254e-04
1.068756679729248254e-04
1.068756679729248254e-04
7.125044531528322144e-05
1.068756679729248254e-04
8.312551953449708942e-05
1.068756679729248254e-04
1.068756679729248254e-04
9.500059375371095740e-05
1.068756679729248254e-04
8.312551953449708942e-05
9.500059375371095740e-05
9.500059375371095740e-05
9.500059375371095740e-05
9.500059375371095740e-05
9.500059375371095740e-05
9.500059375371095740e-05
4.750029687685547870e-05
8.312551953449708942e-05
9.500059375371095740e-05
9.500059375371095740e-05
9.500059375371095740e-05
9.500059375371095740e-05
9.500059375371095740e-05
9.500059375371095740e-05
4.750029687685547870e-05
9.500059375371095740e-05
9.500059375371095740e-05
9.500059375371095740e-05
8.312551953449708942e-05
9.500059375371095740e-05
4.750029687685547870e-05
9.500059375371095740e-05
8.312551953449708942e-05
8.312551953449708942e-05
9.500059375371095740e-05
9.500059375371095740e-05
8.312551953449708942e-05
9.500059375371095740e-05
7.125044531528322144e-05
8.312551953449708942e-05
9.500059375371095740e-05
8.312551953449708942e-05
9.500059375371095740e-05
9.500059375371095740e-05
9.500059375371095740e-05
4.750029687685547870e-05
9.500059375371095740e-05
9.500059375371095740e-05
9.500059375371095740e-05
8.312551953449708942e-05
9.500059375371095740e-05
9.500059375371095740e-05
9.500059375371095740e-05
8.312551953449708942e-05
9.500059375371095740e-05
8.312551953449708942e-05
9.500059375371095740e-05
4.750029687685547870e-05
9.500059375371095740e-05
9.500059375371095740e-05
9.500059375371095740e-05
7.125044531528322144e-05
7.125044531528322144e-05
9.500059375371095740e-05
8.312551953449708942e-05
8.312551953449708942e-05
8.312551953449708942e-05
8.312551953449708942e-05
8.312551953449708942e-05
7.125044531528322144e-05
7.125044531528322144e-05
8.312551953449708942e-05
8.312551953449708942e-05
7.125044531528322144e-05
4.750029687685547870e-05
7.125044531528322144e-05
8.312551953449708942e-05
2.375014843842773935e-05
7.125044531528322144e-05
8.312551953449708942e-05
8.312551953449708942e-05
8.312551953449708942e-05
8.312551953449708942e-05
5.937537109606935346e-05
7.125044531528322144e-05
7.125044531528322144e-05
7.125044531528322144e-05
5.937537109606935346e-05
7.125044531528322144e-05
7.125044531528322144e-05
7.125044531528322144e-05
7.125044531528322144e-05
7.125044531528322144e-05
7.125044531528322144e-05
7.125044531528322144e-05
7.125044531528322144e-05
7.125044531528322144e-05
4.750029687685547870e-05
7.125044531528322144e-05
7.125044531528322144e-05
7.125044531528322144e-05
7.125044531528322144e-05
7.125044531528322144e-05
7.125044531528322144e-05
7.125044531528322144e-05
7.125044531528322144e-05
7.125044531528322144e-05
7.125044531528322144e-05
7.125044531528322144e-05
7.125044531528322144e-05
4.750029687685547870e-05
7.125044531528322144e-05
7.125044531528322144e-05
7.125044531528322144e-05
7.125044531528322144e-05
7.125044531528322144e-05
7.125044531528322144e-05
7.125044531528322144e-05
7.125044531528322144e-05
7.125044531528322144e-05
7.125044531528322144e-05
7.125044531528322144e-05
7.125044531528322144e-05
3.562522265764161072e-05
7.125044531528322144e-05
7.125044531528322144e-05
7.125044531528322144e-05
7.125044531528322144e-05
7.125044531528322144e-05
7.125044531528322144e-05
7.125044531528322144e-05
7.125044531528322144e-05
7.125044531528322144e-05
7.125044531528322144e-05
7.125044531528322144e-05
7.125044531528322144e-05
7.125044531528322144e-05
7.125044531528322144e-05
7.125044531528322144e-05
7.125044531528322144e-05
7.125044531528322144e-05
5.937537109606935346e-05
7.125044531528322144e-05
5.937537109606935346e-05
3.562522265764161072e-05
7.125044531528322144e-05
5.937537109606935346e-05
7.125044531528322144e-05
7.125044531528322144e-05
7.125044531528322144e-05
4.750029687685547870e-05
0.000000000000000000e+00
5.937537109606935346e-05
0.000000000000000000e+00
5.937537109606935346e-05
5.937537109606935346e-05
5.937537109606935346e-05
5.937537109606935346e-05
5.937537109606935346e-05
3.562522265764161072e-05
5.937537109606935346e-05
5.937537109606935346e-05
5.937537109606935346e-05
5.937537109606935346e-05
3.562522265764161072e-05
5.937537109606935346e-05
