2.774617294166321912e-02
2.583264377327265313e-02
2.099710384774513758e-02
2.020841952834091793e-02
2.283305750930906056e-02
1.493328506412908499e-02
1.757085229623500319e-02
1.841125362019031819e-02
1.692438973934629748e-02
1.141652875465453028e-02
1.205006206040546216e-02
1.164925527513446454e-02
1.229571783202316852e-02
1.163632602399669071e-02
6.839573851882499271e-03
1.061491518411253679e-02
9.063405047579643423e-03
8.753103020273066137e-03
8.662598262308647545e-03
5.805233760860570649e-03
8.326437732726520852e-03
4.227865122052130477e-03
6.012101779064956374e-03
6.296545304095986853e-03
7.447248655357881740e-03
6.503413322300372577e-03
6.943007860984691700e-03
5.637153496069507302e-03
7.188663632602399801e-03
6.580988829127017332e-03
4.033926354985519457e-03
5.145841952834091966e-03
6.296545304095986853e-03
4.370086884567646150e-03
6.231899048407115935e-03
4.900186181216383864e-03
6.012101779064956374e-03
4.822610674389739109e-03
5.973314025651633996e-03
5.119983450558543425e-03
5.132912701696318129e-03
4.124431112949938048e-03
5.262205213074059099e-03
5.288063715349606772e-03
4.706247414149772844e-03
5.262205213074059099e-03
4.964832436905254782e-03
3.995138601572197079e-03
4.434733140256516201e-03
4.757964418700869058e-03
3.154737277616880345e-03
4.059784857261067130e-03
4.887256930078610027e-03
4.680388911874224303e-03
4.202006619776582803e-03
4.421803889118742364e-03
4.732105916425320517e-03
4.214935870914356640e-03
3.878775341332229946e-03
4.913115432354157701e-03
4.331299131154323773e-03
3.361605295821266069e-03
3.943421597021100865e-03
3.930492345883326161e-03
3.361605295821266069e-03
2.831505999172527922e-03
4.124431112949938048e-03
3.322817542407943692e-03
3.387463798096814176e-03
3.361605295821266069e-03
3.400393049234588447e-03
3.309888291270169421e-03
2.611708729830368361e-03
2.016963177492759728e-03
3.465039304923458931e-03
2.715142738932561223e-03
3.452110053785684661e-03
2.883223003723624136e-03
3.258171286719073207e-03
2.715142738932561223e-03
3.154737277616880345e-03
2.469486967314853121e-03
2.922010757136946513e-03
3.038374017376913646e-03
3.322817542407943692e-03
2.715142738932561223e-03
2.624637980968142197e-03
2.960798510550268891e-03
2.572920976417045983e-03
3.051303268514687483e-03
2.663425734381464575e-03
2.766859743483657437e-03
2.301406702523789774e-03
2.844435250310302192e-03
2.857364501448076029e-03
2.986657012825816998e-03
2.689284236657012682e-03
1.978175424079437351e-03
2.805647496896979814e-03
2.456557716177078850e-03
2.585850227554819820e-03
1.848882912701696381e-03
2.469486967314853121e-03
1.861812163839470435e-03
2.107467935457178320e-03
2.262618949110467396e-03
2.223831195697145019e-03
2.521203971865949335e-03
1.318783616052958234e-03
2.236760446834919289e-03
2.236760446834919289e-03
2.366052958212660259e-03
1.848882912701696381e-03
2.042821679768307835e-03
2.042821679768307835e-03
2.133326437732726427e-03
2.029892428630533565e-03
2.029892428630533565e-03
2.107467935457178320e-03
1.616156392221762550e-03
1.137774100124120833e-03
2.055750930906082106e-03
1.564439387670666119e-03
1.435146876292925150e-03
1.991104675217211621e-03
1.771307405875051626e-03
1.461005378568473257e-03
1.965246172941663080e-03
1.965246172941663080e-03
1.512722383119569688e-03
1.874741414977244489e-03
1.810095159288374004e-03
1.797165908150599950e-03
1.538580885395118012e-03
1.965246172941663080e-03
1.926458419528340920e-03
2.016963177492759728e-03
1.848882912701696381e-03
1.874741414977244489e-03
1.642014894497310657e-03
1.732519652461729466e-03
1.900599917252792813e-03
1.732519652461729466e-03
1.732519652461729466e-03
1.499793131981795634e-03
1.435146876292925150e-03
9.955523376086058106e-04
1.848882912701696381e-03
1.538580885395118012e-03
1.137774100124120833e-03
1.706661150186181142e-03
1.706661150186181142e-03
1.616156392221762550e-03
1.629085643359536604e-03
1.396359122879602772e-03
1.564439387670666119e-03
1.564439387670666119e-03
1.603227141083988496e-03
1.706661150186181142e-03
1.603227141083988496e-03
1.616156392221762550e-03
1.512722383119569688e-03
1.512722383119569688e-03
5.430285477865122012e-04
1.667873396772858981e-03
1.241208109226313696e-03
1.525651634257343741e-03
1.577368638808440172e-03
1.512722383119569688e-03
1.241208109226313696e-03
1.603227141083988496e-03
1.331712867190732287e-03
1.551510136532892065e-03
7.369673148531236551e-04
1.435146876292925150e-03
1.047269342159702025e-03
1.279995862639635856e-03
1.525651634257343741e-03
1.422217625155151096e-03
9.826230864708315402e-04
9.696938353330574866e-04
1.292925113777409910e-03
1.176561853537443211e-03
1.370500620604054665e-03
1.383429871741828718e-03
1.202420355812991318e-03
9.309060819197352175e-04
1.228278858088539425e-03
1.292925113777409910e-03
1.305854364915184180e-03
1.331712867190732287e-03
1.396359122879602772e-03
1.409288374017376826e-03
2.197972693421596966e-04
1.241208109226313696e-03
1.176561853537443211e-03
7.886843194042200862e-04
1.241208109226313696e-03
4.913115432354157701e-04
1.111915597848572509e-03
1.189491104675217265e-03
1.150703351261894887e-03
1.267066611501861803e-03
9.826230864708315402e-04
1.098986346710798456e-03
1.254137360364087749e-03
9.179768307819610555e-04
1.189491104675217265e-03
8.274720728175423553e-04
1.098986346710798456e-03
1.086057095573024402e-03
9.696938353330574866e-04
6.981795614398013860e-04
1.047269342159702025e-03
5.430285477865122012e-04
1.124844848986346780e-03
9.050475796441870020e-04
1.137774100124120833e-03
1.034340091021927971e-03
1.073127844435250349e-03
1.073127844435250349e-03
7.111088125775755480e-04
1.021410839884153918e-03
2.197972693421596966e-04
9.955523376086058106e-04
9.309060819197352175e-04
1.008481588746379864e-03
9.309060819197352175e-04
9.955523376086058106e-04
9.050475796441870020e-04
1.060198593297476295e-03
1.060198593297476295e-03
7.628258171286718707e-04
1.047269342159702025e-03
1.047269342159702025e-03
8.921183285064129484e-04
9.179768307819610555e-04
1.034340091021927971e-03
1.034340091021927971e-03
1.021410839884153918e-03
9.438353330575092711e-04
1.021410839884153918e-03
5.430285477865122012e-04
1.008481588746379864e-03
1.008481588746379864e-03
9.309060819197352175e-04
9.955523376086058106e-04
9.179768307819610555e-04
8.662598262308647329e-04
6.593918080264791169e-04
9.179768307819610555e-04
8.016135705419942482e-04
9.438353330575092711e-04
6.464625568887049549e-04
8.274720728175423553e-04
9.179768307819610555e-04
8.404013239553165173e-04
8.274720728175423553e-04
8.533305750930905709e-04
7.886843194042200862e-04
8.404013239553165173e-04
7.886843194042200862e-04
8.404013239553165173e-04
6.723210591642531705e-04
7.628258171286718707e-04
7.886843194042200862e-04
6.593918080264791169e-04
8.016135705419942482e-04
7.886843194042200862e-04
6.981795614398013860e-04
7.240380637153496016e-04
1.292925113777409930e-05
8.274720728175423553e-04
6.981795614398013860e-04
6.206040546131568478e-04
7.369673148531236551e-04
7.757550682664460327e-04
7.498965659908978171e-04
3.878775341332230163e-04
7.498965659908978171e-04
7.757550682664460327e-04
7.886843194042200862e-04
7.498965659908978171e-04
2.456557716177078850e-04
7.886843194042200862e-04
7.757550682664460327e-04
6.981795614398013860e-04
7.757550682664460327e-04
6.852503103020273325e-04
3.620190318576748008e-04
6.852503103020273325e-04
7.369673148531236551e-04
3.103020273065784239e-04
7.757550682664460598e-05
7.111088125775755480e-04
5.818163011998344703e-04
5.947455523376086323e-04
6.981795614398013860e-04
4.395945386843193932e-04
6.852503103020273325e-04
5.559577989242862547e-04
4.783822920976417165e-04
5.300992966487381476e-04
6.852503103020273325e-04
2.973727761688043161e-04
6.335333057509309014e-04
6.335333057509309014e-04
5.947455523376086323e-04
6.335333057509309014e-04
6.335333057509309014e-04
5.559577989242862547e-04
5.171700455109639856e-04
6.464625568887049549e-04
3.103020273065784239e-04
5.171700455109639856e-04
5.430285477865122012e-04
5.947455523376086323e-04
6.076748034753826858e-04
6.076748034753826858e-04
3.232312784443524775e-04
5.430285477865122012e-04
5.430285477865122012e-04
4.525237898220935010e-04
5.559577989242862547e-04
3.878775341332230163e-04
6.206040546131568478e-04
5.171700455109639856e-04
3.749482829954489086e-04
6.076748034753826858e-04
5.042407943731899321e-04
1.551510136532892120e-04
4.654530409598676088e-04
6.076748034753826858e-04
3.232312784443524775e-04
5.818163011998344703e-04
5.430285477865122012e-04
5.300992966487381476e-04
5.559577989242862547e-04
3.361605295821265852e-04
5.818163011998344703e-04
5.818163011998344703e-04
5.559577989242862547e-04
5.818163011998344703e-04
5.688870500620604167e-04
5.300992966487381476e-04
5.042407943731899321e-04
5.559577989242862547e-04
3.878775341332230163e-04
4.525237898220935010e-04
5.559577989242862547e-04
5.042407943731899321e-04
5.559577989242862547e-04
5.430285477865122012e-04
5.430285477865122012e-04
5.171700455109639856e-04
5.559577989242862547e-04
5.300992966487381476e-04
2.844435250310302084e-04
3.232312784443524775e-04
5.430285477865122012e-04
5.171700455109639856e-04
5.300992966487381476e-04
4.654530409598676088e-04
4.783822920976417165e-04
3.361605295821265852e-04
4.525237898220935010e-04
4.913115432354157701e-04
5.171700455109639856e-04
5.300992966487381476e-04
4.654530409598676088e-04
4.913115432354157701e-04
5.171700455109639856e-04
4.395945386843193932e-04
5.171700455109639856e-04
5.042407943731899321e-04
1.163632602399669022e-04
5.171700455109639856e-04
4.783822920976417165e-04
5.042407943731899321e-04
1.680802647910632926e-04
4.783822920976417165e-04
5.042407943731899321e-04
4.783822920976417165e-04
3.232312784443524775e-04
5.042407943731899321e-04
4.783822920976417165e-04
4.008067852709971241e-04
3.749482829954489086e-04
4.913115432354157701e-04
4.525237898220935010e-04
4.783822920976417165e-04
4.525237898220935010e-04
4.525237898220935010e-04
3.620190318576748008e-04
4.266652875465452854e-04
4.783822920976417165e-04
4.783822920976417165e-04
4.525237898220935010e-04
4.137360364087711777e-04
4.654530409598676088e-04
2.973727761688043161e-04
4.654530409598676088e-04
1.939387670666115082e-04
4.654530409598676088e-04
4.654530409598676088e-04
4.654530409598676088e-04
4.654530409598676088e-04
4.654530409598676088e-04
4.137360364087711777e-04
4.008067852709971241e-04
4.008067852709971241e-04
2.973727761688043161e-04
4.008067852709971241e-04
3.749482829954489086e-04
4.266652875465452854e-04
4.525237898220935010e-04
4.395945386843193932e-04
3.620190318576748008e-04
4.008067852709971241e-04
3.749482829954489086e-04
3.749482829954489086e-04
4.266652875465452854e-04
4.266652875465452854e-04
4.266652875465452854e-04
4.266652875465452854e-04
4.137360364087711777e-04
4.008067852709971241e-04
4.137360364087711777e-04
3.749482829954489086e-04
4.266652875465452854e-04
9.050475796441870020e-05
3.490897807199006930e-04
3.490897807199006930e-04
3.490897807199006930e-04
4.008067852709971241e-04
3.490897807199006930e-04
3.232312784443524775e-04
2.585850227554819928e-04
2.068680182043855888e-04
3.232312784443524775e-04
3.490897807199006930e-04
3.232312784443524775e-04
3.232312784443524775e-04
3.620190318576748008e-04
3.878775341332230163e-04
3.103020273065784239e-04
3.878775341332230163e-04
2.327265204799338044e-04
3.749482829954489086e-04
3.490897807199006930e-04
3.620190318576748008e-04
3.749482829954489086e-04
9.050475796441870020e-05
3.749482829954489086e-04
3.749482829954489086e-04
3.749482829954489086e-04
3.749482829954489086e-04
3.490897807199006930e-04
3.361605295821265852e-04
1.680802647910632926e-04
3.490897807199006930e-04
2.456557716177078850e-04
3.232312784443524775e-04
3.361605295821265852e-04
1.551510136532892120e-04
2.973727761688043161e-04
3.620190318576748008e-04
2.327265204799338044e-04
2.973727761688043161e-04
2.844435250310302084e-04
2.715142738932561006e-04
2.715142738932561006e-04
3.103020273065784239e-04
2.844435250310302084e-04
3.490897807199006930e-04
3.361605295821265852e-04
3.103020273065784239e-04
3.361605295821265852e-04
3.361605295821265852e-04
1.292925113777409964e-04
2.844435250310302084e-04
3.361605295821265852e-04
2.973727761688043161e-04
3.103020273065784239e-04
2.973727761688043161e-04
6.464625568887049820e-05
3.361605295821265852e-04
3.361605295821265852e-04
1.292925113777409930e-05
3.361605295821265852e-04
1.680802647910632926e-04
3.103020273065784239e-04
3.103020273065784239e-04
2.456557716177078850e-04
2.068680182043855888e-04
2.715142738932561006e-04
1.292925113777409964e-04
2.327265204799338044e-04
2.844435250310302084e-04
2.585850227554819928e-04
2.844435250310302084e-04
3.103020273065784239e-04
1.034340091021927944e-04
3.103020273065784239e-04
3.103020273065784239e-04
2.844435250310302084e-04
2.973727761688043161e-04
2.068680182043855888e-04
2.973727761688043161e-04
2.973727761688043161e-04
2.327265204799338044e-04
2.068680182043855888e-04
2.973727761688043161e-04
2.585850227554819928e-04
2.068680182043855888e-04
1.939387670666115082e-04
2.715142738932561006e-04
2.973727761688043161e-04
1.551510136532892120e-04
2.327265204799338044e-04
2.844435250310302084e-04
2.585850227554819928e-04
2.715142738932561006e-04
1.422217625155151042e-04
2.715142738932561006e-04
1.292925113777409930e-05
2.456557716177078850e-04
1.034340091021927944e-04
2.715142738932561006e-04
2.197972693421596966e-04
7.757550682664460598e-05
2.327265204799338044e-04
2.715142738932561006e-04
1.810095159288374004e-04
2.068680182043855888e-04
1.939387670666115082e-04
2.456557716177078850e-04
2.585850227554819928e-04
2.585850227554819928e-04
2.585850227554819928e-04
2.585850227554819928e-04
2.327265204799338044e-04
1.939387670666115082e-04
2.456557716177078850e-04
2.197972693421596966e-04
2.456557716177078850e-04
1.680802647910632926e-04
7.757550682664460598e-05
2.197972693421596966e-04
2.068680182043855888e-04
1.292925113777409930e-05
2.456557716177078850e-04
1.292925113777409964e-04
2.197972693421596966e-04
2.456557716177078850e-04
2.456557716177078850e-04
2.197972693421596966e-04
1.292925113777409930e-05
1.939387670666115082e-04
2.456557716177078850e-04
2.456557716177078850e-04
3.878775341332230299e-05
2.327265204799338044e-04
1.292925113777409964e-04
2.197972693421596966e-04
1.680802647910632926e-04
2.068680182043855888e-04
2.456557716177078850e-04
2.456557716177078850e-04
2.197972693421596966e-04
2.068680182043855888e-04
2.068680182043855888e-04
1.034340091021927944e-04
2.197972693421596966e-04
2.197972693421596966e-04
2.327265204799338044e-04
1.680802647910632926e-04
2.068680182043855888e-04
2.068680182043855888e-04
1.810095159288374004e-04
3.878775341332230299e-05
1.939387670666115082e-04
1.939387670666115082e-04
2.197972693421596966e-04
1.939387670666115082e-04
2.197972693421596966e-04
2.197972693421596966e-04
1.163632602399669022e-04
2.197972693421596966e-04
1.939387670666115082e-04
1.680802647910632926e-04
2.068680182043855888e-04
2.068680182043855888e-04
1.163632602399669022e-04
2.197972693421596966e-04
1.939387670666115082e-04
2.068680182043855888e-04
1.680802647910632926e-04
2.197972693421596966e-04
2.197972693421596966e-04
1.551510136532892120e-04
2.197972693421596966e-04
6.464625568887049820e-05
1.810095159288374004e-04
3.878775341332230299e-05
1.163632602399669022e-04
1.551510136532892120e-04
1.680802647910632926e-04
1.810095159288374004e-04
1.810095159288374004e-04
2.068680182043855888e-04
2.068680182043855888e-04
1.810095159288374004e-04
2.068680182043855888e-04
1.680802647910632926e-04
7.757550682664460598e-05
1.810095159288374004e-04
1.034340091021927944e-04
1.939387670666115082e-04
1.939387670666115082e-04
1.292925113777409964e-04
1.939387670666115082e-04
1.292925113777409964e-04
3.878775341332230299e-05
1.292925113777409930e-05
1.680802647910632926e-04
1.034340091021927944e-04
1.939387670666115082e-04
1.939387670666115082e-04
1.939387670666115082e-04
1.939387670666115082e-04
1.680802647910632926e-04
1.680802647910632926e-04
1.939387670666115082e-04
1.939387670666115082e-04
1.680802647910632926e-04
1.810095159288374004e-04
1.810095159288374004e-04
1.680802647910632926e-04
1.810095159288374004e-04
1.680802647910632926e-04
1.810095159288374004e-04
1.810095159288374004e-04
1.292925113777409964e-04
9.050475796441870020e-05
1.551510136532892120e-04
1.680802647910632926e-04
1.292925113777409964e-04
1.551510136532892120e-04
1.034340091021927944e-04
1.810095159288374004e-04
6.464625568887049820e-05
1.680802647910632926e-04
1.422217625155151042e-04
9.050475796441870020e-05
9.050475796441870020e-05
1.680802647910632926e-04
1.292925113777409930e-05
1.680802647910632926e-04
9.050475796441870020e-05
1.680802647910632926e-04
9.050475796441870020e-05
1.680802647910632926e-04
1.680802647910632926e-04
9.050475796441870020e-05
9.050475796441870020e-05
1.680802647910632926e-04
1.680802647910632926e-04
9.050475796441870020e-05
1.551510136532892120e-04
1.680802647910632926e-04
1.422217625155151042e-04
1.680802647910632926e-04
2.585850227554819860e-05
1.680802647910632926e-04
1.680802647910632926e-04
1.292925113777409930e-05
3.878775341332230299e-05
9.050475796441870020e-05
1.422217625155151042e-04
1.551510136532892120e-04
9.050475796441870020e-05
1.551510136532892120e-04
1.551510136532892120e-04
9.050475796441870020e-05
1.551510136532892120e-04
1.163632602399669022e-04
1.551510136532892120e-04
1.163632602399669022e-04
1.551510136532892120e-04
1.551510136532892120e-04
1.551510136532892120e-04
7.757550682664460598e-05
1.422217625155151042e-04
1.422217625155151042e-04
1.422217625155151042e-04
1.422217625155151042e-04
1.292925113777409964e-04
1.163632602399669022e-04
1.422217625155151042e-04
1.422217625155151042e-04
1.422217625155151042e-04
1.422217625155151042e-04
1.422217625155151042e-04
1.422217625155151042e-04
1.163632602399669022e-04
7.757550682664460598e-05
1.292925113777409964e-04
7.757550682664460598e-05
1.422217625155151042e-04
1.292925113777409964e-04
1.422217625155151042e-04
1.422217625155151042e-04
1.422217625155151042e-04
1.422217625155151042e-04
1.422217625155151042e-04
1.163632602399669022e-04
7.757550682664460598e-05
1.292925113777409964e-04
3.878775341332230299e-05
1.422217625155151042e-04
1.163632602399669022e-04
1.422217625155151042e-04
1.422217625155151042e-04
9.050475796441870020e-05
1.422217625155151042e-04
1.422217625155151042e-04
2.585850227554819860e-05
1.292925113777409964e-04
1.292925113777409964e-04
1.163632602399669022e-04
1.034340091021927944e-04
1.163632602399669022e-04
1.292925113777409964e-04
1.292925113777409964e-04
1.292925113777409930e-05
9.050475796441870020e-05
1.292925113777409964e-04
1.034340091021927944e-04
1.292925113777409964e-04
1.292925113777409964e-04
3.878775341332230299e-05
1.292925113777409930e-05
1.292925113777409930e-05
1.163632602399669022e-04
1.163632602399669022e-04
1.163632602399669022e-04
1.163632602399669022e-04
1.163632602399669022e-04
6.464625568887049820e-05
6.464625568887049820e-05
1.034340091021927944e-04
6.464625568887049820e-05
6.464625568887049820e-05
6.464625568887049820e-05
6.464625568887049820e-05
1.163632602399669022e-04
1.163632602399669022e-04
6.464625568887049820e-05
1.163632602399669022e-04
1.163632602399669022e-04
1.163632602399669022e-04
1.034340091021927944e-04
9.050475796441870020e-05
6.464625568887049820e-05
1.163632602399669022e-04
1.034340091021927944e-04
1.034340091021927944e-04
1.163632602399669022e-04
1.163632602399669022e-04
1.034340091021927944e-04
1.163632602399669022e-04
9.050475796441870020e-05
1.034340091021927944e-04
6.464625568887049820e-05
1.034340091021927944e-04
6.464625568887049820e-05
1.163632602399669022e-04
1.163632602399669022e-04
6.464625568887049820e-05
1.163632602399669022e-04
1.163632602399669022e-04
1.163632602399669022e-04
1.034340091021927944e-04
1.163632602399669022e-04
6.464625568887049820e-05
1.163632602399669022e-04
1.034340091021927944e-04
1.163632602399669022e-04
1.034340091021927944e-04
1.163632602399669022e-04
6.464625568887049820e-05
1.163632602399669022e-04
1.163632602399669022e-04
1.163632602399669022e-04
9.050475796441870020e-05
9.050475796441870020e-05
1.163632602399669022e-04
9.050475796441870020e-05
9.050475796441870020e-05
1.034340091021927944e-04
6.464625568887049820e-05
1.034340091021927944e-04
9.050475796441870020e-05
5.171700455109639721e-05
1.034340091021927944e-04
1.034340091021927944e-04
9.050475796441870020e-05
6.464625568887049820e-05
9.050475796441870020e-05
9.050475796441870020e-05
3.878775341332230299e-05
9.050475796441870020e-05
1.034340091021927944e-04
1.034340091021927944e-04
1.034340091021927944e-04
1.034340091021927944e-04
7.757550682664460598e-05
9.050475796441870020e-05
9.050475796441870020e-05
9.050475796441870020e-05
1.292925113777409930e-05
9.050475796441870020e-05
9.050475796441870020e-05
9.050475796441870020e-05
9.050475796441870020e-05
9.050475796441870020e-05
9.050475796441870020e-05
9.050475796441870020e-05
3.878775341332230299e-05
9.050475796441870020e-05
6.464625568887049820e-05
9.050475796441870020e-05
9.050475796441870020e-05
9.050475796441870020e-05
9.050475796441870020e-05
9.050475796441870020e-05
9.050475796441870020e-05
9.050475796441870020e-05
9.050475796441870020e-05
9.050475796441870020e-05
9.050475796441870020e-05
9.050475796441870020e-05
9.050475796441870020e-05
6.464625568887049820e-05
9.050475796441870020e-05
9.050475796441870020e-05
9.050475796441870020e-05
9.050475796441870020e-05
9.050475796441870020e-05
5.171700455109639721e-05
9.050475796441870020e-05
9.050475796441870020e-05
9.050475796441870020e-05
9.050475796441870020e-05
9.050475796441870020e-05
9.050475796441870020e-05
1.292925113777409930e-05
9.050475796441870020e-05
9.050475796441870020e-05
9.050475796441870020e-05
6.464625568887049820e-05
9.050475796441870020e-05
9.050475796441870020e-05
9.050475796441870020e-05
9.050475796441870020e-05
9.050475796441870020e-05
9.050475796441870020e-05
9.050475796441870020e-05
9.050475796441870020e-05
7.757550682664460598e-05
5.171700455109639721e-05
9.050475796441870020e-05
9.050475796441870020e-05
9.050475796441870020e-05
7.757550682664460598e-05
9.050475796441870020e-05
7.757550682664460598e-05
5.171700455109639721e-05
7.757550682664460598e-05
7.757550682664460598e-05
9.050475796441870020e-05
5.171700455109639721e-05
9.050475796441870020e-05
6.464625568887049820e-05
1.292925113777409930e-05
7.757550682664460598e-05
1.292925113777409930e-05
7.757550682664460598e-05
7.757550682664460598e-05
7.757550682664460598e-05
7.757550682664460598e-05
7.757550682664460598e-05
3.878775341332230299e-05
6.464625568887049820e-05
7.757550682664460598e-05
7.757550682664460598e-05
7.757550682664460598e-05
5.171700455109639721e-05
7.757550682664460598e-05
