1.636661211129296313e-03
3.507131166705634677e-03
2.186111760579845589e-02
2.104278700023380980e-02
6.254383913958382057e-02
1.636661211129296313e-03
1.239186345569324305e-02
8.066401683422959670e-03
3.507131166705634677e-03
8.183306055646481563e-04
1.169043722235211613e-04
1.180734159457563770e-02
4.676174888940846453e-04
1.169043722235211613e-04
1.169043722235211613e-04
3.273322422258592712e-02
2.805704933364507655e-03
2.174421323357493552e-02
1.402852466682253827e-03
1.169043722235211613e-04
3.518821603927987235e-02
1.122281973345803062e-02
9.352349777881692906e-04
1.952303016132803451e-02
8.183306055646481563e-04
1.028758475566986241e-02
3.507131166705634569e-04
4.676174888940846453e-04
9.703062894552257067e-03
1.601589899462239897e-02
1.227495908346972094e-02
8.183306055646481563e-04
2.104278700023380980e-02
8.650923544540565016e-03
1.169043722235211613e-04
7.014262333411269137e-04
1.169043722235211613e-04
2.221183072246901875e-03
1.169043722235211559e-03
4.793079261164367479e-03
2.338087444470423226e-04
1.169043722235211559e-02
1.040448912789338279e-02
7.131166705634790597e-03
2.104278700023381066e-03
1.543137713350479362e-02
1.169043722235211613e-04
7.014262333411269137e-04
1.285948094458732802e-03
3.507131166705634569e-04
1.169043722235211613e-04
2.454991816693944361e-03
1.169043722235211613e-04
3.974748655599719648e-03
4.559270516717324993e-03
3.507131166705634569e-04
1.169043722235211613e-04
1.169043722235211613e-04
5.728314238952536552e-03
9.703062894552257067e-03
5.143792377834931207e-03
6.897357961187748111e-03
4.676174888940846453e-04
1.169043722235211613e-04
8.417114800093524266e-03
1.987374327799859824e-03
1.321019406125789088e-02
6.780453588964226869e-03
1.169043722235211613e-04
4.559270516717324993e-03
9.703062894552257067e-03
1.169043722235211613e-04
1.519756838905775070e-03
2.338087444470423226e-04
1.169043722235211613e-04
1.987374327799859824e-03
1.519756838905775070e-03
3.857844283376198405e-03
1.169043722235211613e-04
6.429740472293664008e-03
1.169043722235211613e-04
1.169043722235211613e-04
2.338087444470423226e-04
5.143792377834931207e-03
7.598784194528875567e-03
2.221183072246901875e-03
1.169043722235211613e-04
1.169043722235211559e-03
4.325461772270282508e-03
6.312836100070142765e-03
3.156418050035071383e-03
3.507131166705634569e-04
1.169043722235211613e-04
4.909983633387888721e-03
8.767827916764087126e-03
5.845218611176057795e-04
1.169043722235211613e-04
5.260696750058452449e-03
1.169043722235211613e-04
1.169043722235211559e-03
1.169043722235211613e-04
1.169043722235211613e-04
3.039513677811550140e-03
1.169043722235211613e-04
1.169043722235211613e-04
1.052139350011690533e-03
1.169043722235211613e-04
1.169043722235211613e-04
9.352349777881692906e-04
3.390226794482113434e-03
4.325461772270282508e-03
8.183306055646481780e-03
1.169043722235211613e-04
6.195931727846621523e-03
1.402852466682253827e-03
1.753565583352817338e-03
4.559270516717324993e-03
1.169043722235211559e-03
2.571896188917465603e-03
1.169043722235211613e-04
1.169043722235211613e-04
9.352349777881692906e-04
1.169043722235211613e-04
2.338087444470423226e-04
1.169043722235211613e-04
4.676174888940846236e-03
1.169043722235211613e-04
1.169043722235211613e-04
1.169043722235211613e-04
6.897357961187748111e-03
1.753565583352817338e-03
1.285948094458732802e-03
1.169043722235211613e-04
5.494505494505494934e-03
1.169043722235211613e-04
1.169043722235211613e-04
1.169043722235211613e-04
1.169043722235211613e-04
2.805704933364507655e-03
3.507131166705634569e-04
1.402852466682253827e-03
3.156418050035071383e-03
5.845218611176057795e-04
1.169043722235211613e-04
1.169043722235211613e-04
8.884732288987607501e-03
2.805704933364507655e-03
1.169043722235211613e-04
1.169043722235211613e-04
5.845218611176057795e-04
1.169043722235211613e-04
2.104278700023381066e-03
1.987374327799859824e-03
1.169043722235211613e-04
1.169043722235211613e-04
6.429740472293664008e-03
1.169043722235211613e-04
6.897357961187748111e-03
1.169043722235211613e-04
1.169043722235211613e-04
4.325461772270282508e-03
2.104278700023381066e-03
2.571896188917465603e-03
1.169043722235211613e-04
1.285948094458732802e-03
1.169043722235211613e-04
1.519756838905775070e-03
1.169043722235211613e-04
1.169043722235211613e-04
2.338087444470423226e-04
1.169043722235211613e-04
2.104278700023381066e-03
9.469254150105214582e-03
1.169043722235211613e-04
1.169043722235211613e-04
4.208557400046762133e-03
1.169043722235211613e-04
2.338087444470423226e-04
1.169043722235211613e-04
2.338087444470423118e-03
8.183306055646481563e-04
1.052139350011690533e-03
1.169043722235211613e-04
2.922609305588028897e-03
1.169043722235211613e-04
1.169043722235211613e-04
1.169043722235211613e-04
3.740939911152677162e-03
1.169043722235211613e-04
4.442366144493803751e-03
1.169043722235211613e-04
2.338087444470423226e-04
1.169043722235211613e-04
1.169043722235211613e-04
5.845218611176057795e-04
6.897357961187748111e-03
2.805704933364507655e-03
1.169043722235211613e-04
1.169043722235211613e-04
1.169043722235211613e-04
1.169043722235211613e-04
1.285948094458732802e-03
1.169043722235211613e-04
1.169043722235211613e-04
1.169043722235211613e-04
2.104278700023381066e-03
1.169043722235211613e-04
1.169043722235211613e-04
1.169043722235211613e-04
3.507131166705634569e-04
3.507131166705634677e-03
1.169043722235211613e-04
2.338087444470423118e-03
1.169043722235211613e-04
3.857844283376198405e-03
1.169043722235211613e-04
3.974748655599719648e-03
2.338087444470423118e-03
1.169043722235211613e-04
2.338087444470423226e-04
1.753565583352817338e-03
1.169043722235211613e-04
1.169043722235211613e-04
1.169043722235211613e-04
6.429740472293664008e-03
1.169043722235211613e-04
1.169043722235211613e-04
1.169043722235211613e-04
2.338087444470423226e-04
1.169043722235211613e-04
9.352349777881692906e-04
1.169043722235211613e-04
1.169043722235211613e-04
1.285948094458732802e-03
1.285948094458732802e-03
8.183306055646481563e-04
6.429740472293664008e-03
1.169043722235211613e-04
1.169043722235211613e-04
3.507131166705634569e-04
9.352349777881692906e-04
1.169043722235211613e-04
1.169043722235211613e-04
3.507131166705634569e-04
3.507131166705634569e-04
1.169043722235211613e-04
1.169043722235211613e-04
3.857844283376198405e-03
1.169043722235211613e-04
3.507131166705634677e-03
2.338087444470423226e-04
1.169043722235211613e-04
3.974748655599719648e-03
1.169043722235211613e-04
1.169043722235211613e-04
1.169043722235211613e-04
1.169043722235211613e-04
1.169043722235211613e-04
1.169043722235211613e-04
1.169043722235211613e-04
3.857844283376198405e-03
1.987374327799859824e-03
7.014262333411269137e-04
1.169043722235211613e-04
1.169043722235211613e-04
5.143792377834931207e-03
1.169043722235211613e-04
1.870469955576338581e-03
1.169043722235211613e-04
2.922609305588028897e-03
8.183306055646481563e-04
1.169043722235211559e-03
3.039513677811550140e-03
1.169043722235211613e-04
1.169043722235211613e-04
1.169043722235211559e-03
1.169043722235211613e-04
1.169043722235211613e-04
1.169043722235211613e-04
9.352349777881692906e-04
1.169043722235211613e-04
2.805704933364507655e-03
1.169043722235211613e-04
2.688800561140986846e-03
1.052139350011690533e-03
1.169043722235211613e-04
1.169043722235211613e-04
1.169043722235211613e-04
1.169043722235211613e-04
1.169043722235211613e-04
1.636661211129296313e-03
1.169043722235211613e-04
1.169043722235211613e-04
1.052139350011690533e-03
1.169043722235211613e-04
4.676174888940846453e-04
2.338087444470423118e-03
1.169043722235211613e-04
1.870469955576338581e-03
1.169043722235211613e-04
1.169043722235211613e-04
1.169043722235211613e-04
2.338087444470423226e-04
1.169043722235211613e-04
1.169043722235211613e-04
1.169043722235211613e-04
1.169043722235211613e-04
1.169043722235211613e-04
1.285948094458732802e-03
1.169043722235211613e-04
1.402852466682253827e-03
1.169043722235211613e-04
1.987374327799859824e-03
3.390226794482113434e-03
1.169043722235211613e-04
1.169043722235211613e-04
1.285948094458732802e-03
1.169043722235211613e-04
1.169043722235211613e-04
1.169043722235211613e-04
1.169043722235211613e-04
3.156418050035071383e-03
4.676174888940846453e-04
1.169043722235211613e-04
1.169043722235211613e-04
1.169043722235211613e-04
1.169043722235211613e-04
1.519756838905775070e-03
2.104278700023381066e-03
1.169043722235211613e-04
1.169043722235211613e-04
1.169043722235211613e-04
1.169043722235211613e-04
1.169043722235211613e-04
1.169043722235211613e-04
3.507131166705634569e-04
1.169043722235211613e-04
1.169043722235211613e-04
4.676174888940846453e-04
1.169043722235211613e-04
1.169043722235211613e-04
1.169043722235211613e-04
1.169043722235211613e-04
1.169043722235211613e-04
1.169043722235211613e-04
3.507131166705634569e-04
1.870469955576338581e-03
1.402852466682253827e-03
3.507131166705634569e-04
1.169043722235211613e-04
1.169043722235211613e-04
7.014262333411269137e-04
3.507131166705634569e-04
1.169043722235211613e-04
1.169043722235211613e-04
1.169043722235211613e-04
1.285948094458732802e-03
1.169043722235211613e-04
1.169043722235211613e-04
1.169043722235211613e-04
1.169043722235211613e-04
1.169043722235211613e-04
1.169043722235211613e-04
2.338087444470423226e-04
1.169043722235211613e-04
1.169043722235211613e-04
1.169043722235211613e-04
2.922609305588028897e-03
2.338087444470423226e-04
1.169043722235211613e-04
1.169043722235211613e-04
1.169043722235211613e-04
1.169043722235211613e-04
1.169043722235211613e-04
8.183306055646481563e-04
1.519756838905775070e-03
1.169043722235211613e-04
1.169043722235211613e-04
1.169043722235211613e-04
3.507131166705634569e-04
1.169043722235211613e-04
1.169043722235211613e-04
1.169043722235211613e-04
1.402852466682253827e-03
1.169043722235211613e-04
1.169043722235211613e-04
1.753565583352817338e-03
1.169043722235211613e-04
1.169043722235211613e-04
1.169043722235211613e-04
1.169043722235211613e-04
1.169043722235211613e-04
2.338087444470423118e-03
2.338087444470423226e-04
1.169043722235211613e-04
1.169043722235211613e-04
4.676174888940846453e-04
1.169043722235211613e-04
1.169043722235211613e-04
1.169043722235211613e-04
1.169043722235211559e-03
1.169043722235211613e-04
5.845218611176057795e-04
1.169043722235211613e-04
4.676174888940846453e-04
1.052139350011690533e-03
1.169043722235211613e-04
8.183306055646481563e-04
3.507131166705634569e-04
1.169043722235211613e-04
1.169043722235211613e-04
1.169043722235211613e-04
2.571896188917465603e-03
1.169043722235211613e-04
1.169043722235211613e-04
1.169043722235211613e-04
5.845218611176057795e-04
4.676174888940846453e-04
1.169043722235211613e-04
1.636661211129296313e-03
1.753565583352817338e-03
1.169043722235211613e-04
1.285948094458732802e-03
1.169043722235211613e-04
1.169043722235211613e-04
1.169043722235211613e-04
1.169043722235211613e-04
1.169043722235211613e-04
1.169043722235211613e-04
1.169043722235211613e-04
1.636661211129296313e-03
4.676174888940846453e-04
1.169043722235211613e-04
9.352349777881692906e-04
1.169043722235211613e-04
1.169043722235211613e-04
4.676174888940846453e-04
5.845218611176057795e-04
2.338087444470423226e-04
1.169043722235211613e-04
1.169043722235211613e-04
1.402852466682253827e-03
1.169043722235211613e-04
1.169043722235211613e-04
1.169043722235211613e-04
1.169043722235211613e-04
1.169043722235211613e-04
1.169043722235211613e-04
7.014262333411269137e-04
1.753565583352817338e-03
9.352349777881692906e-04
1.169043722235211613e-04
1.169043722235211613e-04
1.169043722235211613e-04
2.338087444470423226e-04
5.845218611176057795e-04
1.052139350011690533e-03
1.169043722235211613e-04
1.169043722235211613e-04
1.169043722235211613e-04
1.169043722235211613e-04
1.169043722235211613e-04
1.169043722235211613e-04
1.169043722235211613e-04
1.169043722235211613e-04
1.169043722235211559e-03
2.338087444470423226e-04
5.845218611176057795e-04
3.507131166705634569e-04
1.169043722235211613e-04
1.169043722235211613e-04
1.169043722235211613e-04
1.169043722235211559e-03
1.169043722235211613e-04
1.987374327799859824e-03
1.169043722235211613e-04
1.169043722235211613e-04
1.169043722235211613e-04
1.519756838905775070e-03
1.169043722235211613e-04
1.169043722235211613e-04
1.169043722235211613e-04
1.636661211129296313e-03
1.169043722235211613e-04
1.987374327799859824e-03
8.183306055646481563e-04
1.169043722235211613e-04
9.352349777881692906e-04
1.169043722235211613e-04
1.169043722235211613e-04
1.169043722235211613e-04
1.169043722235211613e-04
3.507131166705634569e-04
5.845218611176057795e-04
2.338087444470423226e-04
1.169043722235211613e-04
1.169043722235211613e-04
2.338087444470423226e-04
1.169043722235211613e-04
7.014262333411269137e-04
2.338087444470423226e-04
1.169043722235211559e-03
1.169043722235211613e-04
1.052139350011690533e-03
1.169043722235211613e-04
1.169043722235211613e-04
1.052139350011690533e-03
1.169043722235211613e-04
1.169043722235211613e-04
1.169043722235211613e-04
1.169043722235211613e-04
1.169043722235211613e-04
2.338087444470423226e-04
1.169043722235211613e-04
2.338087444470423226e-04
2.338087444470423226e-04
1.169043722235211613e-04
1.169043722235211613e-04
1.169043722235211613e-04
1.052139350011690533e-03
1.169043722235211613e-04
1.169043722235211613e-04
3.507131166705634569e-04
1.169043722235211613e-04
1.052139350011690533e-03
1.169043722235211613e-04
4.676174888940846453e-04
1.169043722235211613e-04
1.169043722235211613e-04
1.169043722235211613e-04
1.169043722235211613e-04
1.169043722235211613e-04
1.169043722235211613e-04
2.338087444470423226e-04
1.169043722235211613e-04
4.676174888940846453e-04
1.169043722235211613e-04
1.169043722235211613e-04
3.507131166705634569e-04
9.352349777881692906e-04
1.169043722235211613e-04
1.169043722235211613e-04
2.338087444470423226e-04
4.676174888940846453e-04
1.169043722235211613e-04
1.169043722235211613e-04
3.507131166705634569e-04
1.169043722235211613e-04
1.169043722235211613e-04
1.169043722235211613e-04
1.169043722235211613e-04
9.352349777881692906e-04
1.169043722235211613e-04
1.169043722235211613e-04
1.169043722235211613e-04
1.169043722235211613e-04
5.845218611176057795e-04
1.169043722235211613e-04
1.169043722235211613e-04
1.169043722235211613e-04
8.183306055646481563e-04
1.169043722235211613e-04
1.169043722235211613e-04
1.169043722235211613e-04
1.169043722235211613e-04
3.507131166705634569e-04
1.169043722235211613e-04
1.169043722235211613e-04
1.169043722235211613e-04
1.169043722235211613e-04
5.845218611176057795e-04
1.169043722235211613e-04
1.169043722235211613e-04
1.169043722235211613e-04
8.183306055646481563e-04
1.169043722235211613e-04
5.845218611176057795e-04
8.183306055646481563e-04
1.169043722235211613e-04
1.169043722235211613e-04
1.169043722235211613e-04
8.183306055646481563e-04
1.169043722235211613e-04
1.169043722235211613e-04
1.169043722235211613e-04
1.169043722235211613e-04
1.169043722235211613e-04
1.169043722235211613e-04
1.169043722235211613e-04
1.169043722235211613e-04
8.183306055646481563e-04
1.169043722235211613e-04
1.169043722235211613e-04
1.169043722235211613e-04
1.169043722235211613e-04
5.845218611176057795e-04
2.338087444470423226e-04
1.169043722235211559e-03
1.169043722235211613e-04
1.169043722235211613e-04
1.169043722235211613e-04
1.402852466682253827e-03
1.169043722235211613e-04
1.169043722235211613e-04
1.169043722235211613e-04
1.169043722235211559e-03
5.845218611176057795e-04
1.169043722235211613e-04
1.169043722235211613e-04
7.014262333411269137e-04
1.169043722235211613e-04
1.169043722235211613e-04
1.169043722235211613e-04
1.169043722235211613e-04
1.169043722235211613e-04
1.169043722235211613e-04
1.169043722235211559e-03
1.169043722235211613e-04
1.169043722235211613e-04
1.169043722235211613e-04
1.169043722235211613e-04
4.676174888940846453e-04
1.169043722235211613e-04
1.169043722235211613e-04
1.169043722235211613e-04
1.052139350011690533e-03
1.169043722235211613e-04
1.169043722235211613e-04
1.169043722235211613e-04
1.169043722235211613e-04
1.169043722235211613e-04
5.845218611176057795e-04
1.169043722235211613e-04
1.169043722235211613e-04
1.169043722235211613e-04
2.338087444470423226e-04
1.169043722235211613e-04
1.169043722235211613e-04
1.169043722235211613e-04
1.169043722235211613e-04
1.169043722235211613e-04
1.169043722235211613e-04
1.169043722235211613e-04
1.169043722235211613e-04
1.169043722235211613e-04
1.169043722235211613e-04
7.014262333411269137e-04
1.169043722235211613e-04
1.169043722235211613e-04
1.169043722235211613e-04
1.052139350011690533e-03
1.169043722235211613e-04
1.169043722235211613e-04
1.169043722235211613e-04
1.169043722235211559e-03
1.169043722235211613e-04
1.169043722235211613e-04
1.169043722235211613e-04
1.169043722235211613e-04
1.169043722235211613e-04
1.169043722235211559e-03
1.169043722235211613e-04
1.169043722235211559e-03
1.169043722235211613e-04
1.169043722235211613e-04
3.507131166705634569e-04
1.169043722235211613e-04
1.169043722235211613e-04
5.845218611176057795e-04
1.169043722235211613e-04
5.845218611176057795e-04
1.169043722235211613e-04
5.845218611176057795e-04
1.169043722235211613e-04
1.169043722235211613e-04
5.845218611176057795e-04
1.169043722235211613e-04
1.169043722235211613e-04
1.169043722235211613e-04
1.169043722235211613e-04
1.169043722235211613e-04
5.845218611176057795e-04
1.169043722235211613e-04
1.169043722235211613e-04
5.845218611176057795e-04
1.169043722235211613e-04
1.169043722235211613e-04
1.169043722235211613e-04
1.169043722235211613e-04
1.169043722235211613e-04
1.169043722235211613e-04
1.169043722235211613e-04
1.169043722235211613e-04
1.169043722235211613e-04
1.169043722235211613e-04
1.169043722235211613e-04
1.169043722235211613e-04
5.845218611176057795e-04
1.169043722235211613e-04
1.169043722235211613e-04
1.169043722235211613e-04
1.169043722235211613e-04
1.169043722235211613e-04
1.169043722235211613e-04
1.169043722235211613e-04
1.169043722235211613e-04
1.169043722235211613e-04
1.169043722235211613e-04
1.169043722235211613e-04
1.169043722235211613e-04
1.169043722235211613e-04
1.169043722235211613e-04
2.338087444470423226e-04
5.845218611176057795e-04
1.169043722235211613e-04
1.169043722235211613e-04
1.169043722235211613e-04
1.169043722235211613e-04
1.169043722235211613e-04
1.169043722235211613e-04
4.676174888940846453e-04
1.169043722235211613e-04
1.169043722235211613e-04
1.169043722235211613e-04
2.338087444470423226e-04
4.676174888940846453e-04
2.338087444470423226e-04
2.338087444470423226e-04
1.169043722235211613e-04
1.169043722235211613e-04
1.169043722235211613e-04
1.169043722235211613e-04
4.676174888940846453e-04
1.169043722235211613e-04
1.169043722235211613e-04
1.169043722235211613e-04
1.169043722235211613e-04
3.507131166705634569e-04
5.845218611176057795e-04
1.169043722235211613e-04
1.169043722235211613e-04
1.169043722235211613e-04
1.169043722235211613e-04
1.169043722235211613e-04
1.169043722235211613e-04
1.169043722235211613e-04
1.169043722235211613e-04
1.169043722235211613e-04
1.169043722235211613e-04
2.338087444470423226e-04
1.169043722235211613e-04
1.169043722235211613e-04
1.169043722235211613e-04
1.169043722235211613e-04
1.169043722235211613e-04
1.169043722235211613e-04
1.169043722235211613e-04
1.169043722235211613e-04
8.183306055646481563e-04
1.169043722235211613e-04
1.169043722235211613e-04
4.676174888940846453e-04
1.169043722235211613e-04
1.169043722235211613e-04
1.169043722235211613e-04
1.169043722235211613e-04
8.183306055646481563e-04
1.169043722235211613e-04
1.169043722235211613e-04
1.169043722235211613e-04
1.169043722235211613e-04
5.845218611176057795e-04
1.169043722235211613e-04
2.338087444470423226e-04
1.169043722235211613e-04
1.169043722235211613e-04
1.169043722235211613e-04
1.169043722235211613e-04
1.169043722235211613e-04
4.676174888940846453e-04
1.169043722235211613e-04
1.169043722235211613e-04
1.169043722235211613e-04
1.169043722235211613e-04
1.169043722235211613e-04
1.169043722235211613e-04
1.169043722235211613e-04
1.169043722235211613e-04
1.169043722235211613e-04
1.169043722235211613e-04
1.169043722235211613e-04
1.169043722235211613e-04
7.014262333411269137e-04
1.169043722235211613e-04
1.169043722235211613e-04
1.169043722235211613e-04
1.169043722235211613e-04
1.169043722235211613e-04
1.169043722235211613e-04
2.338087444470423226e-04
1.169043722235211613e-04
1.169043722235211613e-04
1.169043722235211613e-04
2.338087444470423226e-04
1.169043722235211613e-04
1.169043722235211613e-04
1.169043722235211613e-04
1.169043722235211613e-04
1.169043722235211613e-04
2.338087444470423226e-04
1.169043722235211613e-04
1.169043722235211613e-04
2.338087444470423226e-04
1.169043722235211613e-04
1.169043722235211613e-04
1.169043722235211613e-04
1.169043722235211613e-04
5.845218611176057795e-04
1.169043722235211613e-04
1.169043722235211613e-04
3.507131166705634569e-04
1.169043722235211613e-04
3.507131166705634569e-04
1.169043722235211613e-04
1.169043722235211613e-04
1.169043722235211613e-04
1.169043722235211613e-04
1.169043722235211613e-04
1.169043722235211613e-04
3.507131166705634569e-04
3.507131166705634569e-04
1.169043722235211613e-04
1.169043722235211613e-04
1.169043722235211613e-04
1.169043722235211613e-04
5.845218611176057795e-04
1.169043722235211613e-04
1.169043722235211613e-04
1.169043722235211613e-04
1.169043722235211613e-04
1.169043722235211613e-04
3.507131166705634569e-04
1.169043722235211613e-04
1.169043722235211613e-04
1.169043722235211613e-04
1.169043722235211613e-04
1.169043722235211613e-04
1.169043722235211613e-04
5.845218611176057795e-04
4.676174888940846453e-04
1.169043722235211613e-04
1.169043722235211613e-04
1.169043722235211613e-04
1.169043722235211613e-04
3.507131166705634569e-04
3.507131166705634569e-04
1.169043722235211613e-04
1.169043722235211613e-04
1.169043722235211613e-04
1.169043722235211613e-04
1.169043722235211613e-04
1.169043722235211613e-04
1.169043722235211613e-04
1.169043722235211613e-04
1.169043722235211613e-04
1.169043722235211613e-04
1.169043722235211613e-04
2.338087444470423226e-04
1.169043722235211613e-04
3.507131166705634569e-04
1.169043722235211613e-04
1.169043722235211613e-04
3.507131166705634569e-04
1.169043722235211613e-04
3.507131166705634569e-04
1.169043722235211613e-04
1.169043722235211613e-04
1.169043722235211613e-04
1.169043722235211613e-04
3.507131166705634569e-04
1.169043722235211613e-04
3.507131166705634569e-04
1.169043722235211613e-04
1.169043722235211613e-04
4.676174888940846453e-04
1.169043722235211613e-04
1.169043722235211613e-04
3.507131166705634569e-04
1.169043722235211613e-04
5.845218611176057795e-04
1.169043722235211613e-04
3.507131166705634569e-04
1.169043722235211613e-04
1.169043722235211613e-04
1.169043722235211613e-04
1.169043722235211613e-04
1.169043722235211613e-04
1.169043722235211613e-04
1.169043722235211613e-04
1.169043722235211613e-04
