1.641951870285802192e-03
1.210939504335779154e-02
1.200677305146492964e-02
2.683565087998358162e-02
6.788444763712864205e-02
5.721176048027092065e-02
5.592898558161014250e-02
8.722869310893324821e-04
2.873415773000153727e-03
2.052439837857252740e-04
5.131099594643131849e-05
9.646467237929088473e-03
8.209759351429010959e-04
3.884242393144850952e-02
1.344348093796500672e-02
1.590640874339371022e-03
2.591205295294781580e-02
1.570116475960798424e-02
5.131099594643131849e-05
5.131099594643131849e-05
2.411616809482272118e-03
1.257119400687567272e-02
4.617989635178818800e-04
1.539329878392939690e-04
1.898506850017958906e-03
1.067268715685771446e-02
6.208630509518189497e-03
5.131099594643131849e-05
3.078659756785879381e-04
6.157319513571758761e-04
5.490276566268150957e-03
5.131099594643132120e-04
5.131099594643131849e-05
5.541587562214582777e-03
5.131099594643132120e-04
1.031351018523269519e-02
5.131099594643131849e-05
5.131099594643131849e-05
2.416747909076915127e-02
5.131099594643131849e-05
6.157319513571758761e-04
1.026219918928626370e-04
4.925855610857407009e-03
5.131099594643131849e-05
5.131099594643131849e-05
2.288470419210836965e-02
8.979424290625481753e-03
2.616860793267997230e-03
4.977166606803837962e-03
5.131099594643131849e-05
2.565549797321566060e-04
4.977166606803837962e-03
5.131099594643131849e-05
5.131099594643131849e-05
4.361434655446662194e-03
5.131099594643131849e-05
1.349479193391143680e-02
5.131099594643131849e-05
5.131099594643131849e-05
2.565549797321565843e-03
7.747960387911129350e-03
9.697778233875520293e-03
5.131099594643131849e-05
2.565549797321566060e-04
1.272512699471496818e-02
1.062137616091128264e-02
5.131099594643131849e-05
1.590640874339371022e-03
1.641951870285802192e-03
1.246857201498281081e-02
5.131099594643131849e-05
5.131099594643131849e-05
5.131099594643131849e-05
6.567807481143208767e-03
1.231463902714351752e-03
8.568936323054030663e-03
5.131099594643131849e-05
5.131099594643131849e-05
9.133357278464775478e-03
1.026219918928626370e-04
5.592898558161013729e-03
3.129970752732310658e-03
1.267381599876853636e-02
4.207501667607368469e-03
5.131099594643131849e-05
5.131099594643132120e-04
5.131099594643131849e-05
7.440094412232541032e-03
5.644209554107444899e-04
5.131099594643131849e-05
5.131099594643131849e-05
1.221201703525065345e-02
1.175021807173277227e-02
3.078659756785879381e-04
7.953204371696854028e-03
5.131099594643131849e-05
6.670429473036071540e-03
5.131099594643131849e-05
5.131099594643131849e-05
5.131099594643131849e-05
2.565549797321566060e-04
1.693262866232233578e-03
5.131099594643131849e-05
5.131099594643131849e-05
6.208630509518189497e-03
5.131099594643131849e-05
1.795884858125096134e-03
5.131099594643131849e-05
5.131099594643131849e-05
1.010826620144696965e-02
5.131099594643131849e-05
3.540458720303760881e-03
3.643080712196623654e-03
5.131099594643131849e-05
5.131099594643131849e-05
4.617989635178818691e-03
2.360305813535840732e-03
5.131099594643131849e-05
5.131099594643131849e-05
5.131099594643131849e-05
5.131099594643131849e-05
4.617989635178818800e-04
5.131099594643131849e-05
7.901893375750423942e-03
5.131099594643131849e-05
8.722869310893324388e-03
2.257683821642977959e-03
8.722869310893324388e-03
8.415003335214736938e-03
5.131099594643131849e-05
5.131099594643131849e-05
5.131099594643131849e-05
1.847195854071527520e-03
1.898506850017958906e-03
5.131099594643131849e-05
2.565549797321566060e-04
5.131099594643131849e-05
5.131099594643131849e-05
5.131099594643131849e-05
5.131099594643131849e-05
3.591769716250192159e-04
5.131099594643131849e-05
5.131099594643131849e-05
5.798142541946739274e-03
5.131099594643131849e-05
5.131099594643131849e-05
5.131099594643131849e-05
5.131099594643131849e-05
5.131099594643131849e-05
5.131099594643131849e-05
5.131099594643131849e-05
5.131099594643131849e-05
5.131099594643131849e-05
5.131099594643131849e-05
5.131099594643131849e-05
6.362563497357484089e-03
5.131099594643131849e-05
5.131099594643131849e-05
2.616860793267997230e-03
5.131099594643131849e-05
5.131099594643131849e-05
4.310123659500231241e-03
5.131099594643131849e-05
6.157319513571758544e-03
6.003386525732464819e-03
1.590640874339371022e-03
6.054697521678895772e-03
2.924726768946585113e-03
5.131099594643131849e-05
5.131099594643131849e-05
4.104879675714505696e-03
4.053568679768073876e-03
1.539329878392939690e-04
5.131099594643131849e-05
8.722869310893324821e-04
5.131099594643131849e-05
2.873415773000153727e-03
4.720611627071681464e-03
5.131099594643131849e-05
5.131099594643131849e-05
5.131099594643131849e-05
5.131099594643131849e-05
5.131099594643131849e-05
5.131099594643131849e-05
5.131099594643131849e-05
9.749089229821950378e-04
5.131099594643131849e-05
5.131099594643131849e-05
5.131099594643131849e-05
5.131099594643131849e-05
5.131099594643131849e-05
1.795884858125096134e-03
5.131099594643131849e-05
5.131099594643131849e-05
5.131099594643131849e-05
5.131099594643131849e-05
5.131099594643131849e-05
5.131099594643131849e-05
5.131099594643131849e-05
4.464056647339524966e-03
1.282774898660782922e-03
2.822104777053722775e-03
3.591769716250192159e-04
1.539329878392939636e-03
5.131099594643131849e-05
1.693262866232233578e-03
5.131099594643131849e-05
2.565549797321566060e-04
4.361434655446662194e-03
5.131099594643132120e-04
2.565549797321566060e-04
2.976037764893016500e-03
5.131099594643131849e-05
5.131099594643131849e-05
5.131099594643131849e-05
2.565549797321565843e-03
5.131099594643131849e-05
5.131099594643131849e-05
2.565549797321566060e-04
4.156190671660936649e-03
2.565549797321566060e-04
5.131099594643131849e-05
5.131099594643131849e-05
5.131099594643131849e-05
2.565549797321565843e-03
5.131099594643131849e-05
5.131099594643131849e-05
5.131099594643131849e-05
3.797013700035917812e-03
5.131099594643131849e-05
3.591769716250192159e-04
5.131099594643131849e-05
3.591769716250192159e-04
5.131099594643131849e-05
5.131099594643131849e-05
5.131099594643131849e-05
1.282774898660782922e-03
5.131099594643131849e-05
5.131099594643131849e-05
1.795884858125096134e-03
5.131099594643131849e-05
5.131099594643131849e-05
5.131099594643131849e-05
1.590640874339371022e-03
5.131099594643131849e-05
3.283903740571604384e-03
3.591769716250192159e-04
3.283903740571604384e-03
5.131099594643131849e-05
5.131099594643131849e-05
5.131099594643131849e-05
5.131099594643132120e-04
5.131099594643131849e-05
5.131099594643131849e-05
5.131099594643131849e-05
5.131099594643131849e-05
5.131099594643131849e-05
5.131099594643131849e-05
1.539329878392939690e-04
5.131099594643131849e-05
5.131099594643131849e-05
2.976037764893016500e-03
5.131099594643131849e-05
5.131099594643131849e-05
5.131099594643131849e-05
5.131099594643131849e-05
5.131099594643131849e-05
2.565549797321566060e-04
2.565549797321566060e-04
5.131099594643131849e-05
5.131099594643131849e-05
2.668171789214428616e-03
5.131099594643131849e-05
2.360305813535840732e-03
2.822104777053722775e-03
5.131099594643131849e-05
5.131099594643131849e-05
5.131099594643131849e-05
5.131099594643131849e-05
5.131099594643131849e-05
5.131099594643131849e-05
5.131099594643131849e-05
5.131099594643131849e-05
6.157319513571758761e-04
5.131099594643131849e-05
5.131099594643131849e-05
5.131099594643131849e-05
1.693262866232233578e-03
5.131099594643131849e-05
5.131099594643131849e-05
5.131099594643131849e-05
5.131099594643131849e-05
5.131099594643131849e-05
1.898506850017958906e-03
5.131099594643131849e-05
5.131099594643131849e-05
5.131099594643131849e-05
2.411616809482272118e-03
2.411616809482272118e-03
1.847195854071527520e-03
2.257683821642977959e-03
2.257683821642977959e-03
5.131099594643131849e-05
5.131099594643131849e-05
4.104879675714505479e-04
2.411616809482272118e-03
5.131099594643131849e-05
2.103750833803684234e-03
5.131099594643131849e-05
1.847195854071527520e-03
2.052439837857252740e-04
5.131099594643131849e-05
5.131099594643131849e-05
5.131099594643131849e-05
5.131099594643131849e-05
1.744573862178664964e-03
5.131099594643131849e-05
1.641951870285802192e-03
3.078659756785879381e-04
1.436707886500076864e-03
1.539329878392939690e-04
5.131099594643131849e-05
1.590640874339371022e-03
1.693262866232233578e-03
5.131099594643131849e-05
2.565549797321566060e-04
7.696649391964698180e-04
7.696649391964698180e-04
5.131099594643131849e-05
5.131099594643131849e-05
1.898506850017958906e-03
1.590640874339371022e-03
1.744573862178664964e-03
5.131099594643131849e-05
5.131099594643131849e-05
5.131099594643131849e-05
5.131099594643131849e-05
5.131099594643131849e-05
5.131099594643131849e-05
5.131099594643131849e-05
5.131099594643131849e-05
5.131099594643131849e-05
5.131099594643131849e-05
1.590640874339371022e-03
2.052439837857252848e-03
1.590640874339371022e-03
5.131099594643131849e-05
5.131099594643131849e-05
5.131099594643131849e-05
5.131099594643131849e-05
5.131099594643131849e-05
2.565549797321566060e-04
1.539329878392939690e-04
1.898506850017958906e-03
5.131099594643131849e-05
5.131099594643131849e-05
1.847195854071527520e-03
5.131099594643131849e-05
5.131099594643131849e-05
1.539329878392939636e-03
5.131099594643131849e-05
5.131099594643131849e-05
5.131099594643131849e-05
5.131099594643131849e-05
5.131099594643131849e-05
3.591769716250192159e-04
1.847195854071527520e-03
1.693262866232233578e-03
5.131099594643132120e-04
5.131099594643131849e-05
1.539329878392939636e-03
5.131099594643131849e-05
5.131099594643131849e-05
5.131099594643131849e-05
1.641951870285802192e-03
5.131099594643131849e-05
5.131099594643131849e-05
5.131099594643131849e-05
1.693262866232233578e-03
1.641951870285802192e-03
1.590640874339371022e-03
1.744573862178664964e-03
5.131099594643131849e-05
1.795884858125096134e-03
5.131099594643131849e-05
1.693262866232233578e-03
1.744573862178664964e-03
5.131099594643131849e-05
5.131099594643131849e-05
5.131099594643131849e-05
5.131099594643131849e-05
5.131099594643131849e-05
5.131099594643131849e-05
5.131099594643131849e-05
5.131099594643131849e-05
5.131099594643131849e-05
5.131099594643131849e-05
5.131099594643131849e-05
5.131099594643131849e-05
1.488018882446508250e-03
1.539329878392939636e-03
5.131099594643131849e-05
5.131099594643131849e-05
5.131099594643131849e-05
5.131099594643131849e-05
5.131099594643131849e-05
1.539329878392939636e-03
5.131099594643131849e-05
5.131099594643131849e-05
5.131099594643131849e-05
5.131099594643131849e-05
5.131099594643131849e-05
5.131099594643131849e-05
5.131099594643131849e-05
5.131099594643131849e-05
1.436707886500076864e-03
5.131099594643131849e-05
1.026219918928626424e-03
5.131099594643131849e-05
1.385396890553645694e-03
5.131099594643131849e-05
5.131099594643131849e-05
5.131099594643132120e-04
5.131099594643131849e-05
5.131099594643131849e-05
5.131099594643131849e-05
5.131099594643131849e-05
5.131099594643131849e-05
5.131099594643131849e-05
3.591769716250192159e-04
8.722869310893324821e-04
1.128841910821488980e-03
5.131099594643131849e-05
5.131099594643131849e-05
5.131099594643131849e-05
5.131099594643131849e-05
5.131099594643131849e-05
5.131099594643131849e-05
5.131099594643131849e-05
4.104879675714505479e-04
5.131099594643131849e-05
5.131099594643131849e-05
5.131099594643131849e-05
5.131099594643131849e-05
5.131099594643131849e-05
5.131099594643131849e-05
5.131099594643131849e-05
5.131099594643131849e-05
5.131099594643131849e-05
1.180152906767920366e-03
5.131099594643132120e-04
1.128841910821488980e-03
3.078659756785879381e-04
1.180152906767920366e-03
5.131099594643131849e-05
5.131099594643131849e-05
1.128841910821488980e-03
1.128841910821488980e-03
5.131099594643131849e-05
5.131099594643131849e-05
5.131099594643131849e-05
5.131099594643131849e-05
7.696649391964698180e-04
5.131099594643131849e-05
5.131099594643131849e-05
5.131099594643131849e-05
5.131099594643131849e-05
5.131099594643131849e-05
1.077530914875057810e-03
5.131099594643131849e-05
5.131099594643131849e-05
1.128841910821488980e-03
5.131099594643131849e-05
1.026219918928626424e-03
5.131099594643131849e-05
1.128841910821488980e-03
5.131099594643131849e-05
3.591769716250192159e-04
5.131099594643131849e-05
5.131099594643131849e-05
3.591769716250192159e-04
5.131099594643131849e-05
5.131099594643131849e-05
5.131099594643131849e-05
5.131099594643131849e-05
5.131099594643131849e-05
5.131099594643131849e-05
5.131099594643131849e-05
5.131099594643131849e-05
5.131099594643131849e-05
5.131099594643131849e-05
9.235979270357637600e-04
5.131099594643131849e-05
6.670429473036071540e-04
5.131099594643131849e-05
8.722869310893324821e-04
5.131099594643131849e-05
5.131099594643131849e-05
5.131099594643131849e-05
5.131099594643131849e-05
5.131099594643131849e-05
4.104879675714505479e-04
1.077530914875057810e-03
5.131099594643131849e-05
5.131099594643131849e-05
2.052439837857252740e-04
9.235979270357637600e-04
5.131099594643131849e-05
5.131099594643131849e-05
5.131099594643131849e-05
5.131099594643131849e-05
5.131099594643131849e-05
5.131099594643131849e-05
5.131099594643131849e-05
5.131099594643131849e-05
5.131099594643131849e-05
5.131099594643131849e-05
9.749089229821950378e-04
5.131099594643131849e-05
5.131099594643131849e-05
5.131099594643131849e-05
5.131099594643131849e-05
5.131099594643131849e-05
5.131099594643131849e-05
5.131099594643131849e-05
5.131099594643131849e-05
5.131099594643131849e-05
5.131099594643131849e-05
5.131099594643131849e-05
5.131099594643131849e-05
5.131099594643131849e-05
5.131099594643131849e-05
5.131099594643131849e-05
5.131099594643131849e-05
5.131099594643131849e-05
5.131099594643131849e-05
5.131099594643131849e-05
5.131099594643131849e-05
5.131099594643131849e-05
5.131099594643131849e-05
5.131099594643131849e-05
5.131099594643131849e-05
1.026219918928626370e-04
5.131099594643131849e-05
5.131099594643131849e-05
5.131099594643131849e-05
5.131099594643131849e-05
3.591769716250192159e-04
5.131099594643131849e-05
5.131099594643131849e-05
5.131099594643131849e-05
5.131099594643131849e-05
4.104879675714505479e-04
5.131099594643131849e-05
5.131099594643131849e-05
5.131099594643131849e-05
5.131099594643131849e-05
5.131099594643131849e-05
5.131099594643131849e-05
5.131099594643131849e-05
5.131099594643131849e-05
5.131099594643131849e-05
5.131099594643131849e-05
5.131099594643131849e-05
5.131099594643131849e-05
5.131099594643131849e-05
5.131099594643131849e-05
5.131099594643131849e-05
5.131099594643131849e-05
5.131099594643131849e-05
5.131099594643131849e-05
6.670429473036071540e-04
5.131099594643131849e-05
5.131099594643131849e-05
5.131099594643131849e-05
5.131099594643131849e-05
5.131099594643131849e-05
5.131099594643131849e-05
5.131099594643131849e-05
4.104879675714505479e-04
5.131099594643131849e-05
5.131099594643131849e-05
5.131099594643131849e-05
5.131099594643131849e-05
5.131099594643131849e-05
5.131099594643131849e-05
5.131099594643131849e-05
5.131099594643131849e-05
5.131099594643131849e-05
5.131099594643131849e-05
5.131099594643131849e-05
5.131099594643131849e-05
5.131099594643131849e-05
5.131099594643131849e-05
5.131099594643131849e-05
3.591769716250192159e-04
5.131099594643131849e-05
5.131099594643131849e-05
5.131099594643131849e-05
5.131099594643131849e-05
5.131099594643131849e-05
5.131099594643131849e-05
5.131099594643131849e-05
4.617989635178818800e-04
5.131099594643131849e-05
5.131099594643131849e-05
5.131099594643131849e-05
5.131099594643131849e-05
5.131099594643131849e-05
5.131099594643131849e-05
6.157319513571758761e-04
5.131099594643131849e-05
5.131099594643131849e-05
5.131099594643131849e-05
5.131099594643131849e-05
5.131099594643131849e-05
5.131099594643131849e-05
5.131099594643131849e-05
5.131099594643131849e-05
5.131099594643131849e-05
5.131099594643131849e-05
5.131099594643131849e-05
5.131099594643131849e-05
5.131099594643131849e-05
3.078659756785879381e-04
5.131099594643131849e-05
3.591769716250192159e-04
5.131099594643131849e-05
5.131099594643131849e-05
5.644209554107444899e-04
5.131099594643131849e-05
5.131099594643131849e-05
5.131099594643132120e-04
5.131099594643131849e-05
5.131099594643131849e-05
5.131099594643131849e-05
5.131099594643131849e-05
5.131099594643131849e-05
5.131099594643131849e-05
5.131099594643131849e-05
5.131099594643131849e-05
5.131099594643131849e-05
6.157319513571758761e-04
1.539329878392939690e-04
5.131099594643131849e-05
5.131099594643131849e-05
5.131099594643131849e-05
5.131099594643131849e-05
5.131099594643131849e-05
5.131099594643131849e-05
5.131099594643131849e-05
5.644209554107444899e-04
5.131099594643131849e-05
5.644209554107444899e-04
5.131099594643131849e-05
5.131099594643131849e-05
3.591769716250192159e-04
4.104879675714505479e-04
5.131099594643131849e-05
5.131099594643131849e-05
5.131099594643131849e-05
5.131099594643131849e-05
5.131099594643131849e-05
5.131099594643132120e-04
5.131099594643131849e-05
5.131099594643131849e-05
5.131099594643131849e-05
5.131099594643131849e-05
4.104879675714505479e-04
5.131099594643131849e-05
5.131099594643131849e-05
5.131099594643131849e-05
5.131099594643131849e-05
4.104879675714505479e-04
5.131099594643131849e-05
5.131099594643131849e-05
5.131099594643131849e-05
1.539329878392939690e-04
5.131099594643131849e-05
5.644209554107444899e-04
4.104879675714505479e-04
5.131099594643131849e-05
5.131099594643131849e-05
5.131099594643131849e-05
5.131099594643131849e-05
5.131099594643131849e-05
5.131099594643131849e-05
5.131099594643131849e-05
5.131099594643131849e-05
5.131099594643131849e-05
5.131099594643131849e-05
5.131099594643131849e-05
5.131099594643131849e-05
5.131099594643131849e-05
5.131099594643131849e-05
5.131099594643131849e-05
5.131099594643131849e-05
5.131099594643131849e-05
5.131099594643131849e-05
1.539329878392939690e-04
5.131099594643131849e-05
5.131099594643131849e-05
5.131099594643131849e-05
5.131099594643131849e-05
5.131099594643131849e-05
5.131099594643131849e-05
5.131099594643131849e-05
5.131099594643131849e-05
5.131099594643131849e-05
2.565549797321566060e-04
5.131099594643131849e-05
5.131099594643131849e-05
5.131099594643131849e-05
5.131099594643131849e-05
5.131099594643131849e-05
5.131099594643131849e-05
5.131099594643131849e-05
5.131099594643131849e-05
5.131099594643131849e-05
5.131099594643131849e-05
5.131099594643131849e-05
5.131099594643131849e-05
5.131099594643131849e-05
5.131099594643131849e-05
5.131099594643131849e-05
5.131099594643131849e-05
5.131099594643131849e-05
5.131099594643131849e-05
5.131099594643131849e-05
5.131099594643131849e-05
5.131099594643131849e-05
5.131099594643131849e-05
5.131099594643131849e-05
5.131099594643131849e-05
5.131099594643131849e-05
5.131099594643131849e-05
5.131099594643131849e-05
5.131099594643131849e-05
5.131099594643131849e-05
5.131099594643131849e-05
4.617989635178818800e-04
5.131099594643131849e-05
5.131099594643131849e-05
5.131099594643131849e-05
5.131099594643131849e-05
5.131099594643131849e-05
3.591769716250192159e-04
5.131099594643131849e-05
5.131099594643131849e-05
5.131099594643131849e-05
5.131099594643131849e-05
5.131099594643131849e-05
5.131099594643131849e-05
3.591769716250192159e-04
5.131099594643131849e-05
5.131099594643131849e-05
1.539329878392939690e-04
5.131099594643131849e-05
5.131099594643131849e-05
5.131099594643131849e-05
5.131099594643131849e-05
5.131099594643131849e-05
3.591769716250192159e-04
5.131099594643131849e-05
5.131099594643131849e-05
5.131099594643131849e-05
5.131099594643131849e-05
5.131099594643131849e-05
5.131099594643131849e-05
5.131099594643131849e-05
1.539329878392939690e-04
5.131099594643131849e-05
5.131099594643131849e-05
5.131099594643131849e-05
5.131099594643131849e-05
5.131099594643131849e-05
3.591769716250192159e-04
5.131099594643131849e-05
3.591769716250192159e-04
5.131099594643131849e-05
3.591769716250192159e-04
3.591769716250192159e-04
5.131099594643131849e-05
5.131099594643131849e-05
3.591769716250192159e-04
3.591769716250192159e-04
5.131099594643131849e-05
5.131099594643131849e-05
5.131099594643131849e-05
3.591769716250192159e-04
5.131099594643131849e-05
5.131099594643131849e-05
5.131099594643131849e-05
5.131099594643131849e-05
5.131099594643131849e-05
3.591769716250192159e-04
5.131099594643131849e-05
5.131099594643131849e-05
5.131099594643131849e-05
5.131099594643131849e-05
5.131099594643131849e-05
3.591769716250192159e-04
5.131099594643131849e-05
5.131099594643131849e-05
5.131099594643131849e-05
3.591769716250192159e-04
5.131099594643131849e-05
5.131099594643131849e-05
5.131099594643131849e-05
3.591769716250192159e-04
5.131099594643131849e-05
5.131099594643131849e-05
5.131099594643131849e-05
1.539329878392939690e-04
5.131099594643131849e-05
3.591769716250192159e-04
3.591769716250192159e-04
5.131099594643131849e-05
5.131099594643131849e-05
5.131099594643131849e-05
3.078659756785879381e-04
3.078659756785879381e-04
3.078659756785879381e-04
5.131099594643131849e-05
2.565549797321566060e-04
5.131099594643131849e-05
3.078659756785879381e-04
5.131099594643131849e-05
2.565549797321566060e-04
3.078659756785879381e-04
2.052439837857252740e-04
2.052439837857252740e-04
5.131099594643131849e-05
5.131099594643131849e-05
5.131099594643131849e-05
5.131099594643131849e-05
5.131099594643131849e-05
2.565549797321566060e-04
5.131099594643131849e-05
2.565549797321566060e-04
5.131099594643131849e-05
5.131099594643131849e-05
2.565549797321566060e-04
3.078659756785879381e-04
2.052439837857252740e-04
3.078659756785879381e-04
3.078659756785879381e-04
2.565549797321566060e-04
5.131099594643131849e-05
5.131099594643131849e-05
5.131099594643131849e-05
2.565549797321566060e-04
2.565549797321566060e-04
3.078659756785879381e-04
3.078659756785879381e-04
5.131099594643131849e-05
5.131099594643131849e-05
5.131099594643131849e-05
5.131099594643131849e-05
5.131099594643131849e-05
5.131099594643131849e-05
5.131099594643131849e-05
5.131099594643131849e-05
5.131099594643131849e-05
5.131099594643131849e-05
5.131099594643131849e-05
5.131099594643131849e-05
5.131099594643131849e-05
5.131099594643131849e-05
5.131099594643131849e-05
2.565549797321566060e-04
5.131099594643131849e-05
5.131099594643131849e-05
5.131099594643131849e-05
5.131099594643131849e-05
5.131099594643131849e-05
5.131099594643131849e-05
5.131099594643131849e-05
2.565549797321566060e-04
5.131099594643131849e-05
5.131099594643131849e-05
5.131099594643131849e-05
5.131099594643131849e-05
5.131099594643131849e-05
5.131099594643131849e-05
5.131099594643131849e-05
5.131099594643131849e-05
5.131099594643131849e-05
5.131099594643131849e-05
5.131099594643131849e-05
5.131099594643131849e-05
5.131099594643131849e-05
5.131099594643131849e-05
5.131099594643131849e-05
5.131099594643131849e-05
5.131099594643131849e-05
5.131099594643131849e-05
5.131099594643131849e-05
5.131099594643131849e-05
5.131099594643131849e-05
