2.608232349515525461e-02
2.158451664064629794e-02
2.098976532104180476e-02
1.827621242534631721e-02
1.748321066587366426e-02
1.743364805590662259e-02
1.403860927316432500e-02
1.387753079077144215e-02
1.263846554159542106e-02
1.215523009441677252e-02
1.244021510172725782e-02
1.182068247713924554e-02
1.117636854756771415e-02
9.367333283770724189e-03
8.958441751542636430e-03
8.995613709017916820e-03
8.760191311674473194e-03
8.425643694396946215e-03
8.314127821971105045e-03
8.264565212004063369e-03
8.053924119644140581e-03
8.202611949545263875e-03
7.768939112333655278e-03
7.781329764825415697e-03
7.508735410006690814e-03
7.384828885089089225e-03
7.075062572795083084e-03
7.087453225286843503e-03
6.864421480435159428e-03
6.963546700369241046e-03
6.876812132926919847e-03
6.765296260501077810e-03
6.455529948207072537e-03
6.455529948207072537e-03
6.182935593388347653e-03
5.984685153520184417e-03
6.009466458503704388e-03
5.959903848536663579e-03
5.873169281094342380e-03
5.736872103684980372e-03
5.786434713652021181e-03
5.588184273783857077e-03
5.712090798701459533e-03
5.402324486407454260e-03
5.489059053849775459e-03
5.513840358833296297e-03
5.303199266473372642e-03
5.166902089064009766e-03
5.092558174113448986e-03
4.745619904344162455e-03
4.708447946868882066e-03
4.460634897033678020e-03
4.435853592050157182e-03
4.534978811984238800e-03
4.448244244541917601e-03
4.423462939558396763e-03
4.200431194706713556e-03
4.299556414640795174e-03
4.411072287066637211e-03
4.249993804673754365e-03
4.064134017297350680e-03
4.101305974772631938e-03
4.076524669789111099e-03
4.039352712313830709e-03
3.828711619953906620e-03
3.779149009986865811e-03
3.828711619953906620e-03
3.779149009986865811e-03
3.779149009986865811e-03
3.704805095036304598e-03
3.494164002676380942e-03
3.469382697692860538e-03
3.593289222610462560e-03
3.395038782742299324e-03
3.630461180085743384e-03
3.357866825267018501e-03
3.172007037890615250e-03
3.308304215299977692e-03
3.258741605332936882e-03
3.196788342874135654e-03
3.023319207989492823e-03
3.072881817956533632e-03
3.060491165464773212e-03
2.911803335563650785e-03
2.998537903005972418e-03
2.998537903005972418e-03
2.924193988055411204e-03
2.924193988055411204e-03
2.887022030580130381e-03
2.812678115629569167e-03
2.911803335563650785e-03
2.948975293038931609e-03
2.862240725596609976e-03
2.787896810646048763e-03
2.688771590711966711e-03
2.800287463137808748e-03
2.602037023269645512e-03
2.688771590711966711e-03
2.750724853170767939e-03
2.725943548187247534e-03
2.750724853170767939e-03
2.663990285728446306e-03
2.701162243203727130e-03
2.602037023269645512e-03
2.453349193368522651e-03
2.391395930909721856e-03
2.341833320942681047e-03
2.354223973434441033e-03
2.440958540876762665e-03
2.428567888385002246e-03
2.391395930909721856e-03
2.354223973434441033e-03
2.267489405992119400e-03
2.230317448516839010e-03
2.205536143533318606e-03
2.131192228582756958e-03
2.081629618615716149e-03
2.118801576090996973e-03
1.945332441206353924e-03
2.044457661140435759e-03
2.155973533566277796e-03
2.007285703665154936e-03
2.081629618615716149e-03
1.895769831239313115e-03
1.982504398681634531e-03
2.094020271107476568e-03
1.932941788714593722e-03
2.094020271107476568e-03
2.019676356156915355e-03
2.007285703665154936e-03
1.957723093698114127e-03
1.957723093698114127e-03
1.932941788714593722e-03
1.908160483731073317e-03
1.833816568780511887e-03
1.809035263796991483e-03
1.796644611305231280e-03
1.796644611305231280e-03
1.796644611305231280e-03
1.697519391371149662e-03
1.722300696354670067e-03
1.697519391371149662e-03
1.647956781404108636e-03
1.647956781404108636e-03
1.672738086387629258e-03
1.635566128912348434e-03
1.635566128912348434e-03
1.635566128912348434e-03
1.623175476420588232e-03
1.586003518945307625e-03
1.598394171437067827e-03
1.623175476420588232e-03
1.548831561470027018e-03
1.511659603994746411e-03
1.474487646519465804e-03
1.524050256486506614e-03
1.524050256486506614e-03
1.462096994027705602e-03
1.462096994027705602e-03
1.474487646519465804e-03
1.524050256486506614e-03
1.499268951502986209e-03
1.474487646519465804e-03
1.499268951502986209e-03
1.437315689044184981e-03
1.412534384060664576e-03
1.449706341535945183e-03
1.301018511634822756e-03
1.362971774093623767e-03
1.412534384060664576e-03
1.325799816618343160e-03
1.338190469110103363e-03
1.362971774093623767e-03
1.338190469110103363e-03
1.313409164126582958e-03
1.164721334225460314e-03
1.288627859143062554e-03
1.338190469110103363e-03
1.301018511634822756e-03
1.251455901667781730e-03
1.313409164126582958e-03
1.214283944192501123e-03
1.263846554159542149e-03
1.226674596684261325e-03
1.263846554159542149e-03
1.251455901667781730e-03
1.338190469110103363e-03
1.201893291700740921e-03
1.263846554159542149e-03
1.189502639208980719e-03
1.214283944192501123e-03
1.127549376750179707e-03
1.152330681733700112e-03
1.152330681733700112e-03
1.152330681733700112e-03
1.090377419274899101e-03
1.016033504324337670e-03
1.102768071766659303e-03
1.053205461799618277e-03
1.115158724258419505e-03
1.090377419274899101e-03
1.115158724258419505e-03
1.053205461799618277e-03
1.090377419274899101e-03
1.077986766783138898e-03
1.028424156816097872e-03
9.664708943572968610e-04
1.077986766783138898e-03
1.040814809307858075e-03
1.065596114291378479e-03
1.053205461799618277e-03
9.912521993408172655e-04
1.053205461799618277e-03
1.077986766783138898e-03
1.040814809307858075e-03
1.028424156816097872e-03
9.664708943572968610e-04
9.664708943572968610e-04
1.028424156816097872e-03
9.912521993408172655e-04
9.169082843902559435e-04
9.788615468490570633e-04
9.540802418655366587e-04
8.797363269149753367e-04
9.788615468490570633e-04
1.003642851832577468e-03
9.292989368820162542e-04
9.912521993408172655e-04
9.045176318984957413e-04
9.788615468490570633e-04
8.797363269149753367e-04
8.797363269149753367e-04
9.416895893737764565e-04
9.169082843902559435e-04
8.797363269149753367e-04
8.673456744232151345e-04
8.797363269149753367e-04
8.921269794067355390e-04
8.549550219314549322e-04
8.425643694396947299e-04
8.301737169479345277e-04
7.682204544891334079e-04
7.682204544891334079e-04
7.434391495056130034e-04
7.434391495056130034e-04
7.806111069808936102e-04
7.434391495056130034e-04
7.806111069808936102e-04
7.930017594726538124e-04
7.930017594726538124e-04
7.434391495056130034e-04
7.558298019973732056e-04
7.062671920303322881e-04
7.186578445220924904e-04
7.062671920303322881e-04
7.062671920303322881e-04
7.558298019973732056e-04
6.938765395385720859e-04
7.930017594726538124e-04
7.558298019973732056e-04
7.186578445220924904e-04
7.186578445220924904e-04
7.310484970138528011e-04
6.814858870468118836e-04
6.690952345550516813e-04
6.195326245880107639e-04
7.062671920303322881e-04
6.195326245880107639e-04
7.186578445220924904e-04
6.938765395385720859e-04
6.195326245880107639e-04
6.319232770797710745e-04
6.567045820632914791e-04
6.319232770797710745e-04
6.690952345550516813e-04
5.575793621292097525e-04
6.690952345550516813e-04
6.071419720962505616e-04
5.947513196044903593e-04
6.195326245880107639e-04
5.699700146209699548e-04
5.204074046539290373e-04
6.567045820632914791e-04
6.071419720962505616e-04
6.195326245880107639e-04
5.451887096374495503e-04
5.823606671127301571e-04
6.071419720962505616e-04
5.204074046539290373e-04
5.823606671127301571e-04
6.071419720962505616e-04
5.575793621292097525e-04
5.699700146209699548e-04
5.823606671127301571e-04
5.947513196044903593e-04
5.451887096374495503e-04
5.699700146209699548e-04
5.699700146209699548e-04
5.699700146209699548e-04
5.080167521621688350e-04
5.327980571456892396e-04
5.327980571456892396e-04
5.327980571456892396e-04
5.699700146209699548e-04
5.699700146209699548e-04
5.699700146209699548e-04
4.212821847198473650e-04
5.204074046539290373e-04
5.204074046539290373e-04
5.575793621292097525e-04
5.451887096374495503e-04
5.575793621292097525e-04
5.451887096374495503e-04
5.575793621292097525e-04
5.204074046539290373e-04
4.584541421951279718e-04
5.080167521621688350e-04
4.956260996704086328e-04
5.327980571456892396e-04
4.708447946868882282e-04
4.832354471786484305e-04
5.327980571456892396e-04
4.708447946868882282e-04
4.708447946868882282e-04
4.584541421951279718e-04
4.708447946868882282e-04
5.204074046539290373e-04
4.956260996704086328e-04
4.708447946868882282e-04
4.956260996704086328e-04
4.460634897033677695e-04
4.460634897033677695e-04
4.584541421951279718e-04
4.460634897033677695e-04
4.460634897033677695e-04
4.708447946868882282e-04
5.204074046539290373e-04
4.088915322280871085e-04
4.584541421951279718e-04
4.708447946868882282e-04
4.336728372116075672e-04
4.956260996704086328e-04
4.584541421951279718e-04
4.584541421951279718e-04
4.832354471786484305e-04
4.460634897033677695e-04
4.832354471786484305e-04
4.832354471786484305e-04
4.832354471786484305e-04
4.832354471786484305e-04
4.584541421951279718e-04
4.460634897033677695e-04
4.212821847198473650e-04
4.460634897033677695e-04
4.088915322280871085e-04
4.212821847198473650e-04
4.336728372116075672e-04
4.584541421951279718e-04
4.584541421951279718e-04
4.336728372116075672e-04
4.212821847198473650e-04
4.584541421951279718e-04
4.336728372116075672e-04
4.088915322280871085e-04
4.336728372116075672e-04
4.584541421951279718e-04
4.336728372116075672e-04
4.088915322280871085e-04
4.212821847198473650e-04
3.965008797363269062e-04
4.088915322280871085e-04
4.212821847198473650e-04
4.212821847198473650e-04
4.088915322280871085e-04
3.841102272445667039e-04
4.088915322280871085e-04
3.593289222610462452e-04
3.717195747528065017e-04
3.965008797363269062e-04
3.841102272445667039e-04
3.717195747528065017e-04
4.088915322280871085e-04
3.469382697692860429e-04
4.212821847198473650e-04
3.965008797363269062e-04
3.965008797363269062e-04
4.088915322280871085e-04
3.717195747528065017e-04
3.717195747528065017e-04
3.841102272445667039e-04
3.469382697692860429e-04
3.221569647857656384e-04
3.593289222610462452e-04
3.221569647857656384e-04
3.593289222610462452e-04
3.841102272445667039e-04
3.593289222610462452e-04
3.593289222610462452e-04
3.717195747528065017e-04
3.469382697692860429e-04
3.593289222610462452e-04
3.469382697692860429e-04
3.717195747528065017e-04
3.593289222610462452e-04
3.965008797363269062e-04
3.717195747528065017e-04
3.593289222610462452e-04
3.469382697692860429e-04
3.593289222610462452e-04
3.593289222610462452e-04
3.221569647857656384e-04
3.469382697692860429e-04
3.469382697692860429e-04
3.593289222610462452e-04
3.469382697692860429e-04
3.345476172775258407e-04
2.725943548187247751e-04
3.097663122940053819e-04
3.097663122940053819e-04
3.221569647857656384e-04
2.973756598022451797e-04
3.469382697692860429e-04
2.973756598022451797e-04
3.469382697692860429e-04
3.345476172775258407e-04
2.973756598022451797e-04
3.345476172775258407e-04
3.097663122940053819e-04
2.973756598022451797e-04
2.725943548187247751e-04
3.221569647857656384e-04
2.973756598022451797e-04
3.221569647857656384e-04
3.221569647857656384e-04
3.221569647857656384e-04
3.345476172775258407e-04
3.221569647857656384e-04
3.221569647857656384e-04
2.602037023269645187e-04
2.849850073104849774e-04
3.097663122940053819e-04
3.097663122940053819e-04
3.097663122940053819e-04
2.602037023269645187e-04
3.097663122940053819e-04
2.973756598022451797e-04
2.725943548187247751e-04
2.849850073104849774e-04
2.725943548187247751e-04
2.725943548187247751e-04
2.478130498352043164e-04
2.602037023269645187e-04
2.973756598022451797e-04
2.725943548187247751e-04
2.478130498352043164e-04
2.973756598022451797e-04
2.602037023269645187e-04
2.602037023269645187e-04
2.849850073104849774e-04
2.602037023269645187e-04
2.354223973434441141e-04
2.725943548187247751e-04
2.602037023269645187e-04
2.973756598022451797e-04
2.725943548187247751e-04
2.849850073104849774e-04
2.478130498352043164e-04
2.725943548187247751e-04
2.478130498352043164e-04
2.478130498352043164e-04
2.478130498352043164e-04
2.602037023269645187e-04
2.354223973434441141e-04
2.354223973434441141e-04
2.602037023269645187e-04
2.602037023269645187e-04
2.602037023269645187e-04
2.725943548187247751e-04
2.478130498352043164e-04
2.478130498352043164e-04
2.725943548187247751e-04
2.478130498352043164e-04
2.354223973434441141e-04
2.602037023269645187e-04
2.478130498352043164e-04
2.602037023269645187e-04
2.354223973434441141e-04
2.602037023269645187e-04
2.478130498352043164e-04
2.478130498352043164e-04
2.478130498352043164e-04
2.106410923599236825e-04
2.354223973434441141e-04
2.602037023269645187e-04
2.106410923599236825e-04
1.982504398681634531e-04
2.230317448516838847e-04
2.478130498352043164e-04
2.230317448516838847e-04
2.230317448516838847e-04
2.478130498352043164e-04
1.858597873764032508e-04
2.478130498352043164e-04
2.354223973434441141e-04
2.106410923599236825e-04
2.354223973434441141e-04
2.106410923599236825e-04
1.734691348846430215e-04
1.982504398681634531e-04
2.230317448516838847e-04
2.106410923599236825e-04
1.982504398681634531e-04
2.106410923599236825e-04
1.858597873764032508e-04
1.982504398681634531e-04
2.106410923599236825e-04
1.982504398681634531e-04
2.230317448516838847e-04
1.982504398681634531e-04
2.230317448516838847e-04
2.106410923599236825e-04
1.858597873764032508e-04
1.982504398681634531e-04
2.106410923599236825e-04
1.858597873764032508e-04
2.230317448516838847e-04
1.982504398681634531e-04
1.982504398681634531e-04
1.734691348846430215e-04
1.982504398681634531e-04
1.982504398681634531e-04
1.982504398681634531e-04
1.858597873764032508e-04
1.982504398681634531e-04
1.982504398681634531e-04
2.230317448516838847e-04
1.982504398681634531e-04
1.486878299011225898e-04
1.982504398681634531e-04
1.982504398681634531e-04
1.734691348846430215e-04
1.858597873764032508e-04
1.982504398681634531e-04
1.858597873764032508e-04
1.982504398681634531e-04
1.734691348846430215e-04
1.610784823928828192e-04
1.858597873764032508e-04
1.858597873764032508e-04
1.858597873764032508e-04
1.982504398681634531e-04
1.734691348846430215e-04
1.486878299011225898e-04
1.858597873764032508e-04
1.858597873764032508e-04
1.734691348846430215e-04
1.610784823928828192e-04
1.982504398681634531e-04
1.982504398681634531e-04
1.610784823928828192e-04
1.734691348846430215e-04
1.734691348846430215e-04
1.486878299011225898e-04
1.734691348846430215e-04
1.858597873764032508e-04
1.610784823928828192e-04
1.610784823928828192e-04
1.858597873764032508e-04
1.734691348846430215e-04
1.610784823928828192e-04
1.610784823928828192e-04
1.486878299011225898e-04
1.486878299011225898e-04
1.610784823928828192e-04
1.610784823928828192e-04
1.734691348846430215e-04
1.858597873764032508e-04
1.734691348846430215e-04
1.239065249176021582e-04
1.239065249176021582e-04
1.610784823928828192e-04
1.486878299011225898e-04
1.362971774093623876e-04
1.362971774093623876e-04
1.486878299011225898e-04
1.486878299011225898e-04
1.486878299011225898e-04
1.610784823928828192e-04
1.362971774093623876e-04
1.362971774093623876e-04
1.362971774093623876e-04
1.610784823928828192e-04
1.486878299011225898e-04
1.486878299011225898e-04
1.610784823928828192e-04
1.239065249176021582e-04
1.486878299011225898e-04
1.610784823928828192e-04
1.486878299011225898e-04
1.486878299011225898e-04
1.734691348846430215e-04
1.610784823928828192e-04
1.362971774093623876e-04
1.486878299011225898e-04
1.239065249176021582e-04
1.239065249176021582e-04
1.362971774093623876e-04
1.486878299011225898e-04
1.239065249176021582e-04
1.610784823928828192e-04
1.362971774093623876e-04
1.610784823928828192e-04
1.486878299011225898e-04
1.239065249176021582e-04
1.362971774093623876e-04
9.912521993408172655e-05
1.486878299011225898e-04
1.486878299011225898e-04
1.486878299011225898e-04
9.912521993408172655e-05
1.486878299011225898e-04
1.239065249176021582e-04
1.486878299011225898e-04
1.362971774093623876e-04
1.362971774093623876e-04
1.486878299011225898e-04
1.486878299011225898e-04
1.362971774093623876e-04
1.486878299011225898e-04
1.486878299011225898e-04
1.239065249176021582e-04
1.239065249176021582e-04
1.362971774093623876e-04
1.362971774093623876e-04
1.239065249176021582e-04
1.362971774093623876e-04
1.115158724258419424e-04
1.239065249176021582e-04
1.115158724258419424e-04
1.362971774093623876e-04
1.115158724258419424e-04
1.239065249176021582e-04
1.362971774093623876e-04
1.239065249176021582e-04
1.239065249176021582e-04
1.362971774093623876e-04
1.362971774093623876e-04
1.362971774093623876e-04
1.362971774093623876e-04
1.362971774093623876e-04
8.673456744232151073e-05
1.239065249176021582e-04
1.115158724258419424e-04
1.239065249176021582e-04
1.115158724258419424e-04
1.239065249176021582e-04
1.115158724258419424e-04
8.673456744232151073e-05
1.115158724258419424e-04
9.912521993408172655e-05
1.115158724258419424e-04
1.239065249176021582e-04
8.673456744232151073e-05
1.115158724258419424e-04
1.115158724258419424e-04
1.115158724258419424e-04
1.115158724258419424e-04
9.912521993408172655e-05
8.673456744232151073e-05
1.239065249176021582e-04
1.115158724258419424e-04
1.115158724258419424e-04
9.912521993408172655e-05
8.673456744232151073e-05
8.673456744232151073e-05
1.239065249176021582e-04
1.115158724258419424e-04
1.239065249176021582e-04
1.115158724258419424e-04
1.239065249176021582e-04
8.673456744232151073e-05
1.115158724258419424e-04
1.115158724258419424e-04
1.115158724258419424e-04
8.673456744232151073e-05
1.115158724258419424e-04
1.115158724258419424e-04
9.912521993408172655e-05
8.673456744232151073e-05
1.115158724258419424e-04
1.115158724258419424e-04
9.912521993408172655e-05
1.115158724258419424e-04
1.115158724258419424e-04
1.115158724258419424e-04
9.912521993408172655e-05
8.673456744232151073e-05
6.195326245880107910e-05
8.673456744232151073e-05
9.912521993408172655e-05
6.195326245880107910e-05
8.673456744232151073e-05
9.912521993408172655e-05
8.673456744232151073e-05
9.912521993408172655e-05
9.912521993408172655e-05
7.434391495056129492e-05
7.434391495056129492e-05
8.673456744232151073e-05
4.956260996704086328e-05
7.434391495056129492e-05
7.434391495056129492e-05
8.673456744232151073e-05
7.434391495056129492e-05
8.673456744232151073e-05
8.673456744232151073e-05
9.912521993408172655e-05
6.195326245880107910e-05
9.912521993408172655e-05
8.673456744232151073e-05
9.912521993408172655e-05
7.434391495056129492e-05
9.912521993408172655e-05
8.673456744232151073e-05
8.673456744232151073e-05
9.912521993408172655e-05
9.912521993408172655e-05
8.673456744232151073e-05
9.912521993408172655e-05
7.434391495056129492e-05
7.434391495056129492e-05
9.912521993408172655e-05
7.434391495056129492e-05
7.434391495056129492e-05
9.912521993408172655e-05
8.673456744232151073e-05
8.673456744232151073e-05
8.673456744232151073e-05
9.912521993408172655e-05
8.673456744232151073e-05
9.912521993408172655e-05
8.673456744232151073e-05
4.956260996704086328e-05
8.673456744232151073e-05
8.673456744232151073e-05
7.434391495056129492e-05
8.673456744232151073e-05
7.434391495056129492e-05
6.195326245880107910e-05
8.673456744232151073e-05
7.434391495056129492e-05
7.434391495056129492e-05
8.673456744232151073e-05
7.434391495056129492e-05
8.673456744232151073e-05
7.434391495056129492e-05
7.434391495056129492e-05
8.673456744232151073e-05
7.434391495056129492e-05
7.434391495056129492e-05
6.195326245880107910e-05
7.434391495056129492e-05
7.434391495056129492e-05
4.956260996704086328e-05
7.434391495056129492e-05
4.956260996704086328e-05
7.434391495056129492e-05
7.434391495056129492e-05
6.195326245880107910e-05
6.195326245880107910e-05
7.434391495056129492e-05
6.195326245880107910e-05
7.434391495056129492e-05
7.434391495056129492e-05
6.195326245880107910e-05
6.195326245880107910e-05
7.434391495056129492e-05
4.956260996704086328e-05
7.434391495056129492e-05
6.195326245880107910e-05
7.434391495056129492e-05
7.434391495056129492e-05
7.434391495056129492e-05
6.195326245880107910e-05
7.434391495056129492e-05
7.434391495056129492e-05
6.195326245880107910e-05
7.434391495056129492e-05
7.434391495056129492e-05
7.434391495056129492e-05
6.195326245880107910e-05
6.195326245880107910e-05
7.434391495056129492e-05
7.434391495056129492e-05
6.195326245880107910e-05
7.434391495056129492e-05
7.434391495056129492e-05
7.434391495056129492e-05
7.434391495056129492e-05
6.195326245880107910e-05
7.434391495056129492e-05
7.434391495056129492e-05
4.956260996704086328e-05
7.434391495056129492e-05
7.434391495056129492e-05
7.434391495056129492e-05
7.434391495056129492e-05
6.195326245880107910e-05
6.195326245880107910e-05
7.434391495056129492e-05
6.195326245880107910e-05
6.195326245880107910e-05
7.434391495056129492e-05
3.717195747528064746e-05
7.434391495056129492e-05
7.434391495056129492e-05
7.434391495056129492e-05
6.195326245880107910e-05
7.434391495056129492e-05
3.717195747528064746e-05
6.195326245880107910e-05
6.195326245880107910e-05
6.195326245880107910e-05
4.956260996704086328e-05
4.956260996704086328e-05
4.956260996704086328e-05
6.195326245880107910e-05
4.956260996704086328e-05
4.956260996704086328e-05
6.195326245880107910e-05
3.717195747528064746e-05
3.717195747528064746e-05
6.195326245880107910e-05
6.195326245880107910e-05
6.195326245880107910e-05
6.195326245880107910e-05
4.956260996704086328e-05
4.956260996704086328e-05
6.195326245880107910e-05
4.956260996704086328e-05
6.195326245880107910e-05
6.195326245880107910e-05
4.956260996704086328e-05
6.195326245880107910e-05
3.717195747528064746e-05
6.195326245880107910e-05
6.195326245880107910e-05
4.956260996704086328e-05
6.195326245880107910e-05
6.195326245880107910e-05
3.717195747528064746e-05
4.956260996704086328e-05
6.195326245880107910e-05
6.195326245880107910e-05
6.195326245880107910e-05
6.195326245880107910e-05
2.478130498352043164e-05
6.195326245880107910e-05
4.956260996704086328e-05
4.956260996704086328e-05
4.956260996704086328e-05
4.956260996704086328e-05
2.478130498352043164e-05
3.717195747528064746e-05
4.956260996704086328e-05
3.717195747528064746e-05
4.956260996704086328e-05
4.956260996704086328e-05
3.717195747528064746e-05
4.956260996704086328e-05
4.956260996704086328e-05
4.956260996704086328e-05
3.717195747528064746e-05
2.478130498352043164e-05
4.956260996704086328e-05
4.956260996704086328e-05
2.478130498352043164e-05
4.956260996704086328e-05
4.956260996704086328e-05
3.717195747528064746e-05
4.956260996704086328e-05
4.956260996704086328e-05
4.956260996704086328e-05
3.717195747528064746e-05
3.717195747528064746e-05
4.956260996704086328e-05
3.717195747528064746e-05
4.956260996704086328e-05
4.956260996704086328e-05
4.956260996704086328e-05
4.956260996704086328e-05
4.956260996704086328e-05
2.478130498352043164e-05
2.478130498352043164e-05
3.717195747528064746e-05
4.956260996704086328e-05
4.956260996704086328e-05
4.956260996704086328e-05
4.956260996704086328e-05
3.717195747528064746e-05
