3.305545720814960509e-02
2.380186037529369997e-02
2.336734365444655473e-02
1.541729698413209226e-02
1.528855128906627097e-03
4.715311081785703018e-03
7.885673822781550952e-04
1.826579548746338696e-02
1.581962728121278500e-02
1.599665261192828938e-02
1.601274582381151737e-02
1.215037497183687858e-02
1.421030609289001927e-02
1.609321188322765487e-05
7.917860246548006492e-03
1.112040941131030997e-02
3.250828800411986134e-03
6.067140879976826162e-03
1.086291802117866738e-02
1.091119765682834961e-02
9.897325308185007248e-03
6.694776143422704641e-03
1.031574881714892623e-02
9.993884579484373434e-03
9.124851137790079489e-03
6.195886575042646588e-03
7.547716373233769732e-03
9.028291866490715037e-03
9.205317197206217689e-03
8.851266535775210650e-03
7.048826804853712547e-03
8.239724484212559291e-03
8.384563391161607704e-03
6.501657600823972268e-03
7.998326305964144692e-03
4.538285751070198631e-03
7.805207763365412318e-03
7.628182432649907932e-03
8.046605941613826755e-05
7.515529949467314626e-03
7.322411406868583120e-03
7.515529949467314626e-03
5.761369854195500483e-03
7.016640381087257440e-03
6.871801474138208160e-03
1.609321188322765487e-05
4.168141877755962739e-03
5.841835913611638682e-03
4.972802471917345604e-03
6.308539058225240762e-03
5.938395184911004869e-03
4.345167208471467125e-03
5.938395184911004869e-03
6.051047668093598175e-03
4.473912903537287551e-03
5.906208761144548895e-03
1.174804467475618758e-03
5.713090218545817389e-03
5.632624159129679189e-03
4.683124658019247911e-03
2.945057774630660888e-03
2.317422511184782409e-03
5.648717371012907176e-03
5.085454955099938910e-03
1.029965560526569911e-03
1.657600823972448390e-03
5.021082107567027830e-03
4.312980784705011152e-03
4.296887572821784032e-03
9.494995011104316032e-04
4.972802471917345604e-03
4.795777141201841218e-03
4.699217869902475031e-03
2.478354630017058809e-03
4.200328301522417845e-03
1.834626154687952560e-03
4.312980784705011152e-03
4.232514725288872952e-03
1.432295857607261344e-03
4.039396182690141446e-03
2.317422511184782409e-03
2.928964562747433335e-03
1.609321188322765487e-05
2.526634265666741902e-03
3.878464063857864613e-03
3.701438733142360660e-03
3.862370851974637059e-03
1.544948340789854867e-03
3.669252309375905120e-03
3.846277640091409506e-03
3.717531945025588213e-03
1.609321188322765487e-05
8.046605941613826755e-05
3.556599826193311813e-03
1.062151984293025235e-03
3.701438733142360660e-03
1.400109433840806021e-03
3.604879461842994473e-03
3.524413402426856273e-03
3.524413402426856273e-03
3.476133766777173180e-03
2.977244198397115994e-03
3.379574495477807427e-03
3.395667707361034980e-03
1.239177315008529404e-03
3.202549164762303474e-03
2.623193536966107655e-03
3.009430622163571534e-03
3.041617045930026641e-03
1.609321188322765487e-05
3.105989893462937287e-03
1.866812578454407883e-03
1.866812578454407883e-03
3.009430622163571534e-03
2.912871350864205348e-03
1.335736586307895374e-03
1.947278637870546300e-03
2.800218867681612041e-03
2.751939232031928948e-03
2.687566384499018302e-03
2.768032443915156501e-03
2.574913901316424562e-03
2.671473172615790748e-03
4.827963564968296460e-05
2.526634265666741902e-03
1.609321188322765487e-05
1.866812578454407883e-03
1.609321188322765487e-05
1.609321188322765487e-05
2.526634265666741902e-03
2.623193536966107655e-03
2.462261418133831255e-03
1.995558273520229176e-03
1.947278637870546300e-03
2.269142875535099316e-03
2.317422511184782409e-03
2.365702146834465069e-03
2.397888570600920609e-03
2.285236087418326869e-03
2.236956451768643776e-03
2.076024332936367376e-03
2.220863239885416222e-03
2.124303968586050469e-03
3.540506614310083935e-04
2.236956451768643776e-03
2.092117544819594929e-03
2.188676816118961116e-03
2.204770028002188669e-03
2.011651485403456729e-03
2.188676816118961116e-03
2.076024332936367376e-03
2.059931121053139823e-03
2.043837909169912270e-03
2.059931121053139823e-03
2.043837909169912270e-03
1.609321188322765487e-05
1.931185425987318530e-03
2.092117544819594929e-03
1.078245196176252788e-03
1.995558273520229176e-03
1.931185425987318530e-03
6.598216872123338021e-04
1.882905790337635653e-03
4.827963564968296460e-05
1.609321188322765487e-05
1.287456950658212281e-03
1.609321188322765487e-05
8.690334416942932950e-04
1.738066883388586590e-03
1.738066883388586590e-03
5.149827802632849557e-04
4.506099327303743091e-04
1.641507612089220837e-03
1.850719366571180330e-03
1.561041552673082420e-03
1.721973671505359037e-03
8.851266535775209566e-04
2.896778138980978011e-04
1.754160095271814360e-03
1.609321188322765514e-03
1.657600823972448390e-03
1.593227976439537744e-03
1.721973671505359037e-03
1.705880459622131484e-03
1.689787247738903713e-03
1.271363738774984728e-03
1.689787247738903713e-03
1.544948340789854867e-03
1.705880459622131484e-03
1.657600823972448390e-03
1.609321188322765514e-03
1.094338408059480558e-03
1.448389069490488897e-03
1.512761917023399544e-03
1.561041552673082420e-03
1.544948340789854867e-03
1.416202645724033574e-03
1.335736586307895374e-03
1.416202645724033574e-03
8.046605941613826755e-05
1.062151984293025235e-03
5.632624159129679406e-04
1.303550162541440051e-03
9.334062892272039415e-04
1.335736586307895374e-03
8.529402298110657418e-04
1.303550162541440051e-03
1.255270526891756958e-03
1.609321188322765487e-05
1.255270526891756958e-03
1.142618043709163434e-03
4.023302970806913784e-04
1.319643374424667604e-03
1.432295857607261344e-03
1.351829798191122927e-03
4.988895683800572941e-04
1.367923010074350697e-03
1.367923010074350697e-03
1.239177315008529404e-03
1.609321188322765487e-05
1.142618043709163434e-03
1.335736586307895374e-03
1.223084103125301851e-03
1.190897679358846528e-03
4.506099327303743091e-04
1.271363738774984728e-03
1.255270526891756958e-03
1.239177315008529404e-03
1.609321188322765487e-05
1.142618043709163434e-03
1.206990891242074081e-03
1.158711255592391205e-03
1.029965560526569911e-03
1.158711255592391205e-03
1.174804467475618758e-03
1.110431619942708111e-03
7.563809585116997719e-04
1.239177315008529404e-03
1.174804467475618758e-03
6.115420515626509256e-04
1.062151984293025235e-03
1.078245196176252788e-03
1.110431619942708111e-03
5.310759921465126173e-04
9.655927129936592648e-04
1.609321188322765487e-05
9.494995011104316032e-04
1.609321188322765487e-05
1.078245196176252788e-03
9.816859248768870349e-04
1.062151984293025235e-03
8.690334416942932950e-04
1.046058772409797465e-03
9.977791367601145881e-04
1.062151984293025235e-03
9.173130773439762799e-04
9.816859248768870349e-04
1.062151984293025235e-03
9.816859248768870349e-04
9.494995011104316032e-04
1.029965560526569911e-03
3.218642376645530973e-05
9.816859248768870349e-04
9.494995011104316032e-04
9.494995011104316032e-04
7.885673822781550952e-04
9.173130773439762799e-04
7.724741703949274335e-04
7.885673822781550952e-04
8.529402298110657418e-04
9.012198654607486183e-04
1.609321188322765487e-05
8.851266535775209566e-04
1.126524831825935773e-04
1.609321188322765487e-05
8.368470179278380801e-04
8.207538060446104185e-04
8.851266535775209566e-04
8.529402298110657418e-04
8.690334416942932950e-04
7.081013228620167870e-04
8.207538060446104185e-04
8.529402298110657418e-04
6.598216872123338021e-04
7.724741703949274335e-04
8.046605941613827568e-04
7.724741703949274335e-04
2.574913901316424778e-04
7.885673822781550952e-04
7.241945347452444486e-04
7.724741703949274335e-04
8.046605941613827568e-04
7.563809585116997719e-04
2.092117544819595200e-04
7.724741703949274335e-04
7.241945347452444486e-04
6.920081109787891253e-04
1.609321188322765487e-05
1.609321188322765487e-05
1.770253307155041967e-04
1.609321188322765487e-05
1.609321188322765487e-05
7.241945347452444486e-04
7.724741703949274335e-04
6.437284753291061404e-04
1.609321188322765487e-05
7.563809585116997719e-04
6.437284753291061946e-05
7.081013228620167870e-04
1.609321188322765351e-04
6.920081109787891253e-04
6.920081109787891253e-04
7.241945347452444486e-04
7.402877466284721103e-04
5.793556277961956023e-04
1.126524831825935773e-04
6.920081109787891253e-04
1.609321188322765351e-04
5.793556277961956023e-04
2.253049663651871546e-04
5.793556277961956023e-04
6.276352634458784788e-04
1.448389069490489006e-04
1.448389069490489006e-04
6.598216872123338021e-04
5.632624159129679406e-04
4.667031446136019708e-04
4.184235089639190401e-04
5.954488396794232639e-04
6.437284753291061404e-04
1.609321188322765487e-05
1.448389069490489006e-04
9.655927129936592919e-05
6.115420515626509256e-04
6.598216872123338021e-04
6.276352634458784788e-04
6.920081109787891253e-04
6.115420515626509256e-04
6.276352634458784788e-04
6.115420515626509256e-04
5.954488396794232639e-04
6.759148990955614637e-04
6.115420515626509256e-04
1.448389069490489006e-04
1.609321188322765487e-05
1.126524831825935773e-04
6.276352634458784788e-04
6.437284753291061404e-04
6.437284753291061404e-04
6.276352634458784788e-04
5.793556277961956023e-04
5.632624159129679406e-04
5.793556277961956023e-04
1.609321188322765487e-05
6.276352634458784788e-04
6.276352634458784788e-04
1.609321188322765487e-05
5.793556277961956023e-04
6.115420515626509256e-04
8.046605941613826755e-05
5.471692040297402790e-04
5.310759921465126173e-04
6.115420515626509256e-04
5.310759921465126173e-04
5.793556277961956023e-04
4.667031446136019708e-04
1.609321188322765487e-05
4.827963564968296460e-05
4.506099327303743091e-04
5.149827802632849557e-04
8.046605941613826755e-05
5.310759921465126173e-04
4.988895683800572941e-04
5.632624159129679406e-04
1.609321188322765487e-05
4.827963564968296324e-04
5.310759921465126173e-04
5.471692040297402790e-04
1.609321188322765487e-05
1.609321188322765487e-05
1.609321188322765487e-05
1.609321188322765487e-05
5.149827802632849557e-04
1.609321188322765487e-05
5.149827802632849557e-04
1.609321188322765487e-05
1.609321188322765487e-05
5.149827802632849557e-04
4.988895683800572941e-04
5.149827802632849557e-04
4.827963564968296324e-04
4.827963564968296324e-04
4.988895683800572941e-04
4.667031446136019708e-04
4.667031446136019708e-04
4.667031446136019708e-04
4.827963564968296324e-04
5.149827802632849557e-04
5.149827802632849557e-04
1.609321188322765487e-05
1.609321188322765487e-05
4.345167208471466475e-04
4.023302970806913784e-04
4.827963564968296324e-04
4.667031446136019708e-04
4.023302970806913784e-04
1.609321188322765487e-05
4.988895683800572941e-04
4.667031446136019708e-04
5.149827802632849557e-04
4.345167208471466475e-04
5.149827802632849557e-04
4.667031446136019708e-04
4.827963564968296324e-04
4.506099327303743091e-04
1.609321188322765487e-05
4.506099327303743091e-04
9.655927129936592919e-05
4.184235089639190401e-04
1.609321188322765487e-05
4.506099327303743091e-04
4.023302970806913784e-04
2.896778138980978011e-04
4.184235089639190401e-04
4.506099327303743091e-04
4.184235089639190401e-04
4.023302970806913784e-04
3.701438733142360551e-04
4.667031446136019708e-04
3.379574495477807318e-04
1.931185425987318584e-04
4.827963564968296460e-05
3.862370851974637168e-04
4.506099327303743091e-04
3.862370851974637168e-04
3.540506614310083935e-04
4.023302970806913784e-04
4.345167208471466475e-04
4.023302970806913784e-04
2.413981782484148162e-04
4.184235089639190401e-04
4.345167208471466475e-04
4.345167208471466475e-04
3.701438733142360551e-04
4.023302970806913784e-04
4.023302970806913784e-04
3.862370851974637168e-04
3.701438733142360551e-04
4.023302970806913784e-04
1.609321188322765487e-05
2.253049663651871546e-04
1.609321188322765487e-05
3.057710257813254628e-04
1.609321188322765487e-05
3.701438733142360551e-04
3.701438733142360551e-04
1.609321188322765487e-05
1.609321188322765487e-05
3.862370851974637168e-04
3.379574495477807318e-04
3.701438733142360551e-04
3.862370851974637168e-04
1.448389069490489006e-04
3.701438733142360551e-04
3.862370851974637168e-04
3.701438733142360551e-04
2.896778138980978011e-04
3.379574495477807318e-04
1.609321188322765487e-05
3.701438733142360551e-04
3.218642376645530702e-04
1.609321188322765487e-05
3.218642376645530702e-04
1.609321188322765487e-05
3.379574495477807318e-04
1.609321188322765487e-05
3.701438733142360551e-04
2.574913901316424778e-04
3.701438733142360551e-04
3.379574495477807318e-04
2.574913901316424778e-04
3.540506614310083935e-04
2.896778138980978011e-04
3.218642376645530702e-04
2.896778138980978011e-04
3.057710257813254628e-04
3.218642376645530702e-04
3.379574495477807318e-04
3.218642376645530702e-04
3.379574495477807318e-04
2.574913901316424778e-04
1.609321188322765487e-05
3.057710257813254628e-04
1.609321188322765351e-04
3.057710257813254628e-04
1.609321188322765487e-05
2.896778138980978011e-04
3.379574495477807318e-04
2.896778138980978011e-04
3.057710257813254628e-04
2.896778138980978011e-04
1.770253307155041967e-04
1.609321188322765487e-05
2.735846020148701395e-04
2.574913901316424778e-04
2.574913901316424778e-04
1.609321188322765487e-05
2.896778138980978011e-04
3.057710257813254628e-04
2.896778138980978011e-04
3.218642376645530702e-04
3.057710257813254628e-04
3.218642376645530702e-04
2.735846020148701395e-04
3.057710257813254628e-04
2.735846020148701395e-04
2.735846020148701395e-04
1.609321188322765487e-05
2.896778138980978011e-04
2.574913901316424778e-04
2.413981782484148162e-04
2.413981782484148162e-04
2.574913901316424778e-04
2.896778138980978011e-04
2.574913901316424778e-04
2.896778138980978011e-04
2.735846020148701395e-04
2.896778138980978011e-04
2.896778138980978011e-04
2.896778138980978011e-04
2.735846020148701395e-04
2.735846020148701395e-04
2.735846020148701395e-04
3.057710257813254628e-04
2.574913901316424778e-04
2.735846020148701395e-04
3.057710257813254628e-04
2.574913901316424778e-04
2.896778138980978011e-04
2.735846020148701395e-04
2.896778138980978011e-04
2.413981782484148162e-04
2.574913901316424778e-04
2.735846020148701395e-04
2.092117544819595200e-04
2.413981782484148162e-04
2.735846020148701395e-04
1.770253307155041967e-04
2.413981782484148162e-04
2.253049663651871546e-04
2.735846020148701395e-04
2.253049663651871546e-04
1.126524831825935773e-04
2.574913901316424778e-04
2.253049663651871546e-04
2.574913901316424778e-04
1.770253307155041967e-04
2.413981782484148162e-04
2.413981782484148162e-04
2.735846020148701395e-04
2.735846020148701395e-04
2.253049663651871546e-04
2.092117544819595200e-04
2.413981782484148162e-04
2.253049663651871546e-04
2.253049663651871546e-04
2.574913901316424778e-04
2.574913901316424778e-04
2.253049663651871546e-04
2.253049663651871546e-04
2.253049663651871546e-04
1.609321188322765487e-05
2.253049663651871546e-04
2.413981782484148162e-04
2.413981782484148162e-04
2.092117544819595200e-04
1.931185425987318584e-04
2.574913901316424778e-04
2.413981782484148162e-04
8.046605941613826755e-05
2.092117544819595200e-04
2.413981782484148162e-04
2.253049663651871546e-04
2.092117544819595200e-04
1.931185425987318584e-04
2.253049663651871546e-04
2.253049663651871546e-04
2.253049663651871546e-04
2.253049663651871546e-04
2.092117544819595200e-04
2.413981782484148162e-04
2.413981782484148162e-04
2.253049663651871546e-04
2.253049663651871546e-04
2.092117544819595200e-04
1.448389069490489006e-04
2.413981782484148162e-04
2.413981782484148162e-04
1.931185425987318584e-04
1.931185425987318584e-04
1.931185425987318584e-04
1.931185425987318584e-04
1.931185425987318584e-04
8.046605941613826755e-05
1.931185425987318584e-04
1.770253307155041967e-04
2.253049663651871546e-04
1.931185425987318584e-04
2.253049663651871546e-04
1.931185425987318584e-04
1.609321188322765487e-05
2.253049663651871546e-04
1.931185425987318584e-04
1.770253307155041967e-04
2.092117544819595200e-04
1.770253307155041967e-04
1.770253307155041967e-04
1.770253307155041967e-04
1.931185425987318584e-04
1.770253307155041967e-04
1.931185425987318584e-04
2.092117544819595200e-04
1.770253307155041967e-04
1.609321188322765351e-04
1.126524831825935773e-04
1.770253307155041967e-04
9.655927129936592919e-05
2.092117544819595200e-04
2.092117544819595200e-04
4.827963564968296460e-05
2.092117544819595200e-04
2.092117544819595200e-04
4.827963564968296460e-05
1.770253307155041967e-04
1.609321188322765351e-04
2.092117544819595200e-04
1.770253307155041967e-04
1.448389069490489006e-04
1.609321188322765351e-04
1.287456950658212389e-04
1.770253307155041967e-04
1.609321188322765351e-04
1.609321188322765487e-05
1.448389069490489006e-04
1.770253307155041967e-04
1.770253307155041967e-04
1.770253307155041967e-04
1.770253307155041967e-04
1.609321188322765351e-04
1.770253307155041967e-04
1.770253307155041967e-04
1.609321188322765487e-05
1.609321188322765351e-04
1.609321188322765487e-05
1.770253307155041967e-04
1.770253307155041967e-04
4.827963564968296460e-05
1.609321188322765487e-05
1.609321188322765351e-04
1.448389069490489006e-04
1.448389069490489006e-04
1.448389069490489006e-04
1.770253307155041967e-04
1.609321188322765487e-05
1.609321188322765351e-04
1.609321188322765351e-04
1.609321188322765351e-04
1.448389069490489006e-04
1.609321188322765487e-05
1.126524831825935773e-04
1.609321188322765351e-04
1.287456950658212389e-04
1.609321188322765351e-04
1.609321188322765487e-05
1.126524831825935773e-04
1.609321188322765351e-04
1.609321188322765351e-04
1.448389069490489006e-04
1.770253307155041967e-04
1.609321188322765487e-05
1.609321188322765487e-05
1.448389069490489006e-04
1.126524831825935773e-04
1.609321188322765351e-04
9.655927129936592919e-05
1.609321188322765351e-04
1.609321188322765351e-04
1.609321188322765351e-04
1.609321188322765351e-04
1.448389069490489006e-04
1.448389069490489006e-04
1.448389069490489006e-04
1.448389069490489006e-04
1.126524831825935773e-04
1.448389069490489006e-04
1.448389069490489006e-04
1.287456950658212389e-04
1.287456950658212389e-04
1.448389069490489006e-04
9.655927129936592919e-05
