2.707232351629340270e-02
2.655871977509562457e-02
2.227418330247205730e-02
2.319326368145755227e-02
2.231473096625082725e-02
2.103072161325638192e-02
1.923310851906415847e-02
1.770581318339708304e-02
1.236703745252544333e-02
1.163717950450754782e-02
1.098841688404719741e-02
1.162366361658129059e-02
1.027207482395555913e-02
1.027207482395555913e-02
9.109708462297430587e-03
8.771811264140998154e-03
8.339302850500763392e-03
9.461121548380120247e-03
8.663684160730938597e-03
8.596104721099652457e-03
8.704231824509712015e-03
7.974373876491816504e-03
7.393190695662751367e-03
7.947342100639302048e-03
7.285063592252692677e-03
7.285063592252692677e-03
6.514657980456026350e-03
6.852555178612458782e-03
6.528173868382283578e-03
6.676848635571113952e-03
6.595753308013569717e-03
6.028086015110762676e-03
6.068633678889534359e-03
6.001054239258248220e-03
6.028086015110762676e-03
6.014570127184505448e-03
6.041601903037019904e-03
5.663157041101814920e-03
5.825347696216903390e-03
5.622609377323043237e-03
5.027910308567721739e-03
5.379323394650411400e-03
5.433386946355441179e-03
5.163069187830294886e-03
5.433386946355441179e-03
5.514482273912984546e-03
5.163069187830294886e-03
4.865719653452633270e-03
5.109005636125265107e-03
4.825171989673861586e-03
4.919783205157663049e-03
4.608917782853744205e-03
4.811656101747604358e-03
4.500790679443686382e-03
4.933299093083920277e-03
4.662981334558773984e-03
4.568370119074972521e-03
4.108829929582224171e-03
3.973671050319651024e-03
4.000702826172165480e-03
4.014218714098422708e-03
3.973671050319651024e-03
4.000702826172165480e-03
3.568194412531931151e-03
3.784448619352048532e-03
3.770932731425790871e-03
3.581710300458188813e-03
3.797964507278305760e-03
3.568194412531931151e-03
3.487099084974387350e-03
3.514130860826902240e-03
3.338424317785556976e-03
3.284360766080527631e-03
3.311392541933042086e-03
3.068106559260410683e-03
3.243813102301755513e-03
3.135685998891697256e-03
3.189749550596726602e-03
2.865368240366550964e-03
3.216781326449241057e-03
2.865368240366550964e-03
3.189749550596726602e-03
2.959979455850351993e-03
2.973495343776609220e-03
3.095138335112925139e-03
2.932947679997837537e-03
2.824820576587778846e-03
2.824820576587778846e-03
2.757241136956492273e-03
2.703177585251462928e-03
2.770757024882749501e-03
2.500439266357603208e-03
2.473407490505088752e-03
2.419343938800059407e-03
2.486923378431345980e-03
2.135510292348655886e-03
2.446375714652574297e-03
2.284185059537486261e-03
2.486923378431345980e-03
2.243637395758714577e-03
2.108478516496141431e-03
2.324732723316258378e-03
2.270669171611229033e-03
2.311216835390001150e-03
2.270669171611229033e-03
2.013867301012339968e-03
2.121994404422398658e-03
2.135510292348655886e-03
2.324732723316258378e-03
2.081446740643626541e-03
2.243637395758714577e-03
2.270669171611229033e-03
2.081446740643626541e-03
2.162542068201170342e-03
2.108478516496141431e-03
1.959803749307310623e-03
2.108478516496141431e-03
2.081446740643626541e-03
1.986835525159825512e-03
1.932771973454796167e-03
2.013867301012339968e-03
2.013867301012339968e-03
1.811128982118480248e-03
1.865192533823509594e-03
1.946287861381053395e-03
1.973319637233567850e-03
2.027383188938597196e-03
1.905740197602281494e-03
1.905740197602281494e-03
1.892224309676024266e-03
1.797613094192223020e-03
1.878708421749766821e-03
1.973319637233567850e-03
1.811128982118480248e-03
1.757065430413451120e-03
1.905740197602281494e-03
1.892224309676024266e-03
1.743549542487193675e-03
1.743549542487193675e-03
1.689485990782164330e-03
1.675970102855907102e-03
1.770581318339708348e-03
1.594874775298363301e-03
1.608390663224620529e-03
1.567842999445848628e-03
1.608390663224620529e-03
1.635422439077135201e-03
1.689485990782164330e-03
1.540811223593333956e-03
1.459715896035790154e-03
1.621906551150877757e-03
1.540811223593333956e-03
1.567842999445848628e-03
1.567842999445848628e-03
1.581358887372105856e-03
1.540811223593333956e-03
1.527295335667076728e-03
1.297525240920702335e-03
1.500263559814562055e-03
1.365104680551988909e-03
1.500263559814562055e-03
1.500263559814562055e-03
1.500263559814562055e-03
1.338072904699474236e-03
1.419168232257018037e-03
1.432684120183275482e-03
1.351588792625731464e-03
1.256977577141930435e-03
1.392136456404503581e-03
1.351588792625731464e-03
1.392136456404503581e-03
1.243461689215672990e-03
1.365104680551988909e-03
1.378620568478246136e-03
1.392136456404503581e-03
1.324557016773217008e-03
1.284009352994444891e-03
1.202914025436901090e-03
1.229945801289415762e-03
1.270493465068187663e-03
1.311041128846959563e-03
1.189398137510643862e-03
1.256977577141930435e-03
8.920486031329827878e-04
1.175882249584386417e-03
1.135334585805614516e-03
1.243461689215672990e-03
1.175882249584386417e-03
1.229945801289415762e-03
1.094786922026842616e-03
7.433738359441523051e-04
1.108302809953099844e-03
1.121818697879357288e-03
1.148850473731871744e-03
1.094786922026842616e-03
9.596280427642693610e-04
1.148850473731871744e-03
1.027207482395556043e-03
1.108302809953099844e-03
1.108302809953099844e-03
9.866598186167839252e-04
1.067755146174327943e-03
9.190803789854974605e-04
9.731439306905266973e-04
7.163420600916377409e-04
8.785327152067255599e-04
1.000175706543041370e-03
1.027207482395556043e-03
1.067755146174327943e-03
1.000175706543041370e-03
9.055644910592401241e-04
9.731439306905266973e-04
8.244691635016962146e-04
1.013691594469298598e-03
9.055644910592401241e-04
9.596280427642693610e-04
9.596280427642693610e-04
9.731439306905266973e-04
9.325962669117547968e-04
9.596280427642693610e-04
9.325962669117547968e-04
8.650168272804682236e-04
8.785327152067255599e-04
8.920486031329827878e-04
7.298579480178950772e-04
8.650168272804682236e-04
9.190803789854974605e-04
8.650168272804682236e-04
8.920486031329827878e-04
9.190803789854974605e-04
9.055644910592401241e-04
8.650168272804682236e-04
8.109532755754388783e-04
8.379850514279535510e-04
8.650168272804682236e-04
7.839214997229243141e-04
6.757943963128657319e-04
8.650168272804682236e-04
8.244691635016962146e-04
7.568897238704096414e-04
7.568897238704096414e-04
8.244691635016962146e-04
7.028261721653804046e-04
8.109532755754388783e-04
7.974373876491816504e-04
8.244691635016962146e-04
7.433738359441523051e-04
7.433738359441523051e-04
7.163420600916377409e-04
7.974373876491816504e-04
6.352467325340938314e-04
7.433738359441523051e-04
7.298579480178950772e-04
7.839214997229243141e-04
7.028261721653804046e-04
7.839214997229243141e-04
7.028261721653804046e-04
7.028261721653804046e-04
7.568897238704096414e-04
6.622785083866085040e-04
7.028261721653804046e-04
7.028261721653804046e-04
6.757943963128657319e-04
6.757943963128657319e-04
5.136037411977780213e-04
7.028261721653804046e-04
7.028261721653804046e-04
7.028261721653804046e-04
6.217308446078364951e-04
6.893102842391230682e-04
6.622785083866085040e-04
6.487626204603511677e-04
7.028261721653804046e-04
6.893102842391230682e-04
5.946990687553219308e-04
6.622785083866085040e-04
6.757943963128657319e-04
6.487626204603511677e-04
5.811831808290645945e-04
6.487626204603511677e-04
6.217308446078364951e-04
6.217308446078364951e-04
6.217308446078364951e-04
4.595401894927487302e-04
5.811831808290645945e-04
6.217308446078364951e-04
5.946990687553219308e-04
5.406355170502925855e-04
5.136037411977780213e-04
5.946990687553219308e-04
5.136037411977780213e-04
5.676672929028072582e-04
6.082149566815791587e-04
5.136037411977780213e-04
5.000878532715206850e-04
6.082149566815791587e-04
5.811831808290645945e-04
4.730560774190060666e-04
3.784448619352048207e-04
4.865719653452633487e-04
5.946990687553219308e-04
5.946990687553219308e-04
5.811831808290645945e-04
4.460243015664913939e-04
5.406355170502925855e-04
5.676672929028072582e-04
5.676672929028072582e-04
4.730560774190060666e-04
5.541514049765499219e-04
4.460243015664913939e-04
5.406355170502925855e-04
4.595401894927487302e-04
4.865719653452633487e-04
5.000878532715206850e-04
4.865719653452633487e-04
3.514130860826902023e-04
4.865719653452633487e-04
5.271196291240353576e-04
5.406355170502925855e-04
5.406355170502925855e-04
4.325084136402341118e-04
5.000878532715206850e-04
4.865719653452633487e-04
5.271196291240353576e-04
4.460243015664913939e-04
5.136037411977780213e-04
4.325084136402341118e-04
4.730560774190060666e-04
4.595401894927487302e-04
4.865719653452633487e-04
5.136037411977780213e-04
4.730560774190060666e-04
5.136037411977780213e-04
4.595401894927487302e-04
5.000878532715206850e-04
4.865719653452633487e-04
4.865719653452633487e-04
4.730560774190060666e-04
4.730560774190060666e-04
4.865719653452633487e-04
4.865719653452633487e-04
4.460243015664913939e-04
4.325084136402341118e-04
4.325084136402341118e-04
4.325084136402341118e-04
4.865719653452633487e-04
4.189925257139767755e-04
4.054766377877194392e-04
4.460243015664913939e-04
4.730560774190060666e-04
4.054766377877194392e-04
4.595401894927487302e-04
4.595401894927487302e-04
3.784448619352048207e-04
4.460243015664913939e-04
4.595401894927487302e-04
4.460243015664913939e-04
4.460243015664913939e-04
4.054766377877194392e-04
4.460243015664913939e-04
4.189925257139767755e-04
3.784448619352048207e-04
4.325084136402341118e-04
3.514130860826902023e-04
4.325084136402341118e-04
3.514130860826902023e-04
4.325084136402341118e-04
4.054766377877194392e-04
4.054766377877194392e-04
3.649289740089475386e-04
4.189925257139767755e-04
2.973495343776609654e-04
3.919607498614621570e-04
4.054766377877194392e-04
4.054766377877194392e-04
2.973495343776609654e-04
3.514130860826902023e-04
3.649289740089475386e-04
3.649289740089475386e-04
3.919607498614621570e-04
3.514130860826902023e-04
3.919607498614621570e-04
3.649289740089475386e-04
3.784448619352048207e-04
3.649289740089475386e-04
3.784448619352048207e-04
3.649289740089475386e-04
3.784448619352048207e-04
2.162542068201170559e-04
3.784448619352048207e-04
3.378971981564328660e-04
3.378971981564328660e-04
3.649289740089475386e-04
2.973495343776609654e-04
3.784448619352048207e-04
3.649289740089475386e-04
3.649289740089475386e-04
3.649289740089475386e-04
3.108654223039182475e-04
3.649289740089475386e-04
3.378971981564328660e-04
3.243813102301755838e-04
3.514130860826902023e-04
3.514130860826902023e-04
3.243813102301755838e-04
2.703177585251462928e-04
2.973495343776609654e-04
2.703177585251462928e-04
2.973495343776609654e-04
3.108654223039182475e-04
3.243813102301755838e-04
3.243813102301755838e-04
3.108654223039182475e-04
2.838336464514036291e-04
3.108654223039182475e-04
3.378971981564328660e-04
2.973495343776609654e-04
3.378971981564328660e-04
3.108654223039182475e-04
2.838336464514036291e-04
2.703177585251462928e-04
2.973495343776609654e-04
3.243813102301755838e-04
2.838336464514036291e-04
3.243813102301755838e-04
2.838336464514036291e-04
2.703177585251462928e-04
3.108654223039182475e-04
2.973495343776609654e-04
2.297700947463743651e-04
2.568018705988890107e-04
2.297700947463743651e-04
2.703177585251462928e-04
2.973495343776609654e-04
2.973495343776609654e-04
2.973495343776609654e-04
2.973495343776609654e-04
2.973495343776609654e-04
2.838336464514036291e-04
2.973495343776609654e-04
2.568018705988890107e-04
2.027383188938597196e-04
2.973495343776609654e-04
2.973495343776609654e-04
2.703177585251462928e-04
2.297700947463743651e-04
2.568018705988890107e-04
2.703177585251462928e-04
2.432859826726316743e-04
2.568018705988890107e-04
1.892224309676024104e-04
1.621906551150877919e-04
2.703177585251462928e-04
2.703177585251462928e-04
2.703177585251462928e-04
2.568018705988890107e-04
2.162542068201170559e-04
2.432859826726316743e-04
2.703177585251462928e-04
2.568018705988890107e-04
2.432859826726316743e-04
2.568018705988890107e-04
2.568018705988890107e-04
2.568018705988890107e-04
1.351588792625731464e-04
2.432859826726316743e-04
2.432859826726316743e-04
2.162542068201170559e-04
2.432859826726316743e-04
2.432859826726316743e-04
2.432859826726316743e-04
2.162542068201170559e-04
1.892224309676024104e-04
2.162542068201170559e-04
2.297700947463743651e-04
2.432859826726316743e-04
2.432859826726316743e-04
1.892224309676024104e-04
2.162542068201170559e-04
2.432859826726316743e-04
2.432859826726316743e-04
2.432859826726316743e-04
2.297700947463743651e-04
2.432859826726316743e-04
2.297700947463743651e-04
2.297700947463743651e-04
2.432859826726316743e-04
1.621906551150877919e-04
2.432859826726316743e-04
2.027383188938597196e-04
2.162542068201170559e-04
2.432859826726316743e-04
2.297700947463743651e-04
1.621906551150877919e-04
2.297700947463743651e-04
2.297700947463743651e-04
1.757065430413451011e-04
2.297700947463743651e-04
2.162542068201170559e-04
2.297700947463743651e-04
1.892224309676024104e-04
2.162542068201170559e-04
2.162542068201170559e-04
2.027383188938597196e-04
2.162542068201170559e-04
1.892224309676024104e-04
1.892224309676024104e-04
1.892224309676024104e-04
1.621906551150877919e-04
1.621906551150877919e-04
2.162542068201170559e-04
2.162542068201170559e-04
2.162542068201170559e-04
2.162542068201170559e-04
2.027383188938597196e-04
2.162542068201170559e-04
2.162542068201170559e-04
1.757065430413451011e-04
2.162542068201170559e-04
1.621906551150877919e-04
2.162542068201170559e-04
2.162542068201170559e-04
2.162542068201170559e-04
1.892224309676024104e-04
1.486747671888304827e-04
2.162542068201170559e-04
2.162542068201170559e-04
2.162542068201170559e-04
5.406355170502926397e-05
2.027383188938597196e-04
1.486747671888304827e-04
2.027383188938597196e-04
2.027383188938597196e-04
1.757065430413451011e-04
2.027383188938597196e-04
1.757065430413451011e-04
1.892224309676024104e-04
1.892224309676024104e-04
1.757065430413451011e-04
9.461121548380120518e-05
1.757065430413451011e-04
1.486747671888304827e-04
1.892224309676024104e-04
1.486747671888304827e-04
1.892224309676024104e-04
1.892224309676024104e-04
1.892224309676024104e-04
1.892224309676024104e-04
1.892224309676024104e-04
1.892224309676024104e-04
1.486747671888304827e-04
1.486747671888304827e-04
1.892224309676024104e-04
1.216429913363158372e-04
1.892224309676024104e-04
1.892224309676024104e-04
1.621906551150877919e-04
1.757065430413451011e-04
1.351588792625731464e-04
1.757065430413451011e-04
1.216429913363158372e-04
1.757065430413451011e-04
1.621906551150877919e-04
1.757065430413451011e-04
1.757065430413451011e-04
1.757065430413451011e-04
1.081271034100585279e-04
1.757065430413451011e-04
1.216429913363158372e-04
1.757065430413451011e-04
1.621906551150877919e-04
1.621906551150877919e-04
1.081271034100585279e-04
1.621906551150877919e-04
1.351588792625731464e-04
1.621906551150877919e-04
1.081271034100585279e-04
1.351588792625731464e-04
1.621906551150877919e-04
1.621906551150877919e-04
1.621906551150877919e-04
1.351588792625731464e-04
1.621906551150877919e-04
1.621906551150877919e-04
1.621906551150877919e-04
1.621906551150877919e-04
1.621906551150877919e-04
1.621906551150877919e-04
1.621906551150877919e-04
1.621906551150877919e-04
1.486747671888304827e-04
1.621906551150877919e-04
1.621906551150877919e-04
1.351588792625731464e-04
1.351588792625731464e-04
1.081271034100585279e-04
1.621906551150877919e-04
1.486747671888304827e-04
1.486747671888304827e-04
1.486747671888304827e-04
1.351588792625731464e-04
1.486747671888304827e-04
1.486747671888304827e-04
1.216429913363158372e-04
1.351588792625731464e-04
1.486747671888304827e-04
1.216429913363158372e-04
1.351588792625731464e-04
1.486747671888304827e-04
1.351588792625731464e-04
1.216429913363158372e-04
1.486747671888304827e-04
1.351588792625731464e-04
1.351588792625731464e-04
1.351588792625731464e-04
1.351588792625731464e-04
1.351588792625731464e-04
1.351588792625731464e-04
1.351588792625731464e-04
1.081271034100585279e-04
5.406355170502926397e-05
9.461121548380120518e-05
1.351588792625731464e-04
1.351588792625731464e-04
1.351588792625731464e-04
1.351588792625731464e-04
1.081271034100585279e-04
1.351588792625731464e-04
1.081271034100585279e-04
1.351588792625731464e-04
1.351588792625731464e-04
1.216429913363158372e-04
1.351588792625731464e-04
1.351588792625731464e-04
1.351588792625731464e-04
1.351588792625731464e-04
1.216429913363158372e-04
1.351588792625731464e-04
1.351588792625731464e-04
1.351588792625731464e-04
1.351588792625731464e-04
1.351588792625731464e-04
1.351588792625731464e-04
1.351588792625731464e-04
9.461121548380120518e-05
1.081271034100585279e-04
1.216429913363158372e-04
1.216429913363158372e-04
1.216429913363158372e-04
1.216429913363158372e-04
1.216429913363158372e-04
1.216429913363158372e-04
9.461121548380120518e-05
1.216429913363158372e-04
1.216429913363158372e-04
1.216429913363158372e-04
1.216429913363158372e-04
1.216429913363158372e-04
1.216429913363158372e-04
1.216429913363158372e-04
1.081271034100585279e-04
1.216429913363158372e-04
1.216429913363158372e-04
1.081271034100585279e-04
1.081271034100585279e-04
8.109532755754389596e-05
8.109532755754389596e-05
1.081271034100585279e-04
8.109532755754389596e-05
1.081271034100585279e-04
1.081271034100585279e-04
1.081271034100585279e-04
8.109532755754389596e-05
1.081271034100585279e-04
1.081271034100585279e-04
8.109532755754389596e-05
1.081271034100585279e-04
1.081271034100585279e-04
1.081271034100585279e-04
8.109532755754389596e-05
1.081271034100585279e-04
8.109532755754389596e-05
1.081271034100585279e-04
1.081271034100585279e-04
8.109532755754389596e-05
6.757943963128657319e-05
1.081271034100585279e-04
1.081271034100585279e-04
1.081271034100585279e-04
1.081271034100585279e-04
1.081271034100585279e-04
9.461121548380120518e-05
1.081271034100585279e-04
1.081271034100585279e-04
1.081271034100585279e-04
1.081271034100585279e-04
1.081271034100585279e-04
5.406355170502926397e-05
1.081271034100585279e-04
1.081271034100585279e-04
1.081271034100585279e-04
1.081271034100585279e-04
1.081271034100585279e-04
8.109532755754389596e-05
1.081271034100585279e-04
1.081271034100585279e-04
8.109532755754389596e-05
1.081271034100585279e-04
1.081271034100585279e-04
1.081271034100585279e-04
1.081271034100585279e-04
1.081271034100585279e-04
6.757943963128657319e-05
8.109532755754389596e-05
1.081271034100585279e-04
8.109532755754389596e-05
1.081271034100585279e-04
9.461121548380120518e-05
8.109532755754389596e-05
9.461121548380120518e-05
9.461121548380120518e-05
6.757943963128657319e-05
9.461121548380120518e-05
9.461121548380120518e-05
9.461121548380120518e-05
9.461121548380120518e-05
9.461121548380120518e-05
9.461121548380120518e-05
8.109532755754389596e-05
9.461121548380120518e-05
9.461121548380120518e-05
9.461121548380120518e-05
9.461121548380120518e-05
9.461121548380120518e-05
9.461121548380120518e-05
8.109532755754389596e-05
4.054766377877194798e-05
5.406355170502926397e-05
8.109532755754389596e-05
6.757943963128657319e-05
8.109532755754389596e-05
8.109532755754389596e-05
8.109532755754389596e-05
8.109532755754389596e-05
8.109532755754389596e-05
5.406355170502926397e-05
8.109532755754389596e-05
6.757943963128657319e-05
8.109532755754389596e-05
8.109532755754389596e-05
8.109532755754389596e-05
8.109532755754389596e-05
8.109532755754389596e-05
8.109532755754389596e-05
2.703177585251463199e-05
6.757943963128657319e-05
8.109532755754389596e-05
8.109532755754389596e-05
8.109532755754389596e-05
8.109532755754389596e-05
8.109532755754389596e-05
8.109532755754389596e-05
8.109532755754389596e-05
5.406355170502926397e-05
8.109532755754389596e-05
8.109532755754389596e-05
8.109532755754389596e-05
8.109532755754389596e-05
5.406355170502926397e-05
8.109532755754389596e-05
8.109532755754389596e-05
8.109532755754389596e-05
8.109532755754389596e-05
5.406355170502926397e-05
8.109532755754389596e-05
8.109532755754389596e-05
6.757943963128657319e-05
8.109532755754389596e-05
8.109532755754389596e-05
4.054766377877194798e-05
8.109532755754389596e-05
6.757943963128657319e-05
8.109532755754389596e-05
5.406355170502926397e-05
8.109532755754389596e-05
8.109532755754389596e-05
4.054766377877194798e-05
8.109532755754389596e-05
8.109532755754389596e-05
8.109532755754389596e-05
8.109532755754389596e-05
6.757943963128657319e-05
6.757943963128657319e-05
4.054766377877194798e-05
5.406355170502926397e-05
6.757943963128657319e-05
6.757943963128657319e-05
5.406355170502926397e-05
1.351588792625731599e-05
6.757943963128657319e-05
6.757943963128657319e-05
5.406355170502926397e-05
6.757943963128657319e-05
5.406355170502926397e-05
4.054766377877194798e-05
5.406355170502926397e-05
6.757943963128657319e-05
6.757943963128657319e-05
6.757943963128657319e-05
4.054766377877194798e-05
6.757943963128657319e-05
6.757943963128657319e-05
6.757943963128657319e-05
5.406355170502926397e-05
6.757943963128657319e-05
6.757943963128657319e-05
6.757943963128657319e-05
5.406355170502926397e-05
6.757943963128657319e-05
6.757943963128657319e-05
6.757943963128657319e-05
1.351588792625731599e-05
2.703177585251463199e-05
5.406355170502926397e-05
5.406355170502926397e-05
5.406355170502926397e-05
5.406355170502926397e-05
5.406355170502926397e-05
5.406355170502926397e-05
2.703177585251463199e-05
2.703177585251463199e-05
4.054766377877194798e-05
5.406355170502926397e-05
5.406355170502926397e-05
5.406355170502926397e-05
4.054766377877194798e-05
5.406355170502926397e-05
5.406355170502926397e-05
5.406355170502926397e-05
5.406355170502926397e-05
5.406355170502926397e-05
2.703177585251463199e-05
2.703177585251463199e-05
5.406355170502926397e-05
5.406355170502926397e-05
5.406355170502926397e-05
4.054766377877194798e-05
5.406355170502926397e-05
4.054766377877194798e-05
5.406355170502926397e-05
5.406355170502926397e-05
5.406355170502926397e-05
5.406355170502926397e-05
5.406355170502926397e-05
5.406355170502926397e-05
5.406355170502926397e-05
5.406355170502926397e-05
5.406355170502926397e-05
5.406355170502926397e-05
2.703177585251463199e-05
5.406355170502926397e-05
5.406355170502926397e-05
5.406355170502926397e-05
2.703177585251463199e-05
5.406355170502926397e-05
5.406355170502926397e-05
5.406355170502926397e-05
5.406355170502926397e-05
5.406355170502926397e-05
2.703177585251463199e-05
5.406355170502926397e-05
5.406355170502926397e-05
2.703177585251463199e-05
2.703177585251463199e-05
2.703177585251463199e-05
5.406355170502926397e-05
2.703177585251463199e-05
2.703177585251463199e-05
5.406355170502926397e-05
2.703177585251463199e-05
5.406355170502926397e-05
4.054766377877194798e-05
5.406355170502926397e-05
5.406355170502926397e-05
5.406355170502926397e-05
5.406355170502926397e-05
2.703177585251463199e-05
5.406355170502926397e-05
5.406355170502926397e-05
4.054766377877194798e-05
2.703177585251463199e-05
2.703177585251463199e-05
5.406355170502926397e-05
5.406355170502926397e-05
5.406355170502926397e-05
5.406355170502926397e-05
5.406355170502926397e-05
5.406355170502926397e-05
2.703177585251463199e-05
5.406355170502926397e-05
