2.694447931048910005e-02
2.648424752102422619e-02
2.227242932652748197e-02
2.249557201232863304e-02
2.274660753385493103e-02
2.094751962958314034e-02
2.026414515431711194e-02
1.835348590714475092e-02
1.238441906196393466e-02
1.161736607952247417e-02
1.168709816883533453e-02
1.224495488333821394e-02
1.016693862181498702e-02
9.999581607464122848e-03
8.911761014183507482e-03
9.148850117847230276e-03
8.242332956780050804e-03
9.051225192809226466e-03
8.814136089145503672e-03
8.674671910519782952e-03
8.590993403344350868e-03
8.033136688841471459e-03
7.837886838765463840e-03
7.656583406552027078e-03
7.210298034949723205e-03
7.154512363499435437e-03
6.861637588385423141e-03
6.666387738309415521e-03
6.694280574034558971e-03
6.638494902584271204e-03
6.471137888233407034e-03
5.731977741517091732e-03
6.220102366707111648e-03
6.122477441669106971e-03
6.303780873882542865e-03
6.303780873882542865e-03
6.038798934493674886e-03
5.662245652204231372e-03
5.676192070066803097e-03
5.313585205639931308e-03
5.620406398616515330e-03
5.243853116327071816e-03
5.369370877090219076e-03
5.313585205639931308e-03
5.285692369914786991e-03
5.299638787777359583e-03
5.383317294952791668e-03
5.034656848388491604e-03
5.062549684113635054e-03
4.853353416175055710e-03
4.909139087625343477e-03
4.755728491137051032e-03
4.658103566099047223e-03
4.672049983961619815e-03
4.644157148236475498e-03
4.699942819686763265e-03
4.658103566099047223e-03
4.295496701672175434e-03
4.128139687321311264e-03
4.239711030221887667e-03
4.044461180145879180e-03
3.835264912207299402e-03
4.156032523046455582e-03
3.709747151444151708e-03
3.779479240757011634e-03
3.849211330069871560e-03
3.835264912207299402e-03
3.640015062131291782e-03
3.737639987169295592e-03
3.416872376330139412e-03
3.361086704879851644e-03
3.612122226406147465e-03
3.333193869154707761e-03
3.249515361979275676e-03
3.277408197704419560e-03
3.123997601216127549e-03
2.329051783049523611e-03
2.663765811751251517e-03
2.691658647476395834e-03
2.928747751140119496e-03
3.291354615566991718e-03
2.942694169002691654e-03
2.914801333277547771e-03
2.859015661827259570e-03
2.928747751140119496e-03
2.775337154651827485e-03
2.719551483201539718e-03
2.663765811751251517e-03
2.510355215262959506e-03
2.538248050988103823e-03
2.607980140300963749e-03
2.273266111599235844e-03
2.398783872362383537e-03
2.468515961675243897e-03
2.440623125950099580e-03
2.259319693736663685e-03
2.496408797400387781e-03
2.370891036637239654e-03
2.510355215262959506e-03
2.273266111599235844e-03
2.008284172210367865e-03
2.356944618774667929e-03
2.217480440148947643e-03
2.231426858011519802e-03
2.064069843660655632e-03
2.147748350836087717e-03
2.287212529461807569e-03
2.231426858011519802e-03
2.398783872362383537e-03
2.189587604423803759e-03
2.175641186561231601e-03
2.189587604423803759e-03
2.175641186561231601e-03
2.217480440148947643e-03
2.022230590072939590e-03
2.036177007935511749e-03
2.105909097248371675e-03
2.008284172210367865e-03
2.050123425798083907e-03
2.008284172210367865e-03
1.938552082897507722e-03
1.464373875570059748e-03
2.133801932973515558e-03
1.840927157859503695e-03
1.938552082897507722e-03
1.826980739996931754e-03
1.924605665034935780e-03
1.799087904271787870e-03
1.924605665034935780e-03
1.896712829309791680e-03
1.938552082897507722e-03
1.743302232821499886e-03
1.868819993584647796e-03
1.785141486409215711e-03
1.785141486409215711e-03
1.799087904271787870e-03
1.952498500760079881e-03
1.701462979233783843e-03
1.673570143508639743e-03
1.799087904271787870e-03
1.715409397096355785e-03
1.548052382745491833e-03
1.617784472058351759e-03
1.673570143508639743e-03
1.575945218470635716e-03
1.603838054195779817e-03
1.631730889920923917e-03
1.492266711295203848e-03
1.687516561371211902e-03
1.645677307783495859e-03
1.087820593280615800e-03
1.506213129157775790e-03
1.534105964882919891e-03
1.520159547020347732e-03
1.436481039844915864e-03
1.408588204119771764e-03
1.380695368394627880e-03
1.492266711295203848e-03
1.520159547020347732e-03
1.380695368394627880e-03
1.408588204119771764e-03
1.436481039844915864e-03
1.227284771906335869e-03
1.366748950532055938e-03
1.241231189768907811e-03
1.199391936181191769e-03
1.478320293432631907e-03
1.241231189768907811e-03
1.422534621982343922e-03
1.422534621982343922e-03
1.297016861219195795e-03
1.380695368394627880e-03
1.380695368394627880e-03
1.283070443356623853e-03
1.297016861219195795e-03
1.283070443356623853e-03
1.115713429005759901e-03
1.297016861219195795e-03
1.269124025494051912e-03
1.171499100456047885e-03
1.255177607631479753e-03
1.157552682593475943e-03
6.973208931285999109e-04
1.241231189768907811e-03
1.032034921830327816e-03
1.059927757555471917e-03
1.143606264730903785e-03
1.143606264730903785e-03
1.129659846868331843e-03
1.115713429005759901e-03
1.199391936181191769e-03
1.101767011143187959e-03
1.087820593280615800e-03
1.073874175418043858e-03
1.059927757555471917e-03
1.059927757555471917e-03
1.059927757555471917e-03
9.204635789297518477e-04
9.762492503800399403e-04
9.762492503800399403e-04
1.101767011143187959e-03
1.045981339692899975e-03
6.694280574034559188e-04
1.032034921830327816e-03
1.115713429005759901e-03
1.032034921830327816e-03
1.032034921830327816e-03
9.344099967923238980e-04
1.018088503967755874e-03
1.004142086105183932e-03
9.204635789297518477e-04
1.032034921830327816e-03
1.018088503967755874e-03
9.901956682426119906e-04
8.507314896168919217e-04
9.344099967923238980e-04
8.786243253420359138e-04
1.004142086105183932e-03
9.623028325174678901e-04
9.483564146548958398e-04
9.344099967923238980e-04
9.483564146548958398e-04
8.925707432046078556e-04
8.646779074794638635e-04
8.925707432046078556e-04
8.646779074794638635e-04
5.578567145028799504e-04
8.925707432046078556e-04
8.646779074794638635e-04
9.483564146548958398e-04
7.949458181666039375e-04
8.088922360291758793e-04
8.786243253420359138e-04
8.507314896168919217e-04
8.646779074794638635e-04
8.228386538917479296e-04
8.367850717543198714e-04
5.578567145028799504e-04
8.367850717543198714e-04
7.670529824414599454e-04
7.670529824414599454e-04
8.786243253420359138e-04
8.088922360291758793e-04
7.670529824414599454e-04
7.949458181666039375e-04
7.670529824414599454e-04
8.507314896168919217e-04
6.415352216783119267e-04
7.252137288537439030e-04
7.949458181666039375e-04
6.554816395408839770e-04
8.507314896168919217e-04
8.367850717543198714e-04
7.809994003040318872e-04
7.531065645788878951e-04
7.252137288537439030e-04
7.809994003040318872e-04
6.973208931285999109e-04
7.252137288537439030e-04
7.531065645788878951e-04
5.578567145028799504e-04
7.391601467163159533e-04
6.833744752660279691e-04
7.112673109911719612e-04
6.833744752660279691e-04
7.391601467163159533e-04
6.973208931285999109e-04
6.554816395408839770e-04
6.415352216783119267e-04
7.112673109911719612e-04
6.275888038157398765e-04
5.996959680905958844e-04
6.136423859531679346e-04
6.275888038157398765e-04
6.136423859531679346e-04
6.694280574034559188e-04
6.136423859531679346e-04
6.136423859531679346e-04
5.857495502280239425e-04
5.578567145028799504e-04
6.833744752660279691e-04
5.718031323654518923e-04
6.136423859531679346e-04
6.415352216783119267e-04
5.996959680905958844e-04
5.718031323654518923e-04
6.415352216783119267e-04
6.275888038157398765e-04
4.323389537397319318e-04
5.996959680905958844e-04
5.857495502280239425e-04
5.857495502280239425e-04
5.718031323654518923e-04
5.718031323654518923e-04
5.996959680905958844e-04
6.275888038157398765e-04
5.439102966403079002e-04
5.299638787777359583e-04
5.857495502280239425e-04
4.183925358771599357e-04
5.857495502280239425e-04
5.299638787777359583e-04
5.439102966403079002e-04
5.857495502280239425e-04
4.741782073274479199e-04
5.578567145028799504e-04
5.299638787777359583e-04
4.741782073274479199e-04
5.718031323654518923e-04
5.160174609151639081e-04
5.439102966403079002e-04
5.578567145028799504e-04
5.020710430525919662e-04
5.299638787777359583e-04
5.299638787777359583e-04
5.299638787777359583e-04
5.439102966403079002e-04
5.299638787777359583e-04
5.578567145028799504e-04
5.578567145028799504e-04
5.160174609151639081e-04
4.881246251900199702e-04
5.020710430525919662e-04
5.299638787777359583e-04
4.602317894648759239e-04
5.299638787777359583e-04
4.183925358771599357e-04
4.462853716023039278e-04
5.020710430525919662e-04
4.602317894648759239e-04
5.299638787777359583e-04
5.160174609151639081e-04
4.741782073274479199e-04
4.323389537397319318e-04
4.602317894648759239e-04
4.741782073274479199e-04
5.020710430525919662e-04
4.462853716023039278e-04
4.183925358771599357e-04
4.183925358771599357e-04
5.020710430525919662e-04
4.462853716023039278e-04
4.741782073274479199e-04
4.183925358771599357e-04
4.462853716023039278e-04
4.602317894648759239e-04
4.602317894648759239e-04
4.462853716023039278e-04
3.486604465642999555e-04
4.323389537397319318e-04
4.183925358771599357e-04
4.741782073274479199e-04
4.741782073274479199e-04
4.183925358771599357e-04
4.462853716023039278e-04
3.904997001520159436e-04
3.904997001520159436e-04
4.462853716023039278e-04
4.044461180145879397e-04
4.183925358771599357e-04
4.462853716023039278e-04
4.323389537397319318e-04
3.904997001520159436e-04
4.462853716023039278e-04
3.904997001520159436e-04
4.044461180145879397e-04
3.904997001520159436e-04
4.183925358771599357e-04
4.183925358771599357e-04
4.044461180145879397e-04
4.044461180145879397e-04
4.183925358771599357e-04
3.347140287017279594e-04
2.928747751140119713e-04
4.183925358771599357e-04
3.765532822894439476e-04
3.626068644268719515e-04
4.044461180145879397e-04
3.486604465642999555e-04
4.044461180145879397e-04
3.486604465642999555e-04
3.765532822894439476e-04
3.904997001520159436e-04
3.486604465642999555e-04
3.207676108391559634e-04
3.904997001520159436e-04
3.765532822894439476e-04
3.904997001520159436e-04
3.347140287017279594e-04
3.904997001520159436e-04
3.347140287017279594e-04
3.486604465642999555e-04
3.765532822894439476e-04
3.486604465642999555e-04
3.904997001520159436e-04
3.765532822894439476e-04
3.765532822894439476e-04
3.765532822894439476e-04
3.626068644268719515e-04
3.347140287017279594e-04
3.626068644268719515e-04
3.347140287017279594e-04
2.928747751140119713e-04
3.207676108391559634e-04
3.486604465642999555e-04
2.789283572514399752e-04
2.510355215262959831e-04
3.347140287017279594e-04
3.347140287017279594e-04
3.486604465642999555e-04
2.649819393888679792e-04
3.068211929765839673e-04
3.347140287017279594e-04
3.347140287017279594e-04
3.207676108391559634e-04
3.068211929765839673e-04
1.813034322134359758e-04
3.207676108391559634e-04
3.486604465642999555e-04
2.928747751140119713e-04
2.789283572514399752e-04
3.347140287017279594e-04
3.207676108391559634e-04
2.091962679385799679e-04
3.347140287017279594e-04
2.510355215262959831e-04
2.928747751140119713e-04
3.207676108391559634e-04
2.370891036637239600e-04
2.928747751140119713e-04
2.789283572514399752e-04
2.649819393888679792e-04
2.091962679385799679e-04
2.928747751140119713e-04
3.068211929765839673e-04
2.789283572514399752e-04
2.370891036637239600e-04
2.928747751140119713e-04
2.649819393888679792e-04
3.068211929765839673e-04
2.649819393888679792e-04
3.068211929765839673e-04
3.068211929765839673e-04
2.510355215262959831e-04
2.649819393888679792e-04
2.789283572514399752e-04
2.789283572514399752e-04
2.231426858011519639e-04
2.510355215262959831e-04
2.370891036637239600e-04
2.370891036637239600e-04
2.510355215262959831e-04
2.510355215262959831e-04
2.370891036637239600e-04
2.510355215262959831e-04
2.091962679385799679e-04
2.370891036637239600e-04
2.510355215262959831e-04
2.789283572514399752e-04
2.370891036637239600e-04
2.091962679385799679e-04
2.649819393888679792e-04
2.649819393888679792e-04
2.091962679385799679e-04
1.115713429005759820e-04
2.370891036637239600e-04
2.091962679385799679e-04
2.510355215262959831e-04
2.231426858011519639e-04
1.952498500760079718e-04
2.510355215262959831e-04
2.370891036637239600e-04
2.510355215262959831e-04
2.510355215262959831e-04
1.813034322134359758e-04
2.231426858011519639e-04
2.510355215262959831e-04
1.952498500760079718e-04
2.091962679385799679e-04
2.091962679385799679e-04
2.510355215262959831e-04
2.370891036637239600e-04
2.231426858011519639e-04
2.510355215262959831e-04
1.813034322134359758e-04
2.510355215262959831e-04
2.510355215262959831e-04
2.231426858011519639e-04
2.231426858011519639e-04
2.091962679385799679e-04
1.952498500760079718e-04
2.510355215262959831e-04
1.673570143508639797e-04
2.091962679385799679e-04
1.813034322134359758e-04
2.370891036637239600e-04
2.231426858011519639e-04
2.370891036637239600e-04
2.231426858011519639e-04
2.370891036637239600e-04
1.673570143508639797e-04
2.091962679385799679e-04
2.231426858011519639e-04
2.091962679385799679e-04
1.952498500760079718e-04
1.673570143508639797e-04
2.231426858011519639e-04
1.394641786257199876e-04
2.091962679385799679e-04
1.673570143508639797e-04
1.952498500760079718e-04
1.673570143508639797e-04
2.091962679385799679e-04
1.952498500760079718e-04
1.673570143508639797e-04
2.231426858011519639e-04
2.231426858011519639e-04
1.813034322134359758e-04
1.952498500760079718e-04
2.231426858011519639e-04
2.231426858011519639e-04
2.231426858011519639e-04
2.231426858011519639e-04
2.231426858011519639e-04
2.231426858011519639e-04
2.231426858011519639e-04
1.952498500760079718e-04
2.231426858011519639e-04
2.091962679385799679e-04
1.813034322134359758e-04
1.813034322134359758e-04
1.673570143508639797e-04
2.091962679385799679e-04
1.952498500760079718e-04
1.813034322134359758e-04
2.091962679385799679e-04
1.952498500760079718e-04
1.952498500760079718e-04
1.534105964882919837e-04
1.952498500760079718e-04
1.952498500760079718e-04
8.367850717543198985e-05
1.534105964882919837e-04
1.813034322134359758e-04
1.394641786257199876e-04
1.952498500760079718e-04
1.673570143508639797e-04
1.673570143508639797e-04
1.952498500760079718e-04
1.952498500760079718e-04
1.255177607631479916e-04
1.952498500760079718e-04
1.952498500760079718e-04
1.813034322134359758e-04
1.534105964882919837e-04
1.952498500760079718e-04
1.813034322134359758e-04
1.673570143508639797e-04
1.673570143508639797e-04
1.813034322134359758e-04
1.673570143508639797e-04
1.813034322134359758e-04
1.673570143508639797e-04
1.673570143508639797e-04
1.534105964882919837e-04
1.813034322134359758e-04
1.534105964882919837e-04
1.813034322134359758e-04
1.394641786257199876e-04
1.673570143508639797e-04
1.813034322134359758e-04
1.673570143508639797e-04
1.673570143508639797e-04
1.255177607631479916e-04
1.673570143508639797e-04
1.673570143508639797e-04
1.394641786257199876e-04
1.673570143508639797e-04
1.673570143508639797e-04
1.673570143508639797e-04
1.673570143508639797e-04
1.673570143508639797e-04
1.394641786257199876e-04
1.673570143508639797e-04
1.673570143508639797e-04
1.673570143508639797e-04
8.367850717543198985e-05
1.394641786257199876e-04
1.673570143508639797e-04
1.673570143508639797e-04
1.673570143508639797e-04
1.673570143508639797e-04
1.115713429005759820e-04
1.115713429005759820e-04
1.255177607631479916e-04
1.394641786257199876e-04
1.394641786257199876e-04
1.394641786257199876e-04
9.762492503800398590e-05
1.534105964882919837e-04
1.534105964882919837e-04
1.534105964882919837e-04
1.534105964882919837e-04
1.255177607631479916e-04
1.534105964882919837e-04
9.762492503800398590e-05
1.115713429005759820e-04
1.394641786257199876e-04
1.534105964882919837e-04
1.534105964882919837e-04
1.394641786257199876e-04
1.255177607631479916e-04
1.534105964882919837e-04
1.394641786257199876e-04
1.394641786257199876e-04
1.394641786257199876e-04
1.255177607631479916e-04
8.367850717543198985e-05
1.394641786257199876e-04
1.394641786257199876e-04
1.394641786257199876e-04
1.255177607631479916e-04
1.115713429005759820e-04
1.394641786257199876e-04
1.255177607631479916e-04
1.255177607631479916e-04
2.789283572514399549e-05
1.255177607631479916e-04
1.255177607631479916e-04
1.394641786257199876e-04
1.394641786257199876e-04
1.255177607631479916e-04
1.394641786257199876e-04
1.394641786257199876e-04
1.115713429005759820e-04
1.394641786257199876e-04
1.255177607631479916e-04
1.394641786257199876e-04
8.367850717543198985e-05
1.115713429005759820e-04
1.255177607631479916e-04
1.394641786257199876e-04
0.000000000000000000e+00
1.394641786257199876e-04
1.115713429005759820e-04
1.115713429005759820e-04
1.255177607631479916e-04
1.255177607631479916e-04
1.255177607631479916e-04
6.973208931285999380e-05
1.255177607631479916e-04
1.255177607631479916e-04
1.115713429005759820e-04
1.255177607631479916e-04
1.255177607631479916e-04
1.115713429005759820e-04
9.762492503800398590e-05
1.255177607631479916e-04
1.255177607631479916e-04
1.255177607631479916e-04
1.255177607631479916e-04
1.255177607631479916e-04
9.762492503800398590e-05
1.115713429005759820e-04
9.762492503800398590e-05
5.578567145028799098e-05
1.115713429005759820e-04
5.578567145028799098e-05
1.115713429005759820e-04
1.115713429005759820e-04
1.115713429005759820e-04
6.973208931285999380e-05
1.115713429005759820e-04
1.115713429005759820e-04
8.367850717543198985e-05
1.115713429005759820e-04
0.000000000000000000e+00
9.762492503800398590e-05
0.000000000000000000e+00
1.115713429005759820e-04
1.115713429005759820e-04
1.115713429005759820e-04
9.762492503800398590e-05
1.115713429005759820e-04
1.115713429005759820e-04
9.762492503800398590e-05
1.115713429005759820e-04
1.115713429005759820e-04
1.115713429005759820e-04
1.115713429005759820e-04
8.367850717543198985e-05
8.367850717543198985e-05
1.115713429005759820e-04
1.115713429005759820e-04
1.115713429005759820e-04
8.367850717543198985e-05
9.762492503800398590e-05
1.115713429005759820e-04
1.115713429005759820e-04
1.115713429005759820e-04
1.115713429005759820e-04
5.578567145028799098e-05
1.115713429005759820e-04
1.115713429005759820e-04
8.367850717543198985e-05
1.115713429005759820e-04
1.115713429005759820e-04
1.115713429005759820e-04
1.115713429005759820e-04
1.115713429005759820e-04
1.115713429005759820e-04
1.115713429005759820e-04
1.115713429005759820e-04
1.115713429005759820e-04
1.115713429005759820e-04
8.367850717543198985e-05
1.115713429005759820e-04
9.762492503800398590e-05
8.367850717543198985e-05
9.762492503800398590e-05
9.762492503800398590e-05
9.762492503800398590e-05
9.762492503800398590e-05
9.762492503800398590e-05
9.762492503800398590e-05
5.578567145028799098e-05
9.762492503800398590e-05
9.762492503800398590e-05
6.973208931285999380e-05
8.367850717543198985e-05
9.762492503800398590e-05
9.762492503800398590e-05
8.367850717543198985e-05
8.367850717543198985e-05
8.367850717543198985e-05
8.367850717543198985e-05
4.183925358771599493e-05
8.367850717543198985e-05
8.367850717543198985e-05
8.367850717543198985e-05
8.367850717543198985e-05
8.367850717543198985e-05
8.367850717543198985e-05
5.578567145028799098e-05
8.367850717543198985e-05
6.973208931285999380e-05
8.367850717543198985e-05
8.367850717543198985e-05
5.578567145028799098e-05
8.367850717543198985e-05
8.367850717543198985e-05
8.367850717543198985e-05
8.367850717543198985e-05
6.973208931285999380e-05
8.367850717543198985e-05
8.367850717543198985e-05
8.367850717543198985e-05
8.367850717543198985e-05
6.973208931285999380e-05
8.367850717543198985e-05
8.367850717543198985e-05
8.367850717543198985e-05
8.367850717543198985e-05
8.367850717543198985e-05
8.367850717543198985e-05
5.578567145028799098e-05
8.367850717543198985e-05
8.367850717543198985e-05
5.578567145028799098e-05
5.578567145028799098e-05
8.367850717543198985e-05
6.973208931285999380e-05
8.367850717543198985e-05
8.367850717543198985e-05
8.367850717543198985e-05
8.367850717543198985e-05
6.973208931285999380e-05
8.367850717543198985e-05
8.367850717543198985e-05
8.367850717543198985e-05
8.367850717543198985e-05
8.367850717543198985e-05
8.367850717543198985e-05
5.578567145028799098e-05
0.000000000000000000e+00
5.578567145028799098e-05
4.183925358771599493e-05
8.367850717543198985e-05
8.367850717543198985e-05
8.367850717543198985e-05
2.789283572514399549e-05
6.973208931285999380e-05
6.973208931285999380e-05
6.973208931285999380e-05
6.973208931285999380e-05
4.183925358771599493e-05
6.973208931285999380e-05
5.578567145028799098e-05
6.973208931285999380e-05
6.973208931285999380e-05
6.973208931285999380e-05
4.183925358771599493e-05
6.973208931285999380e-05
5.578567145028799098e-05
6.973208931285999380e-05
6.973208931285999380e-05
5.578567145028799098e-05
6.973208931285999380e-05
6.973208931285999380e-05
6.973208931285999380e-05
6.973208931285999380e-05
4.183925358771599493e-05
6.973208931285999380e-05
5.578567145028799098e-05
6.973208931285999380e-05
4.183925358771599493e-05
6.973208931285999380e-05
6.973208931285999380e-05
2.789283572514399549e-05
6.973208931285999380e-05
6.973208931285999380e-05
6.973208931285999380e-05
5.578567145028799098e-05
5.578567145028799098e-05
2.789283572514399549e-05
5.578567145028799098e-05
5.578567145028799098e-05
5.578567145028799098e-05
5.578567145028799098e-05
5.578567145028799098e-05
5.578567145028799098e-05
5.578567145028799098e-05
5.578567145028799098e-05
5.578567145028799098e-05
5.578567145028799098e-05
5.578567145028799098e-05
0.000000000000000000e+00
5.578567145028799098e-05
5.578567145028799098e-05
5.578567145028799098e-05
5.578567145028799098e-05
5.578567145028799098e-05
5.578567145028799098e-05
5.578567145028799098e-05
5.578567145028799098e-05
5.578567145028799098e-05
5.578567145028799098e-05
5.578567145028799098e-05
5.578567145028799098e-05
5.578567145028799098e-05
0.000000000000000000e+00
2.789283572514399549e-05
2.789283572514399549e-05
2.789283572514399549e-05
4.183925358771599493e-05
5.578567145028799098e-05
5.578567145028799098e-05
2.789283572514399549e-05
5.578567145028799098e-05
2.789283572514399549e-05
5.578567145028799098e-05
5.578567145028799098e-05
4.183925358771599493e-05
5.578567145028799098e-05
4.183925358771599493e-05
5.578567145028799098e-05
5.578567145028799098e-05
5.578567145028799098e-05
5.578567145028799098e-05
5.578567145028799098e-05
5.578567145028799098e-05
5.578567145028799098e-05
5.578567145028799098e-05
5.578567145028799098e-05
5.578567145028799098e-05
2.789283572514399549e-05
5.578567145028799098e-05
2.789283572514399549e-05
5.578567145028799098e-05
5.578567145028799098e-05
5.578567145028799098e-05
5.578567145028799098e-05
5.578567145028799098e-05
5.578567145028799098e-05
4.183925358771599493e-05
5.578567145028799098e-05
2.789283572514399549e-05
5.578567145028799098e-05
5.578567145028799098e-05
5.578567145028799098e-05
5.578567145028799098e-05
5.578567145028799098e-05
2.789283572514399549e-05
5.578567145028799098e-05
5.578567145028799098e-05
5.578567145028799098e-05
5.578567145028799098e-05
2.789283572514399549e-05
2.789283572514399549e-05
5.578567145028799098e-05
