2.571879469349509437e-02
2.476944321152044215e-02
2.121862208413473339e-02
2.105834196380135248e-02
1.980075948118557860e-02
2.079942792326280876e-02
1.071410958228534785e-02
1.726093603590274708e-02
1.675543719485131020e-02
1.171277802436257801e-02
1.145386398382403775e-02
2.872712925975243019e-03
1.097302362282388984e-02
1.086206046259308514e-02
9.962025940721014328e-03
9.394880899541352415e-03
9.382551659515707063e-03
8.988015978695073141e-03
8.001676776643488337e-03
8.100310696848645950e-03
7.607141095822853548e-03
8.050993736746066276e-03
7.261922375104798433e-03
7.150959214873995468e-03
7.150959214873995468e-03
6.744094294027716194e-03
6.583814173694333555e-03
6.448192533412240753e-03
6.435863293386595400e-03
6.189278492873699633e-03
6.275583173053212761e-03
6.016669132514671642e-03
5.560487251565813561e-03
5.782413572027420359e-03
5.363219411155496601e-03
5.511170291463233888e-03
5.745425851950486038e-03
5.511170291463233888e-03
5.819401292104354681e-03
5.412536371258075407e-03
5.301573211027272442e-03
5.116634610642599966e-03
5.264585490950338120e-03
4.623465009616807564e-03
4.709769689796320692e-03
4.746757409873255014e-03
4.870049810129703331e-03
4.709769689796320692e-03
4.746757409873255014e-03
4.759086649898900366e-03
4.635794249642452049e-03
4.660452729693741886e-03
4.820732850027124525e-03
4.339892489026976607e-03
4.019332248360211329e-03
4.179612368693593968e-03
4.524831089411649084e-03
4.278246288898752449e-03
4.105636928539724458e-03
4.672781969719386370e-03
4.500172609360359247e-03
3.415199487103615095e-03
3.957686048231987171e-03
3.896039848103763012e-03
3.809735167924249016e-03
3.686442767667801133e-03
3.920698328155052849e-03
3.254919366770232456e-03
3.464516447206194335e-03
3.686442767667801133e-03
2.601469645411056981e-03
3.390541007052325258e-03
3.378211767026680339e-03
3.464516447206194335e-03
3.427528727129259579e-03
2.946688366129111662e-03
3.143956206539429057e-03
3.390541007052325258e-03
2.626128125462346384e-03
2.391872564975095102e-03
3.008334566257335821e-03
3.032993046308625658e-03
3.119297726488139220e-03
2.934359126103467177e-03
3.168614686590718460e-03
3.119297726488139220e-03
2.650786605513636221e-03
3.131626966513784138e-03
2.811066725847018860e-03
2.934359126103467177e-03
2.872712925975243019e-03
2.922029886077822259e-03
2.589140405385412062e-03
2.885042166000887504e-03
2.453518765103318826e-03
2.638457365487991303e-03
2.761749765744439620e-03
2.330226364846870943e-03
2.367214084923805265e-03
2.428860285052029423e-03
2.071312324308329823e-03
2.515164965231542985e-03
1.997336884154460746e-03
2.354884844898160346e-03
2.404201805000739586e-03
2.391872564975095102e-03
2.219263204616067544e-03
2.182275484539133222e-03
2.009666124180105665e-03
2.231592444641712462e-03
2.169946244513488304e-03
2.280909404744291703e-03
1.578142723282536771e-03
2.046653844257039986e-03
2.108300044385264145e-03
1.010997682102875075e-03
1.861715243872367727e-03
1.960349164077526424e-03
2.034324604231395068e-03
8.260590817182029240e-04
1.923361444000591886e-03
1.985007644128815828e-03
1.874044483898012429e-03
1.972678404103170909e-03
1.837056763821078107e-03
1.923361444000591886e-03
1.763081323667209247e-03
1.837056763821078107e-03
1.701435123538985088e-03
1.578142723282536771e-03
7.890713616412683854e-04
1.541155003205602449e-03
1.800069043744143569e-03
1.824727523795433189e-03
1.479508803077378290e-03
1.886373723923657347e-03
1.491838043103023209e-03
1.763081323667209247e-03
1.837056763821078107e-03
1.713764363564629790e-03
1.713764363564629790e-03
1.615130443359471309e-03
1.689105883513340170e-03
1.738422843615919410e-03
1.664447403462050550e-03
1.750752083641564328e-03
1.800069043744143569e-03
1.565813483256892069e-03
1.713764363564629790e-03
1.627459683385116228e-03
9.123637618977165943e-04
1.393204122897864512e-03
1.738422843615919410e-03
1.491838043103023209e-03
1.528825763179957531e-03
1.442521083000443752e-03
1.541155003205602449e-03
1.417862602949154132e-03
1.467179563051733589e-03
1.479508803077378290e-03
1.467179563051733589e-03
1.430191842974799050e-03
1.442521083000443752e-03
1.467179563051733589e-03
1.590471963308181689e-03
1.442521083000443752e-03
1.171277802436257931e-03
1.504167283128667910e-03
1.417862602949154132e-03
1.343887162795285271e-03
1.504167283128667910e-03
1.343887162795285271e-03
1.306899442718350733e-03
1.294570202692706031e-03
1.319228682743995651e-03
1.380874882872219810e-03
9.740099620259407530e-04
1.023326922128519993e-03
1.380874882872219810e-03
1.294570202692706031e-03
1.380874882872219810e-03
1.343887162795285271e-03
1.158948562410613012e-03
8.753760418207821642e-04
1.368545642846574891e-03
1.195936282487547551e-03
1.220594762538837171e-03
1.183607042461902632e-03
1.282240962667061113e-03
1.269911722641416411e-03
1.220594762538837171e-03
1.306899442718350733e-03
1.343887162795285271e-03
1.183607042461902632e-03
1.257582482615771493e-03
1.220594762538837171e-03
1.232924002564481872e-03
1.010997682102875075e-03
1.220594762538837171e-03
1.171277802436257931e-03
1.134290082359323392e-03
1.183607042461902632e-03
1.158948562410613012e-03
1.023326922128519993e-03
1.121960842333678474e-03
1.171277802436257931e-03
1.023326922128519993e-03
1.072643882231099233e-03
1.146619322384968094e-03
9.986684420772303731e-04
1.047985402179809613e-03
1.035656162154164912e-03
9.863392020515854546e-04
6.904374414361099050e-04
9.863392020515854546e-04
1.060314642205454532e-03
9.123637618977165943e-04
9.246930019233614044e-04
9.493514819746511329e-04
1.010997682102875075e-03
8.877052818464269742e-04
9.493514819746511329e-04
9.370222419490062144e-04
9.986684420772303731e-04
9.986684420772303731e-04
9.000345218720717843e-04
1.023326922128519993e-03
9.000345218720717843e-04
5.548158011540168860e-04
9.493514819746511329e-04
1.023326922128519993e-03
1.010997682102875075e-03
9.616807220002959429e-04
9.986684420772303731e-04
9.986684420772303731e-04
8.507175617694925441e-04
8.877052818464269742e-04
9.863392020515854546e-04
9.863392020515854546e-04
8.137298416925581139e-04
8.630468017951373541e-04
9.740099620259407530e-04
8.383883217438477340e-04
9.616807220002959429e-04
9.616807220002959429e-04
9.123637618977165943e-04
7.027666814617547150e-04
9.246930019233614044e-04
8.260590817182029240e-04
8.507175617694925441e-04
8.630468017951373541e-04
8.753760418207821642e-04
8.877052818464269742e-04
7.644128815899787653e-04
7.890713616412683854e-04
8.753760418207821642e-04
8.014006016669133039e-04
8.383883217438477340e-04
8.383883217438477340e-04
8.137298416925581139e-04
8.507175617694925441e-04
8.014006016669133039e-04
7.520836415643339552e-04
5.301573211027272659e-04
6.657789613848202849e-04
7.397544015386891452e-04
7.520836415643339552e-04
7.274251615130443351e-04
8.014006016669133039e-04
7.520836415643339552e-04
7.150959214873995251e-04
7.767421216156235753e-04
7.890713616412683854e-04
7.027666814617547150e-04
4.561818809488582972e-04
7.274251615130443351e-04
7.150959214873995251e-04
6.781082014104650949e-04
7.520836415643339552e-04
6.534497213591753664e-04
6.657789613848202849e-04
5.918035212309513161e-04
5.918035212309513161e-04
7.274251615130443351e-04
5.794742812053065061e-04
7.397544015386891452e-04
7.274251615130443351e-04
7.397544015386891452e-04
6.781082014104650949e-04
6.287912413078857463e-04
6.657789613848202849e-04
6.781082014104650949e-04
6.781082014104650949e-04
6.411204813335305563e-04
6.657789613848202849e-04
5.918035212309513161e-04
5.671450411796616960e-04
5.671450411796616960e-04
5.918035212309513161e-04
6.287912413078857463e-04
6.287912413078857463e-04
5.301573211027272659e-04
6.041327612565961262e-04
2.095970804359619335e-04
6.164620012822409362e-04
5.301573211027272659e-04
6.534497213591753664e-04
2.095970804359619335e-04
5.301573211027272659e-04
5.548158011540168860e-04
5.178280810770824558e-04
5.178280810770824558e-04
5.918035212309513161e-04
5.794742812053065061e-04
5.671450411796616960e-04
5.178280810770824558e-04
6.041327612565961262e-04
5.301573211027272659e-04
5.054988410514375374e-04
5.918035212309513161e-04
5.424865611283720759e-04
5.548158011540168860e-04
5.424865611283720759e-04
5.918035212309513161e-04
4.808403610001479715e-04
5.918035212309513161e-04
5.671450411796616960e-04
5.671450411796616960e-04
5.794742812053065061e-04
4.808403610001479715e-04
5.671450411796616960e-04
5.301573211027272659e-04
1.232924002564481818e-04
5.178280810770824558e-04
1.356216402820930190e-04
5.178280810770824558e-04
6.164620012822409091e-05
5.178280810770824558e-04
5.548158011540168860e-04
5.548158011540168860e-04
5.548158011540168860e-04
4.808403610001479715e-04
5.301573211027272659e-04
5.178280810770824558e-04
4.808403610001479715e-04
4.191941608719238670e-04
9.863392020515854817e-05
4.315234008975686771e-04
4.315234008975686771e-04
5.301573211027272659e-04
4.068649208462790570e-04
5.054988410514375374e-04
5.178280810770824558e-04
5.178280810770824558e-04
4.191941608719238670e-04
9.863392020515854817e-05
8.630468017951373812e-05
4.808403610001479715e-04
4.685111209745031072e-04
5.178280810770824558e-04
4.931696010257927273e-04
4.685111209745031072e-04
7.397544015386891452e-05
4.561818809488582972e-04
5.054988410514375374e-04
4.315234008975686771e-04
4.931696010257927273e-04
4.808403610001479715e-04
4.068649208462790570e-04
4.685111209745031072e-04
4.561818809488582972e-04
4.808403610001479715e-04
4.438526409232134871e-04
4.931696010257927273e-04
4.931696010257927273e-04
4.438526409232134871e-04
4.931696010257927409e-05
3.822064407949893826e-04
3.698772007693445726e-05
4.191941608719238670e-04
4.561818809488582972e-04
4.068649208462790570e-04
4.561818809488582972e-04
4.315234008975686771e-04
4.808403610001479715e-04
2.465848005128963704e-05
4.438526409232134871e-04
4.685111209745031072e-04
4.685111209745031072e-04
4.068649208462790570e-04
4.561818809488582972e-04
4.315234008975686771e-04
3.822064407949893826e-04
4.068649208462790570e-04
3.822064407949893826e-04
4.561818809488582972e-04
2.835725205898308480e-04
4.191941608719238670e-04
3.452187207180549525e-04
1.232924002564481852e-05
4.068649208462790570e-04
1.232924002564481852e-05
4.191941608719238670e-04
3.452187207180549525e-04
1.232924002564481852e-05
1.232924002564481852e-05
1.232924002564481852e-05
1.232924002564481852e-05
3.945356808206341927e-04
4.315234008975686771e-04
4.315234008975686771e-04
3.822064407949893826e-04
3.328894806924101424e-04
4.315234008975686771e-04
3.822064407949893826e-04
4.315234008975686771e-04
4.315234008975686771e-04
4.068649208462790570e-04
3.822064407949893826e-04
3.328894806924101424e-04
3.822064407949893826e-04
4.068649208462790570e-04
3.328894806924101424e-04
4.068649208462790570e-04
4.068649208462790570e-04
3.082310006411204681e-04
3.452187207180549525e-04
4.068649208462790570e-04
4.068649208462790570e-04
3.328894806924101424e-04
4.068649208462790570e-04
3.822064407949893826e-04
3.822064407949893826e-04
3.822064407949893826e-04
3.822064407949893826e-04
3.082310006411204681e-04
3.575479607436997625e-04
3.822064407949893826e-04
3.822064407949893826e-04
3.822064407949893826e-04
3.205602406667652782e-04
3.328894806924101424e-04
3.698772007693445726e-04
3.328894806924101424e-04
3.698772007693445726e-04
3.328894806924101424e-04
3.698772007693445726e-04
3.082310006411204681e-04
3.082310006411204681e-04
3.698772007693445726e-04
2.959017606154756581e-04
3.575479607436997625e-04
3.575479607436997625e-04
3.575479607436997625e-04
2.589140405385412279e-04
3.452187207180549525e-04
2.589140405385412279e-04
3.328894806924101424e-04
3.575479607436997625e-04
3.082310006411204681e-04
3.328894806924101424e-04
3.452187207180549525e-04
3.328894806924101424e-04
2.589140405385412279e-04
3.452187207180549525e-04
3.205602406667652782e-04
3.452187207180549525e-04
1.972678404103170963e-04
3.328894806924101424e-04
2.835725205898308480e-04
3.328894806924101424e-04
2.835725205898308480e-04
2.712432805641860380e-04
3.082310006411204681e-04
2.835725205898308480e-04
3.205602406667652782e-04
2.959017606154756581e-04
3.205602406667652782e-04
3.205602406667652782e-04
2.959017606154756581e-04
3.205602406667652782e-04
3.205602406667652782e-04
2.712432805641860380e-04
2.959017606154756581e-04
2.959017606154756581e-04
2.835725205898308480e-04
3.082310006411204681e-04
3.205602406667652782e-04
3.205602406667652782e-04
3.205602406667652782e-04
3.082310006411204681e-04
3.082310006411204681e-04
3.082310006411204681e-04
3.082310006411204681e-04
2.342555604872515536e-04
2.835725205898308480e-04
2.835725205898308480e-04
2.959017606154756581e-04
2.959017606154756581e-04
2.835725205898308480e-04
2.835725205898308480e-04
2.959017606154756581e-04
2.835725205898308480e-04
2.959017606154756581e-04
2.959017606154756581e-04
2.835725205898308480e-04
2.465848005128963637e-04
2.342555604872515536e-04
2.589140405385412279e-04
8.630468017951373812e-05
2.835725205898308480e-04
2.589140405385412279e-04
2.835725205898308480e-04
2.712432805641860380e-04
2.835725205898308480e-04
2.589140405385412279e-04
2.095970804359619335e-04
2.835725205898308480e-04
2.835725205898308480e-04
2.219263204616067436e-04
2.465848005128963637e-04
2.342555604872515536e-04
2.465848005128963637e-04
2.589140405385412279e-04
2.589140405385412279e-04
2.589140405385412279e-04
1.602801203333826391e-04
1.972678404103170963e-04
2.589140405385412279e-04
2.589140405385412279e-04
2.465848005128963637e-04
2.095970804359619335e-04
2.095970804359619335e-04
2.589140405385412279e-04
2.219263204616067436e-04
1.972678404103170963e-04
2.342555604872515536e-04
2.465848005128963637e-04
1.479508803077378290e-04
2.465848005128963637e-04
1.849386003846722863e-04
2.095970804359619335e-04
2.465848005128963637e-04
2.465848005128963637e-04
2.465848005128963637e-04
2.219263204616067436e-04
2.342555604872515536e-04
1.726093603590274762e-04
2.095970804359619335e-04
2.219263204616067436e-04
1.972678404103170963e-04
2.342555604872515536e-04
2.342555604872515536e-04
2.342555604872515536e-04
1.356216402820930190e-04
2.342555604872515536e-04
1.972678404103170963e-04
1.972678404103170963e-04
2.342555604872515536e-04
2.342555604872515536e-04
2.342555604872515536e-04
2.095970804359619335e-04
2.342555604872515536e-04
2.342555604872515536e-04
2.342555604872515536e-04
2.095970804359619335e-04
2.342555604872515536e-04
1.849386003846722863e-04
2.342555604872515536e-04
2.095970804359619335e-04
2.095970804359619335e-04
2.219263204616067436e-04
1.972678404103170963e-04
2.095970804359619335e-04
2.095970804359619335e-04
2.095970804359619335e-04
1.972678404103170963e-04
2.219263204616067436e-04
2.219263204616067436e-04
2.219263204616067436e-04
2.095970804359619335e-04
1.972678404103170963e-04
2.095970804359619335e-04
2.095970804359619335e-04
1.972678404103170963e-04
2.095970804359619335e-04
1.972678404103170963e-04
2.095970804359619335e-04
2.095970804359619335e-04
2.095970804359619335e-04
2.095970804359619335e-04
2.095970804359619335e-04
1.972678404103170963e-04
2.095970804359619335e-04
1.849386003846722863e-04
2.095970804359619335e-04
2.095970804359619335e-04
1.726093603590274762e-04
2.095970804359619335e-04
2.095970804359619335e-04
2.095970804359619335e-04
2.095970804359619335e-04
1.479508803077378290e-04
1.849386003846722863e-04
2.095970804359619335e-04
2.095970804359619335e-04
1.972678404103170963e-04
1.849386003846722863e-04
1.602801203333826391e-04
1.972678404103170963e-04
1.726093603590274762e-04
1.972678404103170963e-04
1.972678404103170963e-04
1.972678404103170963e-04
1.849386003846722863e-04
1.849386003846722863e-04
1.602801203333826391e-04
1.849386003846722863e-04
1.849386003846722863e-04
1.849386003846722863e-04
1.849386003846722863e-04
1.849386003846722863e-04
1.356216402820930190e-04
1.849386003846722863e-04
1.849386003846722863e-04
1.849386003846722863e-04
1.849386003846722863e-04
1.849386003846722863e-04
1.849386003846722863e-04
1.849386003846722863e-04
1.726093603590274762e-04
1.849386003846722863e-04
1.849386003846722863e-04
1.849386003846722863e-04
1.849386003846722863e-04
1.726093603590274762e-04
1.726093603590274762e-04
1.726093603590274762e-04
1.726093603590274762e-04
1.726093603590274762e-04
1.726093603590274762e-04
1.726093603590274762e-04
1.356216402820930190e-04
1.479508803077378290e-04
1.726093603590274762e-04
1.726093603590274762e-04
1.726093603590274762e-04
1.602801203333826391e-04
1.726093603590274762e-04
1.602801203333826391e-04
1.726093603590274762e-04
1.602801203333826391e-04
1.602801203333826391e-04
1.602801203333826391e-04
1.602801203333826391e-04
1.602801203333826391e-04
1.602801203333826391e-04
1.602801203333826391e-04
1.356216402820930190e-04
1.602801203333826391e-04
1.602801203333826391e-04
1.602801203333826391e-04
1.356216402820930190e-04
1.602801203333826391e-04
1.602801203333826391e-04
1.602801203333826391e-04
1.602801203333826391e-04
1.602801203333826391e-04
1.602801203333826391e-04
1.356216402820930190e-04
8.630468017951373812e-05
8.630468017951373812e-05
1.602801203333826391e-04
1.232924002564481818e-04
1.602801203333826391e-04
1.356216402820930190e-04
1.109631602308033718e-04
1.232924002564481818e-04
1.479508803077378290e-04
1.479508803077378290e-04
1.232924002564481818e-04
1.356216402820930190e-04
1.479508803077378290e-04
1.479508803077378290e-04
1.232924002564481818e-04
1.479508803077378290e-04
1.232924002564481818e-04
1.232924002564481818e-04
1.232924002564481818e-04
1.232924002564481818e-04
1.356216402820930190e-04
1.356216402820930190e-04
1.356216402820930190e-04
1.356216402820930190e-04
1.356216402820930190e-04
1.356216402820930190e-04
1.356216402820930190e-04
1.109631602308033718e-04
1.109631602308033718e-04
6.164620012822409091e-05
1.356216402820930190e-04
1.356216402820930190e-04
1.232924002564481818e-04
1.356216402820930190e-04
1.356216402820930190e-04
1.232924002564481818e-04
1.356216402820930190e-04
1.356216402820930190e-04
1.109631602308033718e-04
1.356216402820930190e-04
1.232924002564481818e-04
1.356216402820930190e-04
1.356216402820930190e-04
1.232924002564481818e-04
1.232924002564481818e-04
1.356216402820930190e-04
1.109631602308033718e-04
1.356216402820930190e-04
1.232924002564481818e-04
1.232924002564481818e-04
1.232924002564481818e-04
1.109631602308033718e-04
1.356216402820930190e-04
1.356216402820930190e-04
1.356216402820930190e-04
1.356216402820930190e-04
1.356216402820930190e-04
1.232924002564481818e-04
1.109631602308033718e-04
1.232924002564481818e-04
1.232924002564481818e-04
1.109631602308033718e-04
1.109631602308033718e-04
1.232924002564481818e-04
1.232924002564481818e-04
1.232924002564481818e-04
1.109631602308033718e-04
1.109631602308033718e-04
1.232924002564481818e-04
1.109631602308033718e-04
1.232924002564481818e-04
1.232924002564481818e-04
8.630468017951373812e-05
9.863392020515854817e-05
1.109631602308033718e-04
1.109631602308033718e-04
1.109631602308033718e-04
1.109631602308033718e-04
6.164620012822409091e-05
1.109631602308033718e-04
1.109631602308033718e-04
9.863392020515854817e-05
1.109631602308033718e-04
1.109631602308033718e-04
1.109631602308033718e-04
1.109631602308033718e-04
1.109631602308033718e-04
1.109631602308033718e-04
1.109631602308033718e-04
8.630468017951373812e-05
1.109631602308033718e-04
8.630468017951373812e-05
1.109631602308033718e-04
1.109631602308033718e-04
6.164620012822409091e-05
1.109631602308033718e-04
1.109631602308033718e-04
9.863392020515854817e-05
1.109631602308033718e-04
1.109631602308033718e-04
9.863392020515854817e-05
1.109631602308033718e-04
1.109631602308033718e-04
1.109631602308033718e-04
1.109631602308033718e-04
9.863392020515854817e-05
1.109631602308033718e-04
1.109631602308033718e-04
1.109631602308033718e-04
1.109631602308033718e-04
1.109631602308033718e-04
1.109631602308033718e-04
1.109631602308033718e-04
1.109631602308033718e-04
1.109631602308033718e-04
1.109631602308033718e-04
1.109631602308033718e-04
1.109631602308033718e-04
1.109631602308033718e-04
9.863392020515854817e-05
1.109631602308033718e-04
1.109631602308033718e-04
6.164620012822409091e-05
1.109631602308033718e-04
1.109631602308033718e-04
1.109631602308033718e-04
8.630468017951373812e-05
1.109631602308033718e-04
9.863392020515854817e-05
9.863392020515854817e-05
9.863392020515854817e-05
9.863392020515854817e-05
9.863392020515854817e-05
8.630468017951373812e-05
9.863392020515854817e-05
8.630468017951373812e-05
9.863392020515854817e-05
9.863392020515854817e-05
8.630468017951373812e-05
8.630468017951373812e-05
9.863392020515854817e-05
8.630468017951373812e-05
9.863392020515854817e-05
9.863392020515854817e-05
9.863392020515854817e-05
9.863392020515854817e-05
9.863392020515854817e-05
7.397544015386891452e-05
8.630468017951373812e-05
8.630468017951373812e-05
8.630468017951373812e-05
8.630468017951373812e-05
8.630468017951373812e-05
8.630468017951373812e-05
8.630468017951373812e-05
8.630468017951373812e-05
8.630468017951373812e-05
8.630468017951373812e-05
8.630468017951373812e-05
8.630468017951373812e-05
8.630468017951373812e-05
6.164620012822409091e-05
8.630468017951373812e-05
6.164620012822409091e-05
8.630468017951373812e-05
8.630468017951373812e-05
8.630468017951373812e-05
8.630468017951373812e-05
8.630468017951373812e-05
8.630468017951373812e-05
8.630468017951373812e-05
8.630468017951373812e-05
7.397544015386891452e-05
8.630468017951373812e-05
8.630468017951373812e-05
8.630468017951373812e-05
8.630468017951373812e-05
8.630468017951373812e-05
8.630468017951373812e-05
8.630468017951373812e-05
8.630468017951373812e-05
8.630468017951373812e-05
8.630468017951373812e-05
8.630468017951373812e-05
8.630468017951373812e-05
7.397544015386891452e-05
8.630468017951373812e-05
7.397544015386891452e-05
8.630468017951373812e-05
8.630468017951373812e-05
8.630468017951373812e-05
8.630468017951373812e-05
8.630468017951373812e-05
8.630468017951373812e-05
3.698772007693445726e-05
8.630468017951373812e-05
8.630468017951373812e-05
8.630468017951373812e-05
8.630468017951373812e-05
8.630468017951373812e-05
8.630468017951373812e-05
8.630468017951373812e-05
4.931696010257927409e-05
8.630468017951373812e-05
8.630468017951373812e-05
8.630468017951373812e-05
8.630468017951373812e-05
8.630468017951373812e-05
8.630468017951373812e-05
6.164620012822409091e-05
7.397544015386891452e-05
8.630468017951373812e-05
8.630468017951373812e-05
8.630468017951373812e-05
8.630468017951373812e-05
7.397544015386891452e-05
7.397544015386891452e-05
7.397544015386891452e-05
7.397544015386891452e-05
7.397544015386891452e-05
6.164620012822409091e-05
7.397544015386891452e-05
7.397544015386891452e-05
6.164620012822409091e-05
7.397544015386891452e-05
4.931696010257927409e-05
7.397544015386891452e-05
7.397544015386891452e-05
6.164620012822409091e-05
7.397544015386891452e-05
