2.454861446364777280e-02
2.364342956454571626e-02
2.089166747127546575e-02
2.138650188278459069e-02
2.071063049145505444e-02
1.968475427247272369e-02
1.873129284541855816e-02
1.736748093077145755e-02
1.616056773196871549e-02
1.196050980013517451e-02
1.144153712464999507e-02
1.174326542435068059e-02
1.059669788548807563e-02
1.112773969296128145e-02
9.920826494158539385e-03
9.317369894757168355e-03
8.581152843487496740e-03
8.448392391619194419e-03
8.062180168002317307e-03
8.001834508062180204e-03
7.507000096553056133e-03
7.953557980110071216e-03
7.072511344984069165e-03
7.181133532876315256e-03
6.674229989379163938e-03
6.444916481606642773e-03
6.227672105822148856e-03
6.312156029738341320e-03
6.722506517331273794e-03
5.467316790576421878e-03
6.046635126001737547e-03
5.950082070097518702e-03
5.805252486241189135e-03
5.769045090277107393e-03
5.769045090277107393e-03
5.515593318528531734e-03
5.467316790576421878e-03
5.455247658588394631e-03
5.238003282803900713e-03
5.213865018827846219e-03
5.056966302983489404e-03
4.863860191175050848e-03
5.093173698947572013e-03
2.908660809114608625e-03
4.827652795210968240e-03
4.356956647677898663e-03
4.610408419426475189e-03
4.706961475330694034e-03
4.682823211354639539e-03
4.369025779665926777e-03
4.682823211354639539e-03
4.525924495510282725e-03
4.224196195809597210e-03
1.882784590132277657e-03
4.344887515689871416e-03
4.163850535869460107e-03
4.187988799845515468e-03
4.139712271893405612e-03
3.898329632132857200e-03
4.586270155450419828e-03
3.777638312252582994e-03
3.656946992372308788e-03
3.850053104180747345e-03
3.584532200444144005e-03
3.548324804480061830e-03
3.560393936468089077e-03
3.717292652312445891e-03
3.512117408515979654e-03
3.475910012551897479e-03
3.632808728396253860e-03
3.427633484599787624e-03
3.270734768755431243e-03
3.137974316887129356e-03
3.174181712851211531e-03
2.969006469054745728e-03
3.041421260982910078e-03
3.113836052911074428e-03
3.343149560683595593e-03
2.836246017186443841e-03
2.993144733030800222e-03
2.932799073090663119e-03
2.631070773389977604e-03
3.101766920923047181e-03
2.800038621222361666e-03
3.101766920923047181e-03
3.029352128994882831e-03
2.787969489234334419e-03
3.005213865018827903e-03
2.932799073090663119e-03
2.667278169354060213e-03
2.775900357246306738e-03
2.715554697306169635e-03
2.450033793569566295e-03
2.775900357246306738e-03
2.715554697306169635e-03
2.619001641401950357e-03
2.727623829294197316e-03
2.437964661581539048e-03
2.558655981461813254e-03
2.293135077725209914e-03
2.293135077725209914e-03
2.522448585497731079e-03
2.184512889832963389e-03
2.268996813749154986e-03
2.232789417785072811e-03
2.160374625856908461e-03
2.075890701940716430e-03
1.556918026455537214e-03
2.100028965916771358e-03
1.918991986096360049e-03
1.894853722120305121e-03
2.208651153809017883e-03
1.882784590132277657e-03
1.955199382060442224e-03
2.027614173988606574e-03
1.906922854108332585e-03
1.291397122718934091e-03
2.003475910012552080e-03
1.798300666216085843e-03
1.774162402240030915e-03
1.943130250072414760e-03
1.750024138263975987e-03
1.882784590132277657e-03
1.931061118084387296e-03
1.725885874287921276e-03
1.762093270252003451e-03
1.774162402240030915e-03
1.858646326156222946e-03
1.737955006275948740e-03
1.701747610311866348e-03
1.617263686395674317e-03
1.629332818383701781e-03
1.737955006275948740e-03
1.605194554407647070e-03
1.870715458144250193e-03
1.798300666216085843e-03
1.882784590132277657e-03
1.677609346335811637e-03
1.629332818383701781e-03
1.822438930192140554e-03
1.520710630491455039e-03
1.629332818383701781e-03
1.737955006275948740e-03
1.762093270252003451e-03
1.556918026455537214e-03
1.484503234527372864e-03
1.701747610311866348e-03
1.605194554407647070e-03
1.665540214347784173e-03
1.556918026455537214e-03
1.617263686395674317e-03
1.327604518683016266e-03
1.677609346335811637e-03
1.556918026455537214e-03
1.532779762479482503e-03
1.436226706575263008e-03
1.520710630491455039e-03
1.339673650671043730e-03
1.448295838563290472e-03
1.460364970551317936e-03
1.424157574587235761e-03
1.424157574587235761e-03
1.544848894467509967e-03
1.484503234527372864e-03
1.556918026455537214e-03
1.375881046635125905e-03
1.231051462778796988e-03
1.086221878922467854e-03
1.448295838563290472e-03
1.291397122718934091e-03
1.098291010910495318e-03
1.231051462778796988e-03
1.303466254706961555e-03
1.303466254706961555e-03
1.303466254706961555e-03
1.375881046635125905e-03
1.351742782659071194e-03
1.424157574587235761e-03
1.279327990730906627e-03
1.255189726754851699e-03
1.303466254706961555e-03
1.315535386694988802e-03
1.146567538862604957e-03
1.279327990730906627e-03
1.327604518683016266e-03
1.267258858742879163e-03
1.267258858742879163e-03
1.158636670850632421e-03
1.182774934826687349e-03
1.279327990730906627e-03
1.182774934826687349e-03
1.291397122718934091e-03
1.315535386694988802e-03
1.231051462778796988e-03
1.182774934826687349e-03
1.182774934826687349e-03
1.194844066814714596e-03
1.037945350970358215e-03
1.110360142898522782e-03
1.098291010910495318e-03
1.158636670850632421e-03
1.098291010910495318e-03
1.086221878922467854e-03
1.050014482958385679e-03
1.013807086994303287e-03
7.724244472337549834e-04
8.086318431978371584e-04
1.050014482958385679e-03
1.037945350970358215e-03
9.051848991020565449e-04
1.001737955006276040e-03
9.051848991020565449e-04
1.074152746934440390e-03
1.098291010910495318e-03
1.037945350970358215e-03
1.013807086994303287e-03
8.207009751858646224e-04
9.775996910302211119e-04
9.293231630781114729e-04
1.001737955006276040e-03
1.001737955006276040e-03
9.293231630781114729e-04
9.293231630781114729e-04
9.051848991020565449e-04
9.534614270541662924e-04
9.896688230182485758e-04
9.534614270541662924e-04
9.896688230182485758e-04
9.896688230182485758e-04
8.448392391619194419e-04
9.293231630781114729e-04
9.896688230182485758e-04
9.172540310900840089e-04
9.775996910302211119e-04
9.775996910302211119e-04
9.775996910302211119e-04
8.086318431978371584e-04
9.655305590421936479e-04
9.655305590421936479e-04
8.689775031379743699e-04
7.965627112098098029e-04
5.189726754851791074e-04
7.603553152457275194e-04
9.413922950661388284e-04
9.413922950661388284e-04
8.931157671140291894e-04
8.327701071738920864e-04
9.051848991020565449e-04
8.086318431978371584e-04
8.086318431978371584e-04
8.689775031379743699e-04
8.086318431978371584e-04
8.569083711499469059e-04
7.603553152457275194e-04
7.603553152457275194e-04
8.569083711499469059e-04
7.844935792217823389e-04
8.327701071738920864e-04
7.603553152457275194e-04
8.086318431978371584e-04
7.844935792217823389e-04
7.241479192816452359e-04
7.241479192816452359e-04
7.603553152457275194e-04
7.482861832577000554e-04
7.120787872936178804e-04
7.000096553055904164e-04
7.724244472337549834e-04
7.844935792217823389e-04
7.241479192816452359e-04
7.362170512696726999e-04
6.638022593415081329e-04
7.844935792217823389e-04
5.913874674133436744e-04
7.120787872936178804e-04
5.551800714492613909e-04
7.362170512696726999e-04
7.000096553055904164e-04
5.793183354253162104e-04
6.155257313893984939e-04
4.827652795210968240e-04
4.827652795210968240e-04
7.120787872936178804e-04
7.241479192816452359e-04
6.396639953654533134e-04
7.241479192816452359e-04
6.517331273534807774e-04
7.120787872936178804e-04
6.155257313893984939e-04
6.638022593415081329e-04
4.344887515689871849e-04
6.638022593415081329e-04
5.189726754851791074e-04
6.396639953654533134e-04
5.310418074732065714e-04
6.396639953654533134e-04
5.793183354253162104e-04
5.913874674133436744e-04
6.034565994013710299e-04
6.155257313893984939e-04
5.793183354253162104e-04
5.551800714492613909e-04
5.431109394612339270e-04
6.396639953654533134e-04
4.465578835570145947e-04
5.069035434971516435e-04
5.069035434971516435e-04
6.155257313893984939e-04
5.672492034372887465e-04
5.431109394612339270e-04
4.465578835570145947e-04
6.034565994013710299e-04
5.672492034372887465e-04
5.551800714492613909e-04
5.189726754851791074e-04
5.069035434971516435e-04
5.672492034372887465e-04
5.431109394612339270e-04
5.551800714492613909e-04
5.069035434971516435e-04
5.672492034372887465e-04
5.069035434971516435e-04
4.103504875929323112e-04
5.069035434971516435e-04
4.465578835570145947e-04
5.672492034372887465e-04
5.189726754851791074e-04
5.310418074732065714e-04
5.189726754851791074e-04
5.672492034372887465e-04
5.431109394612339270e-04
5.069035434971516435e-04
5.431109394612339270e-04
5.069035434971516435e-04
5.551800714492613909e-04
5.189726754851791074e-04
4.948344115091242879e-04
5.310418074732065714e-04
5.189726754851791074e-04
2.896591677126581052e-04
5.431109394612339270e-04
4.706961475330694142e-04
5.189726754851791074e-04
5.069035434971516435e-04
4.948344115091242879e-04
4.344887515689871849e-04
5.310418074732065714e-04
4.465578835570145947e-04
4.465578835570145947e-04
5.069035434971516435e-04
4.224196195809597210e-04
4.706961475330694142e-04
5.189726754851791074e-04
4.465578835570145947e-04
4.948344115091242879e-04
5.189726754851791074e-04
5.069035434971516435e-04
4.103504875929323112e-04
4.465578835570145947e-04
5.069035434971516435e-04
4.224196195809597210e-04
5.069035434971516435e-04
4.948344115091242879e-04
3.982813556049049014e-04
4.465578835570145947e-04
4.224196195809597210e-04
3.982813556049049014e-04
4.586270155450420044e-04
4.706961475330694142e-04
4.344887515689871849e-04
4.344887515689871849e-04
4.827652795210968240e-04
4.827652795210968240e-04
4.827652795210968240e-04
4.827652795210968240e-04
4.586270155450420044e-04
4.827652795210968240e-04
3.741430916288500277e-04
4.706961475330694142e-04
4.465578835570145947e-04
4.344887515689871849e-04
3.982813556049049014e-04
3.982813556049049014e-04
4.344887515689871849e-04
4.706961475330694142e-04
4.586270155450420044e-04
3.862122236168774917e-04
4.586270155450420044e-04
4.465578835570145947e-04
3.982813556049049014e-04
4.586270155450420044e-04
4.224196195809597210e-04
3.982813556049049014e-04
4.465578835570145947e-04
4.103504875929323112e-04
4.465578835570145947e-04
3.500048276527952082e-04
3.862122236168774917e-04
3.500048276527952082e-04
4.344887515689871849e-04
3.862122236168774917e-04
4.344887515689871849e-04
3.620739596408226180e-04
4.103504875929323112e-04
4.344887515689871849e-04
4.344887515689871849e-04
4.344887515689871849e-04
4.344887515689871849e-04
3.500048276527952082e-04
3.741430916288500277e-04
4.224196195809597210e-04
3.862122236168774917e-04
3.017282997006855150e-04
4.224196195809597210e-04
3.982813556049049014e-04
4.224196195809597210e-04
4.224196195809597210e-04
2.775900357246306955e-04
3.862122236168774917e-04
3.620739596408226180e-04
3.862122236168774917e-04
3.982813556049049014e-04
3.500048276527952082e-04
3.982813556049049014e-04
3.982813556049049014e-04
3.982813556049049014e-04
3.620739596408226180e-04
3.862122236168774917e-04
3.500048276527952082e-04
3.500048276527952082e-04
3.741430916288500277e-04
3.741430916288500277e-04
2.534517717485758217e-04
3.500048276527952082e-04
3.258665636767403887e-04
3.741430916288500277e-04
3.741430916288500277e-04
3.741430916288500277e-04
3.258665636767403887e-04
3.500048276527952082e-04
3.137974316887129247e-04
3.500048276527952082e-04
3.620739596408226180e-04
3.258665636767403887e-04
3.620739596408226180e-04
3.379356956647677985e-04
3.620739596408226180e-04
3.379356956647677985e-04
1.448295838563290526e-04
3.500048276527952082e-04
2.896591677126581052e-04
3.500048276527952082e-04
2.534517717485758217e-04
3.500048276527952082e-04
3.017282997006855150e-04
3.379356956647677985e-04
3.017282997006855150e-04
3.017282997006855150e-04
3.137974316887129247e-04
3.500048276527952082e-04
3.017282997006855150e-04
3.137974316887129247e-04
2.172443757844935925e-04
3.379356956647677985e-04
3.258665636767403887e-04
3.379356956647677985e-04
3.379356956647677985e-04
3.137974316887129247e-04
3.017282997006855150e-04
3.017282997006855150e-04
2.896591677126581052e-04
2.775900357246306955e-04
3.017282997006855150e-04
2.534517717485758217e-04
3.258665636767403887e-04
3.137974316887129247e-04
2.655209037366032857e-04
2.896591677126581052e-04
3.017282997006855150e-04
2.896591677126581052e-04
3.017282997006855150e-04
3.137974316887129247e-04
2.896591677126581052e-04
2.655209037366032857e-04
2.896591677126581052e-04
3.017282997006855150e-04
2.655209037366032857e-04
3.137974316887129247e-04
3.137974316887129247e-04
3.137974316887129247e-04
3.017282997006855150e-04
2.775900357246306955e-04
2.775900357246306955e-04
2.534517717485758217e-04
2.293135077725210022e-04
2.534517717485758217e-04
2.775900357246306955e-04
2.534517717485758217e-04
2.655209037366032857e-04
2.413826397605484120e-04
2.534517717485758217e-04
2.896591677126581052e-04
2.655209037366032857e-04
2.896591677126581052e-04
2.896591677126581052e-04
2.655209037366032857e-04
2.896591677126581052e-04
1.689678478323838992e-04
2.534517717485758217e-04
2.051752437964661556e-04
2.172443757844935925e-04
2.534517717485758217e-04
2.775900357246306955e-04
2.051752437964661556e-04
2.293135077725210022e-04
2.293135077725210022e-04
2.534517717485758217e-04
2.413826397605484120e-04
2.413826397605484120e-04
2.172443757844935925e-04
1.689678478323838992e-04
1.931061118084387458e-04
2.293135077725210022e-04
2.172443757844935925e-04
2.534517717485758217e-04
2.534517717485758217e-04
1.568987158443564624e-04
2.413826397605484120e-04
2.293135077725210022e-04
2.051752437964661556e-04
2.413826397605484120e-04
9.655305590421937292e-05
2.534517717485758217e-04
2.534517717485758217e-04
2.293135077725210022e-04
1.810369798204113090e-04
2.051752437964661556e-04
2.413826397605484120e-04
1.931061118084387458e-04
2.293135077725210022e-04
2.413826397605484120e-04
1.689678478323838992e-04
2.413826397605484120e-04
2.413826397605484120e-04
2.293135077725210022e-04
2.293135077725210022e-04
2.293135077725210022e-04
2.172443757844935925e-04
1.689678478323838992e-04
2.051752437964661556e-04
2.051752437964661556e-04
2.293135077725210022e-04
2.051752437964661556e-04
1.327604518683016429e-04
1.327604518683016429e-04
2.293135077725210022e-04
2.293135077725210022e-04
2.051752437964661556e-04
2.293135077725210022e-04
1.810369798204113090e-04
2.293135077725210022e-04
2.172443757844935925e-04
2.051752437964661556e-04
2.051752437964661556e-04
2.172443757844935925e-04
1.931061118084387458e-04
2.051752437964661556e-04
2.051752437964661556e-04
2.293135077725210022e-04
1.931061118084387458e-04
1.931061118084387458e-04
2.051752437964661556e-04
2.051752437964661556e-04
2.051752437964661556e-04
2.051752437964661556e-04
1.689678478323838992e-04
1.931061118084387458e-04
2.172443757844935925e-04
2.172443757844935925e-04
1.810369798204113090e-04
2.051752437964661556e-04
1.931061118084387458e-04
1.810369798204113090e-04
2.051752437964661556e-04
1.931061118084387458e-04
2.051752437964661556e-04
1.931061118084387458e-04
1.810369798204113090e-04
2.051752437964661556e-04
2.051752437964661556e-04
1.931061118084387458e-04
2.051752437964661556e-04
1.931061118084387458e-04
1.689678478323838992e-04
1.810369798204113090e-04
1.810369798204113090e-04
1.931061118084387458e-04
1.689678478323838992e-04
2.051752437964661556e-04
1.568987158443564624e-04
1.689678478323838992e-04
1.810369798204113090e-04
1.931061118084387458e-04
1.568987158443564624e-04
2.051752437964661556e-04
1.931061118084387458e-04
1.810369798204113090e-04
1.689678478323838992e-04
1.931061118084387458e-04
1.086221878922467962e-04
1.689678478323838992e-04
1.931061118084387458e-04
1.448295838563290526e-04
1.689678478323838992e-04
1.931061118084387458e-04
1.689678478323838992e-04
1.810369798204113090e-04
1.689678478323838992e-04
1.568987158443564624e-04
1.810369798204113090e-04
1.568987158443564624e-04
1.568987158443564624e-04
1.327604518683016429e-04
1.810369798204113090e-04
1.810369798204113090e-04
1.810369798204113090e-04
1.810369798204113090e-04
1.810369798204113090e-04
1.810369798204113090e-04
1.327604518683016429e-04
1.689678478323838992e-04
1.448295838563290526e-04
1.689678478323838992e-04
1.689678478323838992e-04
1.810369798204113090e-04
1.689678478323838992e-04
1.448295838563290526e-04
1.689678478323838992e-04
1.327604518683016429e-04
1.689678478323838992e-04
1.689678478323838992e-04
1.689678478323838992e-04
1.568987158443564624e-04
1.448295838563290526e-04
1.448295838563290526e-04
1.568987158443564624e-04
1.448295838563290526e-04
1.568987158443564624e-04
1.448295838563290526e-04
1.689678478323838992e-04
1.568987158443564624e-04
1.568987158443564624e-04
1.568987158443564624e-04
1.327604518683016429e-04
1.568987158443564624e-04
1.568987158443564624e-04
1.086221878922467962e-04
1.568987158443564624e-04
1.568987158443564624e-04
1.327604518683016429e-04
1.568987158443564624e-04
1.448295838563290526e-04
1.448295838563290526e-04
1.568987158443564624e-04
1.448295838563290526e-04
1.327604518683016429e-04
1.568987158443564624e-04
1.568987158443564624e-04
1.327604518683016429e-04
1.206913198802742060e-04
1.086221878922467962e-04
1.448295838563290526e-04
1.448295838563290526e-04
1.448295838563290526e-04
1.568987158443564624e-04
1.568987158443564624e-04
1.448295838563290526e-04
1.448295838563290526e-04
1.448295838563290526e-04
1.327604518683016429e-04
1.448295838563290526e-04
1.206913198802742060e-04
1.448295838563290526e-04
1.448295838563290526e-04
1.448295838563290526e-04
8.448392391619194961e-05
1.206913198802742060e-04
1.448295838563290526e-04
1.206913198802742060e-04
1.448295838563290526e-04
1.327604518683016429e-04
1.327604518683016429e-04
1.206913198802742060e-04
1.327604518683016429e-04
1.327604518683016429e-04
1.327604518683016429e-04
1.327604518683016429e-04
9.655305590421937292e-05
9.655305590421937292e-05
8.448392391619194961e-05
1.327604518683016429e-04
8.448392391619194961e-05
1.086221878922467962e-04
1.086221878922467962e-04
1.327604518683016429e-04
1.327604518683016429e-04
1.086221878922467962e-04
1.327604518683016429e-04
1.327604518683016429e-04
1.327604518683016429e-04
1.327604518683016429e-04
1.327604518683016429e-04
1.327604518683016429e-04
1.086221878922467962e-04
1.206913198802742060e-04
1.327604518683016429e-04
1.086221878922467962e-04
1.086221878922467962e-04
1.327604518683016429e-04
1.206913198802742060e-04
1.206913198802742060e-04
9.655305590421937292e-05
1.086221878922467962e-04
1.327604518683016429e-04
1.327604518683016429e-04
1.327604518683016429e-04
9.655305590421937292e-05
1.327604518683016429e-04
9.655305590421937292e-05
1.206913198802742060e-04
1.206913198802742060e-04
8.448392391619194961e-05
8.448392391619194961e-05
1.206913198802742060e-04
1.086221878922467962e-04
1.206913198802742060e-04
9.655305590421937292e-05
1.206913198802742060e-04
1.206913198802742060e-04
1.206913198802742060e-04
1.086221878922467962e-04
9.655305590421937292e-05
1.206913198802742060e-04
1.206913198802742060e-04
1.086221878922467962e-04
1.086221878922467962e-04
1.086221878922467962e-04
1.086221878922467962e-04
8.448392391619194961e-05
9.655305590421937292e-05
1.086221878922467962e-04
8.448392391619194961e-05
8.448392391619194961e-05
9.655305590421937292e-05
9.655305590421937292e-05
9.655305590421937292e-05
8.448392391619194961e-05
9.655305590421937292e-05
1.086221878922467962e-04
1.086221878922467962e-04
1.086221878922467962e-04
1.086221878922467962e-04
8.448392391619194961e-05
1.086221878922467962e-04
6.034565994013710299e-05
1.086221878922467962e-04
8.448392391619194961e-05
7.241479192816452630e-05
8.448392391619194961e-05
1.086221878922467962e-04
8.448392391619194961e-05
1.086221878922467962e-04
7.241479192816452630e-05
8.448392391619194961e-05
9.655305590421937292e-05
7.241479192816452630e-05
9.655305590421937292e-05
1.086221878922467962e-04
1.086221878922467962e-04
1.086221878922467962e-04
1.086221878922467962e-04
1.086221878922467962e-04
1.086221878922467962e-04
1.086221878922467962e-04
1.086221878922467962e-04
1.086221878922467962e-04
1.086221878922467962e-04
1.086221878922467962e-04
1.086221878922467962e-04
7.241479192816452630e-05
1.086221878922467962e-04
1.086221878922467962e-04
8.448392391619194961e-05
1.086221878922467962e-04
1.086221878922467962e-04
1.086221878922467962e-04
8.448392391619194961e-05
1.086221878922467962e-04
9.655305590421937292e-05
9.655305590421937292e-05
9.655305590421937292e-05
7.241479192816452630e-05
9.655305590421937292e-05
7.241479192816452630e-05
8.448392391619194961e-05
7.241479192816452630e-05
9.655305590421937292e-05
6.034565994013710299e-05
7.241479192816452630e-05
7.241479192816452630e-05
8.448392391619194961e-05
9.655305590421937292e-05
9.655305590421937292e-05
9.655305590421937292e-05
9.655305590421937292e-05
8.448392391619194961e-05
8.448392391619194961e-05
8.448392391619194961e-05
8.448392391619194961e-05
1.206913198802742162e-05
8.448392391619194961e-05
8.448392391619194961e-05
8.448392391619194961e-05
8.448392391619194961e-05
8.448392391619194961e-05
3.620739596408226315e-05
8.448392391619194961e-05
7.241479192816452630e-05
7.241479192816452630e-05
8.448392391619194961e-05
8.448392391619194961e-05
6.034565994013710299e-05
8.448392391619194961e-05
6.034565994013710299e-05
8.448392391619194961e-05
6.034565994013710299e-05
8.448392391619194961e-05
8.448392391619194961e-05
8.448392391619194961e-05
8.448392391619194961e-05
8.448392391619194961e-05
8.448392391619194961e-05
8.448392391619194961e-05
8.448392391619194961e-05
6.034565994013710299e-05
8.448392391619194961e-05
8.448392391619194961e-05
7.241479192816452630e-05
8.448392391619194961e-05
8.448392391619194961e-05
8.448392391619194961e-05
8.448392391619194961e-05
6.034565994013710299e-05
8.448392391619194961e-05
8.448392391619194961e-05
7.241479192816452630e-05
8.448392391619194961e-05
8.448392391619194961e-05
8.448392391619194961e-05
3.620739596408226315e-05
8.448392391619194961e-05
8.448392391619194961e-05
8.448392391619194961e-05
8.448392391619194961e-05
8.448392391619194961e-05
6.034565994013710299e-05
8.448392391619194961e-05
8.448392391619194961e-05
8.448392391619194961e-05
8.448392391619194961e-05
8.448392391619194961e-05
8.448392391619194961e-05
8.448392391619194961e-05
8.448392391619194961e-05
8.448392391619194961e-05
8.448392391619194961e-05
6.034565994013710299e-05
8.448392391619194961e-05
7.241479192816452630e-05
4.827652795210968646e-05
8.448392391619194961e-05
8.448392391619194961e-05
8.448392391619194961e-05
8.448392391619194961e-05
8.448392391619194961e-05
7.241479192816452630e-05
6.034565994013710299e-05
7.241479192816452630e-05
7.241479192816452630e-05
7.241479192816452630e-05
7.241479192816452630e-05
7.241479192816452630e-05
1.206913198802742162e-05
7.241479192816452630e-05
7.241479192816452630e-05
4.827652795210968646e-05
7.241479192816452630e-05
7.241479192816452630e-05
7.241479192816452630e-05
7.241479192816452630e-05
