2.459948695610086541e-02
2.369198005904844806e-02
2.093315909200909805e-02
2.142926286239775491e-02
2.075165771259861527e-02
1.972314989593921056e-02
1.876724263104399479e-02
1.739993223948501852e-02
1.618992304341513103e-02
1.197909104109191186e-02
1.145878708678185927e-02
1.176128938579933288e-02
1.061178064953293559e-02
1.114418469580368866e-02
9.934175499733797696e-03
9.329170901698852214e-03
8.591065292096220635e-03
8.457964280528532802e-03
8.070761337786168041e-03
8.010260877982672625e-03
7.514157107594017504e-03
7.961860510139877681e-03
7.078553797008856931e-03
7.187454624655147291e-03
6.679250762305793433e-03
6.449349015052513977e-03
6.231547359759934124e-03
6.316248003484826144e-03
6.727651130148589245e-03
5.469241566235903337e-03
6.050045980349450479e-03
5.977445428585257195e-03
5.808044141135472287e-03
5.771743865253376078e-03
5.771743865253376078e-03
5.517641934078699149e-03
5.469241566235903337e-03
5.457141474275204601e-03
5.239339818982623881e-03
5.215139635061226409e-03
5.057838439572141104e-03
4.864236968200958723e-03
5.094138715454237312e-03
4.936837519965152007e-03
4.864236968200958723e-03
4.356033105851604866e-03
4.610135037026281794e-03
4.706935772711872551e-03
4.682735588790475079e-03
4.368133197812303602e-03
4.682735588790475079e-03
4.767436232515367099e-03
4.222932094283916166e-03
4.440733749576496886e-03
4.343933013890905262e-03
4.162431634480422485e-03
4.186631818401819957e-03
4.138231450559024145e-03
3.896229611345046386e-03
4.585934853104883455e-03
3.775228691738057290e-03
3.654227772131068194e-03
3.847829243502250574e-03
3.581627220366874909e-03
3.545326944484778267e-03
3.557427036445477003e-03
3.714728231934562742e-03
3.509026668602681191e-03
3.472726392720584549e-03
3.630027588209670288e-03
3.424326024877789171e-03
3.267024829388703432e-03
3.133923817821015600e-03
3.170224093703112242e-03
2.964522530371230691e-03
3.037123082135424409e-03
3.109723633899617694e-03
3.339625381152896717e-03
2.831421518803542859e-03
2.988722714292628597e-03
2.928222254489134049e-03
3.012922898214026503e-03
3.097623541938918524e-03
2.795121242921446217e-03
3.097623541938918524e-03
3.025022990174725240e-03
2.783021150960747481e-03
3.000822806253327334e-03
2.928222254489134049e-03
2.662020231353758384e-03
2.770921059000048311e-03
2.710420599196553763e-03
2.444218576061178098e-03
2.770921059000048311e-03
2.710420599196553763e-03
2.613619863510962572e-03
2.722520691157252933e-03
2.432118484100479362e-03
2.553119403707468024e-03
2.286917380572092359e-03
2.286917380572092359e-03
2.516819127825371382e-03
2.178016552925802433e-03
2.262717196650694453e-03
2.226416920768597811e-03
2.153816369004404527e-03
2.069115725279512073e-03
1.548811770969459262e-03
2.093315909200909979e-03
1.911814529790426334e-03
1.887614345869028645e-03
2.202216736847199905e-03
1.875514253908329692e-03
1.948114805672523193e-03
2.020715357436716694e-03
1.899714437829727598e-03
2.032815449397415430e-03
1.996515173515318788e-03
1.790813610183437455e-03
1.766613426262039549e-03
1.936014713711824240e-03
1.742413242340641859e-03
1.875514253908329692e-03
1.923914621751125287e-03
1.718213058419243953e-03
1.754513334301340596e-03
1.766613426262039549e-03
1.851314069986932003e-03
1.730313150379942906e-03
1.694012874497846264e-03
1.609312230772953810e-03
1.621412322733652763e-03
1.730313150379942906e-03
1.839213978026233050e-03
1.863414161947630739e-03
1.790813610183437455e-03
1.875514253908329692e-03
1.669812690576448358e-03
1.621412322733652763e-03
1.815013794104835144e-03
1.512511495087362620e-03
1.621412322733652763e-03
1.730313150379942906e-03
1.754513334301340596e-03
1.548811770969459262e-03
1.476211219205265978e-03
1.694012874497846264e-03
1.597212138812255074e-03
1.657712598615749405e-03
1.548811770969459262e-03
1.609312230772953810e-03
1.318910023716180239e-03
1.669812690576448358e-03
1.548811770969459262e-03
1.524611587048061573e-03
1.427810851362470383e-03
1.512511495087362620e-03
1.331010115676879192e-03
1.439910943323169336e-03
1.452011035283868072e-03
1.415710759401771430e-03
1.415710759401771430e-03
1.536711679008760526e-03
1.476211219205265978e-03
1.548811770969459262e-03
1.367310391558975834e-03
1.222109288030589049e-03
1.464111127244567025e-03
1.439910943323169336e-03
1.282609747834083597e-03
1.476211219205265978e-03
1.222109288030589049e-03
1.294709839794782333e-03
1.294709839794782333e-03
1.294709839794782333e-03
1.367310391558975834e-03
1.343110207637578145e-03
1.415710759401771430e-03
1.270509655873384644e-03
1.246309471951986738e-03
1.294709839794782333e-03
1.306809931755481286e-03
1.137408644305696812e-03
1.270509655873384644e-03
1.318910023716180239e-03
1.258409563912685691e-03
1.258409563912685691e-03
1.149508736266395548e-03
1.173708920187793454e-03
1.270509655873384644e-03
1.173708920187793454e-03
1.282609747834083597e-03
1.306809931755481286e-03
1.222109288030589049e-03
1.173708920187793454e-03
1.173708920187793454e-03
1.185809012148492407e-03
1.028507816659406668e-03
1.101108368423599953e-03
1.089008276462901216e-03
1.149508736266395548e-03
1.089008276462901216e-03
1.076908184502202263e-03
1.040607908620105621e-03
1.004307632738008762e-03
1.149508736266395548e-03
7.986060694061275370e-04
1.040607908620105621e-03
1.028507816659406668e-03
8.954068050917187273e-04
9.922075407773098092e-04
8.954068050917187273e-04
1.064808092541503310e-03
1.089008276462901216e-03
1.028507816659406668e-03
1.004307632738008762e-03
8.107061613668263816e-04
9.680073568559121201e-04
9.196069890131165249e-04
9.922075407773098092e-04
9.922075407773098092e-04
9.196069890131165249e-04
9.196069890131165249e-04
8.954068050917187273e-04
9.438071729345143225e-04
9.801074488166110731e-04
9.438071729345143225e-04
9.801074488166110731e-04
9.801074488166110731e-04
8.349063452882241792e-04
9.196069890131165249e-04
9.801074488166110731e-04
9.075068970524175719e-04
9.680073568559121201e-04
9.680073568559121201e-04
9.680073568559121201e-04
7.986060694061275370e-04
9.559072648952131671e-04
9.559072648952131671e-04
8.591065292096219767e-04
7.865059774454285840e-04
5.082038623493538576e-04
7.502057015633318334e-04
9.317070809738153695e-04
9.317070809738153695e-04
8.833067131310197743e-04
8.228062533275253346e-04
8.954068050917187273e-04
7.986060694061275370e-04
7.986060694061275370e-04
8.591065292096219767e-04
7.986060694061275370e-04
8.470064372489231322e-04
7.502057015633318334e-04
7.502057015633318334e-04
8.470064372489231322e-04
7.744058854847296310e-04
8.228062533275253346e-04
7.502057015633318334e-04
7.986060694061275370e-04
7.744058854847296310e-04
7.139054256812351913e-04
7.139054256812351913e-04
7.502057015633318334e-04
7.381056096026329888e-04
7.018053337205362383e-04
6.897052417598373937e-04
7.623057935240307864e-04
7.744058854847296310e-04
7.139054256812351913e-04
7.260055176419340358e-04
6.534049658777406431e-04
7.744058854847296310e-04
5.808044141135472503e-04
7.018053337205362383e-04
7.018053337205362383e-04
7.260055176419340358e-04
6.897052417598373937e-04
5.687043221528484058e-04
6.050045980349450479e-04
6.655050578384395961e-04
4.719035864672571612e-04
7.018053337205362383e-04
7.139054256812351913e-04
6.292047819563428455e-04
7.139054256812351913e-04
6.413048739170417985e-04
7.139054256812351913e-04
6.050045980349450479e-04
6.534049658777406431e-04
4.235032186244615661e-04
6.534049658777406431e-04
5.082038623493538576e-04
6.292047819563428455e-04
5.203039543100528106e-04
6.292047819563428455e-04
5.687043221528484058e-04
5.808044141135472503e-04
5.929045060742462033e-04
6.050045980349450479e-04
5.687043221528484058e-04
5.445041382314506082e-04
5.324040462707516552e-04
6.292047819563428455e-04
4.356033105851604649e-04
4.961037703886549046e-04
4.961037703886549046e-04
6.050045980349450479e-04
5.566042301921494528e-04
5.324040462707516552e-04
4.356033105851604649e-04
5.929045060742462033e-04
5.566042301921494528e-04
5.445041382314506082e-04
5.082038623493538576e-04
4.961037703886549046e-04
5.566042301921494528e-04
5.324040462707516552e-04
5.445041382314506082e-04
4.961037703886549046e-04
5.566042301921494528e-04
4.961037703886549046e-04
3.993030347030637685e-04
4.961037703886549046e-04
4.356033105851604649e-04
5.566042301921494528e-04
5.082038623493538576e-04
5.203039543100528106e-04
5.082038623493538576e-04
5.566042301921494528e-04
5.324040462707516552e-04
4.961037703886549046e-04
5.324040462707516552e-04
4.961037703886549046e-04
5.445041382314506082e-04
5.082038623493538576e-04
4.840036784279560600e-04
5.203039543100528106e-04
5.082038623493538576e-04
2.783021150960747264e-04
5.324040462707516552e-04
4.598034945065582624e-04
5.082038623493538576e-04
4.961037703886549046e-04
4.840036784279560600e-04
4.235032186244615661e-04
5.203039543100528106e-04
4.356033105851604649e-04
4.356033105851604649e-04
4.961037703886549046e-04
4.114031266637626673e-04
4.598034945065582624e-04
5.082038623493538576e-04
4.356033105851604649e-04
4.840036784279560600e-04
5.082038623493538576e-04
4.961037703886549046e-04
4.598034945065582624e-04
4.356033105851604649e-04
4.961037703886549046e-04
4.114031266637626673e-04
4.961037703886549046e-04
4.840036784279560600e-04
3.872029427423648155e-04
4.356033105851604649e-04
4.114031266637626673e-04
3.872029427423648155e-04
4.477034025458593637e-04
4.598034945065582624e-04
4.235032186244615661e-04
4.235032186244615661e-04
4.719035864672571612e-04
4.719035864672571612e-04
4.719035864672571612e-04
4.719035864672571612e-04
4.477034025458593637e-04
4.719035864672571612e-04
3.630027588209670179e-04
4.598034945065582624e-04
4.356033105851604649e-04
4.235032186244615661e-04
3.872029427423648155e-04
3.872029427423648155e-04
4.235032186244615661e-04
4.598034945065582624e-04
4.477034025458593637e-04
3.751028507816659167e-04
4.477034025458593637e-04
4.356033105851604649e-04
3.872029427423648155e-04
4.477034025458593637e-04
4.114031266637626673e-04
3.872029427423648155e-04
4.356033105851604649e-04
3.993030347030637685e-04
4.356033105851604649e-04
3.388025748995692203e-04
3.751028507816659167e-04
3.388025748995692203e-04
4.235032186244615661e-04
3.751028507816659167e-04
4.235032186244615661e-04
3.509026668602681191e-04
3.993030347030637685e-04
4.235032186244615661e-04
4.235032186244615661e-04
4.235032186244615661e-04
4.235032186244615661e-04
3.388025748995692203e-04
3.630027588209670179e-04
4.114031266637626673e-04
3.751028507816659167e-04
2.904022070567736252e-04
4.114031266637626673e-04
3.872029427423648155e-04
4.114031266637626673e-04
4.114031266637626673e-04
2.662020231353758276e-04
3.751028507816659167e-04
3.509026668602681191e-04
3.751028507816659167e-04
3.872029427423648155e-04
3.388025748995692203e-04
3.872029427423648155e-04
3.872029427423648155e-04
3.872029427423648155e-04
3.509026668602681191e-04
3.751028507816659167e-04
3.388025748995692203e-04
3.388025748995692203e-04
3.630027588209670179e-04
3.630027588209670179e-04
2.420018392139780300e-04
3.388025748995692203e-04
3.146023909781714228e-04
3.630027588209670179e-04
3.630027588209670179e-04
3.630027588209670179e-04
3.146023909781714228e-04
3.388025748995692203e-04
3.025022990174725240e-04
3.388025748995692203e-04
3.509026668602681191e-04
3.146023909781714228e-04
3.509026668602681191e-04
3.267024829388703215e-04
3.509026668602681191e-04
3.267024829388703215e-04
2.783021150960747264e-04
3.388025748995692203e-04
2.783021150960747264e-04
3.388025748995692203e-04
3.025022990174725240e-04
3.388025748995692203e-04
2.904022070567736252e-04
3.267024829388703215e-04
2.904022070567736252e-04
2.904022070567736252e-04
3.025022990174725240e-04
3.388025748995692203e-04
2.904022070567736252e-04
3.025022990174725240e-04
2.057015633318813336e-04
3.267024829388703215e-04
3.146023909781714228e-04
3.267024829388703215e-04
3.267024829388703215e-04
3.025022990174725240e-04
2.904022070567736252e-04
2.904022070567736252e-04
2.783021150960747264e-04
2.662020231353758276e-04
2.904022070567736252e-04
2.420018392139780300e-04
3.146023909781714228e-04
3.025022990174725240e-04
2.541019311746769288e-04
2.783021150960747264e-04
2.904022070567736252e-04
2.783021150960747264e-04
2.904022070567736252e-04
3.025022990174725240e-04
2.783021150960747264e-04
2.541019311746769288e-04
2.783021150960747264e-04
2.904022070567736252e-04
2.541019311746769288e-04
3.025022990174725240e-04
3.025022990174725240e-04
3.025022990174725240e-04
2.904022070567736252e-04
2.662020231353758276e-04
2.662020231353758276e-04
2.420018392139780300e-04
2.178016552925802324e-04
2.420018392139780300e-04
2.662020231353758276e-04
2.420018392139780300e-04
2.541019311746769288e-04
2.662020231353758276e-04
2.420018392139780300e-04
2.783021150960747264e-04
2.541019311746769288e-04
2.783021150960747264e-04
2.783021150960747264e-04
2.541019311746769288e-04
2.783021150960747264e-04
2.178016552925802324e-04
2.420018392139780300e-04
1.936014713711824077e-04
2.057015633318813336e-04
2.420018392139780300e-04
2.662020231353758276e-04
1.936014713711824077e-04
2.178016552925802324e-04
2.178016552925802324e-04
2.420018392139780300e-04
2.299017472532791312e-04
2.299017472532791312e-04
2.057015633318813336e-04
1.573011954890857114e-04
1.815013794104835090e-04
2.178016552925802324e-04
2.057015633318813336e-04
2.420018392139780300e-04
2.420018392139780300e-04
1.452011035283868126e-04
2.299017472532791312e-04
2.178016552925802324e-04
1.936014713711824077e-04
2.299017472532791312e-04
1.694012874497846102e-04
2.420018392139780300e-04
2.420018392139780300e-04
2.178016552925802324e-04
1.694012874497846102e-04
1.936014713711824077e-04
2.299017472532791312e-04
1.815013794104835090e-04
2.178016552925802324e-04
2.299017472532791312e-04
1.573011954890857114e-04
2.299017472532791312e-04
2.299017472532791312e-04
2.178016552925802324e-04
2.178016552925802324e-04
2.178016552925802324e-04
2.057015633318813336e-04
1.573011954890857114e-04
1.936014713711824077e-04
1.936014713711824077e-04
2.178016552925802324e-04
1.936014713711824077e-04
1.210009196069890150e-04
1.210009196069890150e-04
2.178016552925802324e-04
2.178016552925802324e-04
1.936014713711824077e-04
2.178016552925802324e-04
1.694012874497846102e-04
2.178016552925802324e-04
2.057015633318813336e-04
1.936014713711824077e-04
1.936014713711824077e-04
2.057015633318813336e-04
1.815013794104835090e-04
1.936014713711824077e-04
1.936014713711824077e-04
2.178016552925802324e-04
1.815013794104835090e-04
1.815013794104835090e-04
1.936014713711824077e-04
1.936014713711824077e-04
1.936014713711824077e-04
1.936014713711824077e-04
1.573011954890857114e-04
1.815013794104835090e-04
2.057015633318813336e-04
2.057015633318813336e-04
1.694012874497846102e-04
1.936014713711824077e-04
1.815013794104835090e-04
1.694012874497846102e-04
1.936014713711824077e-04
1.815013794104835090e-04
1.936014713711824077e-04
1.815013794104835090e-04
1.694012874497846102e-04
1.936014713711824077e-04
1.936014713711824077e-04
1.815013794104835090e-04
1.936014713711824077e-04
1.815013794104835090e-04
1.573011954890857114e-04
1.694012874497846102e-04
1.694012874497846102e-04
1.815013794104835090e-04
1.573011954890857114e-04
1.936014713711824077e-04
1.452011035283868126e-04
1.573011954890857114e-04
1.694012874497846102e-04
1.815013794104835090e-04
1.452011035283868126e-04
1.936014713711824077e-04
1.815013794104835090e-04
1.694012874497846102e-04
1.573011954890857114e-04
1.815013794104835090e-04
9.680073568559120387e-05
1.573011954890857114e-04
1.815013794104835090e-04
1.331010115676879138e-04
1.573011954890857114e-04
1.815013794104835090e-04
1.573011954890857114e-04
1.694012874497846102e-04
1.573011954890857114e-04
1.452011035283868126e-04
1.694012874497846102e-04
1.452011035283868126e-04
1.452011035283868126e-04
1.210009196069890150e-04
1.694012874497846102e-04
1.694012874497846102e-04
1.694012874497846102e-04
1.694012874497846102e-04
1.694012874497846102e-04
1.694012874497846102e-04
1.210009196069890150e-04
1.573011954890857114e-04
1.331010115676879138e-04
1.573011954890857114e-04
1.573011954890857114e-04
1.694012874497846102e-04
1.573011954890857114e-04
1.331010115676879138e-04
1.573011954890857114e-04
1.210009196069890150e-04
1.573011954890857114e-04
1.573011954890857114e-04
1.573011954890857114e-04
1.452011035283868126e-04
1.331010115676879138e-04
1.331010115676879138e-04
1.452011035283868126e-04
1.331010115676879138e-04
1.452011035283868126e-04
1.331010115676879138e-04
1.573011954890857114e-04
1.452011035283868126e-04
1.452011035283868126e-04
1.452011035283868126e-04
1.210009196069890150e-04
1.452011035283868126e-04
1.452011035283868126e-04
9.680073568559120387e-05
1.452011035283868126e-04
1.452011035283868126e-04
1.210009196069890150e-04
1.452011035283868126e-04
1.331010115676879138e-04
1.331010115676879138e-04
1.452011035283868126e-04
1.331010115676879138e-04
1.210009196069890150e-04
1.452011035283868126e-04
1.452011035283868126e-04
1.210009196069890150e-04
1.089008276462901162e-04
9.680073568559120387e-05
1.331010115676879138e-04
1.331010115676879138e-04
1.331010115676879138e-04
1.452011035283868126e-04
1.452011035283868126e-04
1.331010115676879138e-04
1.331010115676879138e-04
1.331010115676879138e-04
1.210009196069890150e-04
1.331010115676879138e-04
1.210009196069890150e-04
1.331010115676879138e-04
1.331010115676879138e-04
1.331010115676879138e-04
7.260055176419340629e-05
1.089008276462901162e-04
1.331010115676879138e-04
1.089008276462901162e-04
1.331010115676879138e-04
1.210009196069890150e-04
1.210009196069890150e-04
1.089008276462901162e-04
1.210009196069890150e-04
1.210009196069890150e-04
1.210009196069890150e-04
1.210009196069890150e-04
8.470064372489230508e-05
8.470064372489230508e-05
7.260055176419340629e-05
1.210009196069890150e-04
7.260055176419340629e-05
9.680073568559120387e-05
9.680073568559120387e-05
1.210009196069890150e-04
1.210009196069890150e-04
9.680073568559120387e-05
1.210009196069890150e-04
1.210009196069890150e-04
1.210009196069890150e-04
1.210009196069890150e-04
1.210009196069890150e-04
1.210009196069890150e-04
9.680073568559120387e-05
1.089008276462901162e-04
1.210009196069890150e-04
9.680073568559120387e-05
9.680073568559120387e-05
1.210009196069890150e-04
1.089008276462901162e-04
1.089008276462901162e-04
8.470064372489230508e-05
9.680073568559120387e-05
1.210009196069890150e-04
1.210009196069890150e-04
1.210009196069890150e-04
8.470064372489230508e-05
1.210009196069890150e-04
8.470064372489230508e-05
1.089008276462901162e-04
1.089008276462901162e-04
7.260055176419340629e-05
7.260055176419340629e-05
1.089008276462901162e-04
9.680073568559120387e-05
1.089008276462901162e-04
8.470064372489230508e-05
1.089008276462901162e-04
1.089008276462901162e-04
1.089008276462901162e-04
9.680073568559120387e-05
8.470064372489230508e-05
1.089008276462901162e-04
1.089008276462901162e-04
9.680073568559120387e-05
9.680073568559120387e-05
9.680073568559120387e-05
9.680073568559120387e-05
7.260055176419340629e-05
8.470064372489230508e-05
9.680073568559120387e-05
7.260055176419340629e-05
7.260055176419340629e-05
8.470064372489230508e-05
8.470064372489230508e-05
8.470064372489230508e-05
7.260055176419340629e-05
8.470064372489230508e-05
9.680073568559120387e-05
9.680073568559120387e-05
9.680073568559120387e-05
9.680073568559120387e-05
7.260055176419340629e-05
9.680073568559120387e-05
4.840036784279560194e-05
9.680073568559120387e-05
7.260055176419340629e-05
6.050045980349450750e-05
7.260055176419340629e-05
9.680073568559120387e-05
7.260055176419340629e-05
9.680073568559120387e-05
6.050045980349450750e-05
7.260055176419340629e-05
8.470064372489230508e-05
6.050045980349450750e-05
8.470064372489230508e-05
9.680073568559120387e-05
9.680073568559120387e-05
9.680073568559120387e-05
9.680073568559120387e-05
9.680073568559120387e-05
9.680073568559120387e-05
9.680073568559120387e-05
9.680073568559120387e-05
9.680073568559120387e-05
9.680073568559120387e-05
9.680073568559120387e-05
9.680073568559120387e-05
6.050045980349450750e-05
9.680073568559120387e-05
9.680073568559120387e-05
7.260055176419340629e-05
9.680073568559120387e-05
9.680073568559120387e-05
9.680073568559120387e-05
7.260055176419340629e-05
9.680073568559120387e-05
8.470064372489230508e-05
8.470064372489230508e-05
8.470064372489230508e-05
6.050045980349450750e-05
8.470064372489230508e-05
6.050045980349450750e-05
7.260055176419340629e-05
6.050045980349450750e-05
8.470064372489230508e-05
4.840036784279560194e-05
6.050045980349450750e-05
6.050045980349450750e-05
7.260055176419340629e-05
8.470064372489230508e-05
8.470064372489230508e-05
8.470064372489230508e-05
8.470064372489230508e-05
7.260055176419340629e-05
7.260055176419340629e-05
7.260055176419340629e-05
7.260055176419340629e-05
0.000000000000000000e+00
7.260055176419340629e-05
7.260055176419340629e-05
7.260055176419340629e-05
7.260055176419340629e-05
7.260055176419340629e-05
2.420018392139780097e-05
7.260055176419340629e-05
6.050045980349450750e-05
6.050045980349450750e-05
7.260055176419340629e-05
7.260055176419340629e-05
4.840036784279560194e-05
7.260055176419340629e-05
4.840036784279560194e-05
7.260055176419340629e-05
4.840036784279560194e-05
7.260055176419340629e-05
7.260055176419340629e-05
7.260055176419340629e-05
7.260055176419340629e-05
7.260055176419340629e-05
7.260055176419340629e-05
7.260055176419340629e-05
7.260055176419340629e-05
4.840036784279560194e-05
7.260055176419340629e-05
7.260055176419340629e-05
6.050045980349450750e-05
7.260055176419340629e-05
7.260055176419340629e-05
7.260055176419340629e-05
7.260055176419340629e-05
4.840036784279560194e-05
7.260055176419340629e-05
7.260055176419340629e-05
6.050045980349450750e-05
7.260055176419340629e-05
7.260055176419340629e-05
7.260055176419340629e-05
2.420018392139780097e-05
7.260055176419340629e-05
7.260055176419340629e-05
7.260055176419340629e-05
7.260055176419340629e-05
7.260055176419340629e-05
4.840036784279560194e-05
7.260055176419340629e-05
7.260055176419340629e-05
7.260055176419340629e-05
7.260055176419340629e-05
7.260055176419340629e-05
7.260055176419340629e-05
7.260055176419340629e-05
7.260055176419340629e-05
7.260055176419340629e-05
7.260055176419340629e-05
4.840036784279560194e-05
7.260055176419340629e-05
6.050045980349450750e-05
3.630027588209670315e-05
7.260055176419340629e-05
7.260055176419340629e-05
7.260055176419340629e-05
7.260055176419340629e-05
7.260055176419340629e-05
6.050045980349450750e-05
4.840036784279560194e-05
6.050045980349450750e-05
6.050045980349450750e-05
6.050045980349450750e-05
6.050045980349450750e-05
6.050045980349450750e-05
6.050045980349450750e-05
6.050045980349450750e-05
6.050045980349450750e-05
3.630027588209670315e-05
6.050045980349450750e-05
6.050045980349450750e-05
6.050045980349450750e-05
6.050045980349450750e-05
