2.151953729600564885e-02
8.349852010752979725e-03
2.324381567871398532e-02
1.982241290357618022e-02
1.914356314660439415e-02
1.900779319521003763e-02
1.536915849784125862e-02
1.246368153800201002e-02
1.304749232899774652e-02
1.240937355744426568e-02
1.337334021234420391e-02
1.254514350883862393e-02
1.088875010182746399e-02
1.025063133027398314e-02
1.003339940804301271e-02
7.426616341271350188e-03
9.598935563581068378e-03
8.892931816330409273e-03
1.357699513943574004e-05
8.743584869796617101e-03
8.010427132267086692e-03
8.675699894099437107e-03
7.766041219757243222e-03
7.915388166291037128e-03
7.331577375295299757e-04
7.942542156569908432e-03
7.820349200314985830e-03
7.236538409319249326e-03
7.630271268362885835e-03
7.453770331550221492e-03
7.304423385016428454e-03
7.290846389876992802e-03
6.937844516251663249e-03
6.815651559996741514e-03
6.937844516251663249e-03
6.639150623184077171e-03
6.001031851630597193e-03
2.036549270915361074e-04
6.367610720395362398e-03
6.245417764140440663e-03
5.960300866212290237e-03
6.340456730116490226e-03
6.163955793303825884e-03
5.987454856491161541e-03
4.127406522388465081e-03
5.973877861351725889e-03
5.308605099519374607e-03
5.783799929399625027e-03
5.444375050913731993e-03
5.118527167567273745e-03
5.077796182148966789e-03
4.860564259917994623e-03
4.874141255057430275e-03
4.833410269639123319e-03
4.507562386292665937e-03
4.792679284220816363e-03
4.643332337687023324e-03
4.561870366850408545e-03
4.521139381432101589e-03
4.697640318244765932e-03
2.688245037608276433e-03
4.086675536970158125e-03
4.643332337687023324e-03
4.331061449480000727e-03
4.426100415456051158e-03
4.005213566133543346e-03
2.104434246612539496e-03
2.769707008444890779e-03
2.158742227170282538e-03
3.964482580715236390e-03
4.032367556412414650e-03
3.842289624460314655e-03
3.720096668205392920e-03
3.774404648763135528e-03
3.774404648763135528e-03
3.462133760556113798e-03
2.606783066771662088e-03
3.584326716811035533e-03
2.810437993863198168e-03
3.448556765416678146e-03
3.326363809161756412e-03
1.004697640318244749e-03
3.367094794580063367e-03
3.258478833464577718e-03
3.149862872349091635e-03
2.199473212588589927e-03
3.068400901512477290e-03
3.204170852906834677e-03
3.000515925815298596e-03
1.982241290357618195e-03
3.136285877209655983e-03
3.136285877209655983e-03
3.231324843185705981e-03
3.014092920954734248e-03
2.973361935536427293e-03
3.014092920954734248e-03
3.122708882070220331e-03
2.973361935536427293e-03
2.593206071632226436e-03
2.810437993863198168e-03
2.810437993863198168e-03
2.878322969560376862e-03
1.832894343823824939e-03
1.846471338963260591e-03
2.728976023026583823e-03
2.647514052189969477e-03
2.009395280636489499e-03
2.511744100795612090e-03
2.593206071632226436e-03
2.538898091074483394e-03
2.443859125098433397e-03
2.647514052189969477e-03
2.579629076492790784e-03
2.389551144540690356e-03
2.389551144540690356e-03
2.430282129958997311e-03
2.457436120237869049e-03
2.335243163982947314e-03
2.403128139680126008e-03
2.240204198006897317e-03
2.185896217449154275e-03
2.226627202867461231e-03
2.158742227170282538e-03
2.199473212588589927e-03
2.226627202867461231e-03
2.280935183425204273e-03
2.213050207728025579e-03
2.226627202867461231e-03
2.280935183425204273e-03
2.104434246612539496e-03
2.036549270915360803e-03
1.914356314660439285e-03
2.199473212588589927e-03
2.090857251473103844e-03
1.860048334102696460e-03
2.009395280636489499e-03
1.995818285497053847e-03
2.050126266054796888e-03
8.281967035055801899e-04
1.982241290357618195e-03
1.941510304939310805e-03
1.873625329242132112e-03
1.832894343823824939e-03
1.927933309799875154e-03
1.941510304939310805e-03
1.805740353544953419e-03
1.072582616015423443e-03
1.887202324381567764e-03
1.629239416732288859e-03
1.805740353544953419e-03
1.357699513943574004e-05
1.656393407011160380e-03
1.683547397290031684e-03
1.765009368126646246e-03
1.669970402150596032e-03
1.656393407011160380e-03
1.792163358405517767e-03
1.588508431313981686e-03
1.642816411871724511e-03
1.602085426453417338e-03
1.710701387568903204e-03
1.642816411871724511e-03
1.357699513943574004e-05
1.629239416732288859e-03
1.588508431313981686e-03
1.602085426453417338e-03
1.588508431313981686e-03
1.534200450756238645e-03
1.439161484780188431e-03
1.547777445895674297e-03
1.547777445895674297e-03
1.561354441035110166e-03
1.479892470198495603e-03
1.371276509083009737e-03
1.412007494501316910e-03
1.520623455616802993e-03
1.466315475059059951e-03
1.507046460477367124e-03
8.146197083661444024e-05
1.412007494501316910e-03
1.479892470198495603e-03
1.466315475059059951e-03
1.425584489640752779e-03
1.384853504222445389e-03
1.371276509083009737e-03
1.330545523664702565e-03
1.357699513943574085e-03
1.371276509083009737e-03
1.344122518804138217e-03
5.295028104379938955e-04
1.316968528525266696e-03
1.303391533385831044e-03
1.316968528525266696e-03
1.357699513943574140e-04
1.357699513943574004e-05
1.140467591712602136e-03
1.181198577130909309e-03
1.167621581991473657e-03
1.194775572270345178e-03
1.262660547967523871e-03
1.249083552828088002e-03
9.775436500393732287e-04
1.181198577130909309e-03
1.262660547967523871e-03
1.126890596573166484e-03
1.181198577130909309e-03
1.113313601433730616e-03
1.140467591712602136e-03
1.086159611154859312e-03
1.126890596573166484e-03
1.194775572270345178e-03
9.639666548999375768e-04
1.126890596573166484e-03
2.308089173704075739e-04
1.126890596573166484e-03
1.208352567409780830e-03
1.140467591712602136e-03
1.059005620875987791e-03
1.099736606294294964e-03
1.086159611154859312e-03
1.072582616015423443e-03
1.018274635457680401e-03
1.018274635457680401e-03
1.167621581991473657e-03
1.018274635457680401e-03
3.394248784858935213e-04
1.113313601433730616e-03
1.045428625736551922e-03
1.018274635457680401e-03
1.018274635457680401e-03
9.775436500393732287e-04
8.689276889238873626e-04
1.018274635457680401e-03
2.986938930675862944e-04
8.146197083661444295e-04
9.911206451788090975e-04
9.639666548999375768e-04
9.503896597605018164e-04
9.096586743421945353e-04
9.232356694816302957e-04
1.765009368126646138e-04
5.295028104379938955e-04
8.960816792027588833e-04
8.960816792027588833e-04
8.825046840633231230e-04
8.825046840633231230e-04
7.738887229478371484e-04
8.417736986450158419e-04
7.738887229478371484e-04
8.146197083661444295e-04
8.553506937844516022e-04
8.689276889238873626e-04
8.689276889238873626e-04
4.073098541830722148e-04
8.417736986450158419e-04
8.417736986450158419e-04
8.417736986450158419e-04
8.010427132267086692e-04
7.195807423900942154e-04
8.010427132267086692e-04
8.146197083661444295e-04
7.874657180872729088e-04
8.010427132267086692e-04
8.010427132267086692e-04
7.874657180872729088e-04
8.010427132267086692e-04
7.738887229478371484e-04
7.603117278084014965e-04
7.738887229478371484e-04
7.467347326689657361e-04
7.603117278084014965e-04
7.060037472506584550e-04
8.146197083661444295e-04
7.467347326689657361e-04
7.467347326689657361e-04
7.603117278084014965e-04
1.357699513943574004e-05
7.738887229478371484e-04
7.331577375295299757e-04
7.060037472506584550e-04
5.023488201591223747e-04
7.195807423900942154e-04
7.331577375295299757e-04
7.060037472506584550e-04
6.652727618323512823e-04
6.652727618323512823e-04
6.924267521112226946e-04
6.924267521112226946e-04
6.924267521112226946e-04
2.986938930675862944e-04
6.381187715534797616e-04
5.973877861351725889e-04
6.245417764140440012e-04
6.516957666929155219e-04
6.245417764140440012e-04
6.245417764140440012e-04
6.516957666929155219e-04
6.381187715534797616e-04
5.702337958563010682e-04
5.838107909957368285e-04
6.381187715534797616e-04
6.516957666929155219e-04
6.245417764140440012e-04
6.109647812746083493e-04
6.788497569717870427e-04
5.973877861351725889e-04
5.566568007168653078e-04
5.159258152985581351e-04
6.109647812746083493e-04
5.973877861351725889e-04
5.973877861351725889e-04
5.973877861351725889e-04
5.973877861351725889e-04
5.702337958563010682e-04
6.109647812746083493e-04
6.245417764140440012e-04
5.973877861351725889e-04
5.702337958563010682e-04
4.208868493225079209e-04
5.566568007168653078e-04
5.838107909957368285e-04
4.887718250196866144e-04
1.900779319521003741e-04
5.023488201591223747e-04
5.838107909957368285e-04
3.801558639042007482e-04
5.430798055774296558e-04
5.566568007168653078e-04
5.702337958563010682e-04
5.295028104379938955e-04
1.086159611154859203e-04
5.702337958563010682e-04
5.159258152985581351e-04
1.357699513943574004e-05
5.702337958563010682e-04
5.430798055774296558e-04
5.566568007168653078e-04
5.023488201591223747e-04
5.295028104379938955e-04
1.357699513943574004e-05
5.295028104379938955e-04
5.430798055774296558e-04
2.443859125098433072e-04
5.159258152985581351e-04
2.851168979281505341e-04
2.715399027887148279e-04
4.887718250196866144e-04
5.295028104379938955e-04
5.023488201591223747e-04
5.159258152985581351e-04
3.122708882070220006e-04
5.159258152985581351e-04
4.616178347408151478e-04
4.887718250196866144e-04
5.159258152985581351e-04
4.887718250196866144e-04
4.887718250196866144e-04
1.357699513943574004e-05
5.295028104379938955e-04
2.851168979281505341e-04
4.751948298802509082e-04
4.887718250196866144e-04
4.480408396013794417e-04
4.751948298802509082e-04
5.023488201591223747e-04
4.480408396013794417e-04
4.480408396013794417e-04
4.751948298802509082e-04
4.616178347408151478e-04
4.751948298802509082e-04
4.480408396013794417e-04
4.751948298802509082e-04
4.616178347408151478e-04
4.887718250196866144e-04
4.344638444619436813e-04
4.480408396013794417e-04
4.208868493225079209e-04
4.616178347408151478e-04
4.616178347408151478e-04
4.344638444619436813e-04
4.344638444619436813e-04
4.073098541830722148e-04
4.480408396013794417e-04
4.208868493225079209e-04
4.480408396013794417e-04
4.616178347408151478e-04
4.344638444619436813e-04
4.208868493225079209e-04
3.937328590436364544e-04
4.344638444619436813e-04
3.258478833464577610e-04
3.801558639042007482e-04
4.208868493225079209e-04
4.344638444619436813e-04
4.208868493225079209e-04
1.493469465337931472e-04
4.480408396013794417e-04
4.480408396013794417e-04
4.208868493225079209e-04
4.208868493225079209e-04
3.937328590436364544e-04
4.344638444619436813e-04
1.357699513943574004e-05
4.208868493225079209e-04
3.937328590436364544e-04
3.530018736253292275e-04
3.937328590436364544e-04
4.208868493225079209e-04
4.208868493225079209e-04
3.937328590436364544e-04
4.073098541830722148e-04
3.937328590436364544e-04
4.208868493225079209e-04
3.801558639042007482e-04
3.801558639042007482e-04
3.394248784858935213e-04
2.443859125098433072e-04
2.443859125098433072e-04
3.801558639042007482e-04
4.073098541830722148e-04
3.665788687647649879e-04
3.530018736253292275e-04
3.394248784858935213e-04
3.665788687647649879e-04
3.665788687647649879e-04
3.665788687647649879e-04
4.073098541830722012e-05
3.530018736253292275e-04
3.801558639042007482e-04
3.801558639042007482e-04
3.665788687647649879e-04
1.357699513943574004e-05
3.394248784858935213e-04
3.530018736253292275e-04
3.530018736253292275e-04
3.665788687647649879e-04
3.530018736253292275e-04
3.394248784858935213e-04
3.530018736253292275e-04
3.122708882070220006e-04
3.665788687647649879e-04
1.357699513943574004e-05
3.394248784858935213e-04
3.665788687647649879e-04
1.493469465337931472e-04
3.530018736253292275e-04
8.146197083661444024e-05
3.258478833464577610e-04
3.258478833464577610e-04
3.258478833464577610e-04
3.530018736253292275e-04
3.394248784858935213e-04
3.530018736253292275e-04
3.258478833464577610e-04
3.122708882070220006e-04
3.122708882070220006e-04
3.122708882070220006e-04
3.258478833464577610e-04
2.715399027887148008e-05
2.715399027887148279e-04
3.258478833464577610e-04
1.221929562549216536e-04
4.073098541830722012e-05
4.073098541830722012e-05
2.851168979281505341e-04
3.122708882070220006e-04
2.986938930675862944e-04
2.715399027887148279e-04
3.258478833464577610e-04
2.851168979281505341e-04
2.308089173704075739e-04
2.851168979281505341e-04
3.258478833464577610e-04
3.122708882070220006e-04
3.122708882070220006e-04
2.986938930675862944e-04
2.579629076492790675e-04
2.851168979281505341e-04
2.986938930675862944e-04
2.715399027887148279e-04
2.986938930675862944e-04
2.579629076492790675e-04
2.851168979281505341e-04
2.986938930675862944e-04
2.036549270915361074e-04
2.036549270915361074e-04
2.851168979281505341e-04
2.715399027887148279e-04
2.579629076492790675e-04
2.579629076492790675e-04
2.715399027887148279e-04
2.172319222309718406e-04
2.443859125098433072e-04
2.851168979281505341e-04
2.851168979281505341e-04
2.851168979281505341e-04
1.765009368126646138e-04
2.851168979281505341e-04
2.443859125098433072e-04
2.579629076492790675e-04
2.579629076492790675e-04
2.579629076492790675e-04
1.357699513943574004e-05
2.851168979281505341e-04
1.357699513943574004e-05
1.493469465337931472e-04
2.308089173704075739e-04
1.493469465337931472e-04
1.765009368126646138e-04
2.579629076492790675e-04
9.503896597605018706e-05
2.579629076492790675e-04
2.715399027887148279e-04
2.172319222309718406e-04
2.443859125098433072e-04
2.443859125098433072e-04
2.308089173704075739e-04
2.172319222309718406e-04
2.579629076492790675e-04
2.172319222309718406e-04
2.443859125098433072e-04
1.357699513943574004e-05
2.172319222309718406e-04
2.172319222309718406e-04
2.579629076492790675e-04
2.443859125098433072e-04
2.308089173704075739e-04
2.443859125098433072e-04
2.443859125098433072e-04
2.308089173704075739e-04
2.308089173704075739e-04
1.357699513943574140e-04
2.172319222309718406e-04
2.172319222309718406e-04
2.036549270915361074e-04
1.357699513943574140e-04
1.765009368126646138e-04
1.900779319521003741e-04
2.308089173704075739e-04
2.443859125098433072e-04
2.308089173704075739e-04
2.172319222309718406e-04
2.172319222309718406e-04
2.172319222309718406e-04
2.308089173704075739e-04
2.172319222309718406e-04
2.172319222309718406e-04
1.765009368126646138e-04
2.036549270915361074e-04
1.765009368126646138e-04
1.900779319521003741e-04
1.629239416732288805e-04
2.308089173704075739e-04
2.308089173704075739e-04
1.900779319521003741e-04
2.172319222309718406e-04
2.308089173704075739e-04
1.357699513943574004e-05
2.036549270915361074e-04
2.172319222309718406e-04
1.900779319521003741e-04
2.172319222309718406e-04
1.900779319521003741e-04
1.629239416732288805e-04
1.765009368126646138e-04
1.765009368126646138e-04
2.172319222309718406e-04
1.765009368126646138e-04
1.900779319521003741e-04
1.765009368126646138e-04
2.036549270915361074e-04
2.036549270915361074e-04
2.036549270915361074e-04
1.900779319521003741e-04
2.036549270915361074e-04
1.493469465337931472e-04
2.036549270915361074e-04
2.172319222309718406e-04
1.900779319521003741e-04
9.503896597605018706e-05
1.900779319521003741e-04
1.900779319521003741e-04
1.357699513943574004e-05
1.900779319521003741e-04
1.765009368126646138e-04
1.765009368126646138e-04
1.493469465337931472e-04
1.629239416732288805e-04
1.765009368126646138e-04
1.900779319521003741e-04
1.765009368126646138e-04
1.900779319521003741e-04
2.036549270915361074e-04
1.493469465337931472e-04
1.900779319521003741e-04
2.036549270915361074e-04
1.221929562549216536e-04
1.900779319521003741e-04
1.765009368126646138e-04
1.900779319521003741e-04
1.900779319521003741e-04
1.629239416732288805e-04
1.629239416732288805e-04
1.765009368126646138e-04
1.765009368126646138e-04
1.221929562549216536e-04
1.357699513943574004e-05
1.629239416732288805e-04
1.900779319521003741e-04
1.765009368126646138e-04
1.629239416732288805e-04
1.357699513943574004e-05
1.765009368126646138e-04
1.493469465337931472e-04
1.629239416732288805e-04
1.493469465337931472e-04
1.357699513943574140e-04
1.357699513943574140e-04
1.357699513943574004e-05
9.503896597605018706e-05
1.629239416732288805e-04
1.629239416732288805e-04
1.765009368126646138e-04
1.765009368126646138e-04
1.629239416732288805e-04
1.221929562549216536e-04
1.765009368126646138e-04
1.629239416732288805e-04
1.357699513943574004e-05
1.221929562549216536e-04
1.357699513943574140e-04
1.493469465337931472e-04
1.765009368126646138e-04
1.493469465337931472e-04
1.629239416732288805e-04
1.357699513943574140e-04
1.629239416732288805e-04
1.493469465337931472e-04
1.493469465337931472e-04
1.357699513943574140e-04
1.357699513943574140e-04
1.493469465337931472e-04
1.357699513943574140e-04
1.357699513943574140e-04
1.357699513943574004e-05
1.357699513943574004e-05
1.357699513943574140e-04
1.629239416732288805e-04
1.493469465337931472e-04
1.221929562549216536e-04
1.493469465337931472e-04
1.221929562549216536e-04
1.493469465337931472e-04
1.357699513943574140e-04
1.493469465337931472e-04
9.503896597605018706e-05
1.493469465337931472e-04
1.221929562549216536e-04
1.493469465337931472e-04
1.357699513943574140e-04
1.357699513943574140e-04
1.493469465337931472e-04
1.221929562549216536e-04
1.357699513943574140e-04
1.357699513943574140e-04
1.493469465337931472e-04
1.357699513943574140e-04
1.493469465337931472e-04
1.357699513943574140e-04
1.493469465337931472e-04
9.503896597605018706e-05
9.503896597605018706e-05
1.357699513943574140e-04
1.357699513943574140e-04
8.146197083661444024e-05
1.086159611154859203e-04
1.493469465337931472e-04
1.357699513943574140e-04
1.221929562549216536e-04
8.146197083661444024e-05
1.493469465337931472e-04
9.503896597605018706e-05
1.357699513943574140e-04
1.221929562549216536e-04
1.221929562549216536e-04
1.221929562549216536e-04
1.221929562549216536e-04
1.357699513943574140e-04
1.357699513943574140e-04
1.357699513943574004e-05
1.357699513943574140e-04
1.221929562549216536e-04
1.357699513943574140e-04
1.086159611154859203e-04
1.086159611154859203e-04
1.221929562549216536e-04
1.221929562549216536e-04
1.086159611154859203e-04
8.146197083661444024e-05
1.086159611154859203e-04
1.086159611154859203e-04
1.221929562549216536e-04
1.221929562549216536e-04
1.221929562549216536e-04
1.221929562549216536e-04
1.086159611154859203e-04
1.086159611154859203e-04
1.221929562549216536e-04
1.221929562549216536e-04
6.788497569717870698e-05
1.221929562549216536e-04
1.086159611154859203e-04
1.086159611154859203e-04
1.221929562549216536e-04
1.221929562549216536e-04
1.221929562549216536e-04
1.086159611154859203e-04
9.503896597605018706e-05
9.503896597605018706e-05
8.146197083661444024e-05
1.221929562549216536e-04
1.357699513943574004e-05
1.086159611154859203e-04
1.086159611154859203e-04
1.221929562549216536e-04
1.086159611154859203e-04
1.221929562549216536e-04
1.086159611154859203e-04
1.221929562549216536e-04
1.086159611154859203e-04
1.221929562549216536e-04
1.221929562549216536e-04
1.221929562549216536e-04
1.086159611154859203e-04
1.086159611154859203e-04
1.221929562549216536e-04
1.086159611154859203e-04
1.086159611154859203e-04
1.357699513943574004e-05
9.503896597605018706e-05
1.221929562549216536e-04
4.073098541830722012e-05
1.221929562549216536e-04
2.715399027887148008e-05
9.503896597605018706e-05
9.503896597605018706e-05
1.086159611154859203e-04
1.086159611154859203e-04
1.086159611154859203e-04
9.503896597605018706e-05
8.146197083661444024e-05
9.503896597605018706e-05
9.503896597605018706e-05
1.086159611154859203e-04
1.086159611154859203e-04
1.086159611154859203e-04
9.503896597605018706e-05
8.146197083661444024e-05
8.146197083661444024e-05
9.503896597605018706e-05
1.357699513943574004e-05
8.146197083661444024e-05
9.503896597605018706e-05
6.788497569717870698e-05
8.146197083661444024e-05
1.357699513943574004e-05
8.146197083661444024e-05
6.788497569717870698e-05
9.503896597605018706e-05
8.146197083661444024e-05
8.146197083661444024e-05
6.788497569717870698e-05
8.146197083661444024e-05
5.430798055774296016e-05
9.503896597605018706e-05
8.146197083661444024e-05
9.503896597605018706e-05
8.146197083661444024e-05
9.503896597605018706e-05
6.788497569717870698e-05
8.146197083661444024e-05
9.503896597605018706e-05
8.146197083661444024e-05
8.146197083661444024e-05
8.146197083661444024e-05
9.503896597605018706e-05
9.503896597605018706e-05
4.073098541830722012e-05
8.146197083661444024e-05
8.146197083661444024e-05
9.503896597605018706e-05
9.503896597605018706e-05
5.430798055774296016e-05
8.146197083661444024e-05
6.788497569717870698e-05
5.430798055774296016e-05
6.788497569717870698e-05
9.503896597605018706e-05
9.503896597605018706e-05
8.146197083661444024e-05
9.503896597605018706e-05
8.146197083661444024e-05
9.503896597605018706e-05
8.146197083661444024e-05
8.146197083661444024e-05
6.788497569717870698e-05
8.146197083661444024e-05
8.146197083661444024e-05
9.503896597605018706e-05
9.503896597605018706e-05
8.146197083661444024e-05
1.357699513943574004e-05
8.146197083661444024e-05
1.357699513943574004e-05
2.715399027887148008e-05
8.146197083661444024e-05
8.146197083661444024e-05
9.503896597605018706e-05
8.146197083661444024e-05
9.503896597605018706e-05
6.788497569717870698e-05
8.146197083661444024e-05
6.788497569717870698e-05
8.146197083661444024e-05
8.146197083661444024e-05
6.788497569717870698e-05
8.146197083661444024e-05
4.073098541830722012e-05
6.788497569717870698e-05
8.146197083661444024e-05
8.146197083661444024e-05
6.788497569717870698e-05
8.146197083661444024e-05
6.788497569717870698e-05
6.788497569717870698e-05
6.788497569717870698e-05
8.146197083661444024e-05
8.146197083661444024e-05
5.430798055774296016e-05
5.430798055774296016e-05
8.146197083661444024e-05
6.788497569717870698e-05
8.146197083661444024e-05
8.146197083661444024e-05
8.146197083661444024e-05
6.788497569717870698e-05
8.146197083661444024e-05
8.146197083661444024e-05
8.146197083661444024e-05
6.788497569717870698e-05
8.146197083661444024e-05
8.146197083661444024e-05
6.788497569717870698e-05
8.146197083661444024e-05
8.146197083661444024e-05
6.788497569717870698e-05
6.788497569717870698e-05
8.146197083661444024e-05
6.788497569717870698e-05
6.788497569717870698e-05
6.788497569717870698e-05
6.788497569717870698e-05
6.788497569717870698e-05
6.788497569717870698e-05
5.430798055774296016e-05
5.430798055774296016e-05
5.430798055774296016e-05
6.788497569717870698e-05
1.357699513943574004e-05
5.430798055774296016e-05
6.788497569717870698e-05
1.357699513943574004e-05
6.788497569717870698e-05
1.357699513943574004e-05
5.430798055774296016e-05
4.073098541830722012e-05
6.788497569717870698e-05
6.788497569717870698e-05
6.788497569717870698e-05
6.788497569717870698e-05
6.788497569717870698e-05
6.788497569717870698e-05
6.788497569717870698e-05
5.430798055774296016e-05
5.430798055774296016e-05
1.357699513943574004e-05
5.430798055774296016e-05
6.788497569717870698e-05
6.788497569717870698e-05
6.788497569717870698e-05
6.788497569717870698e-05
6.788497569717870698e-05
4.073098541830722012e-05
4.073098541830722012e-05
6.788497569717870698e-05
2.715399027887148008e-05
6.788497569717870698e-05
4.073098541830722012e-05
4.073098541830722012e-05
6.788497569717870698e-05
