2.605597208818944549e-02
2.154009848316135872e-02
2.118130304604953773e-02
1.839754534431989677e-02
1.743250934105362165e-02
1.730878677653230335e-02
1.406725558607378745e-02
1.380743820057902214e-02
1.266919060698290175e-02
1.237225645213173991e-02
1.219904486180189464e-02
1.169178234726449446e-02
1.117214757627496037e-02
9.328681364907331908e-03
9.130725261673224014e-03
9.229703313290277961e-03
8.734813055205008225e-03
8.277039566476133287e-03
8.326528592284660260e-03
8.351273105188924614e-03
8.351273105188924614e-03
8.128572489050552366e-03
7.695543513225941781e-03
7.757404795486600932e-03
7.633682230965283498e-03
7.336748076114121657e-03
7.225397768044936400e-03
7.076930690619355480e-03
7.015069408358696329e-03
6.866602330933115408e-03
6.643901714794744028e-03
6.656273971246876205e-03
6.309850790587187390e-03
6.198500482518001266e-03
6.309850790587187390e-03
6.037661148640289036e-03
5.938683097023235088e-03
5.926310840571103779e-03
5.790216019597654168e-03
5.678865711528468911e-03
5.777843763145522858e-03
5.790216019597654168e-03
5.604632172815678451e-03
5.443792838937965353e-03
5.419048326033701866e-03
5.431420582485834044e-03
5.295325761512384433e-03
5.258208992155989636e-03
5.208719966347462663e-03
4.651968426001533777e-03
4.614851656645138980e-03
4.540618117932348520e-03
4.429267809863163263e-03
4.478756835671689369e-03
4.392151040506767599e-03
4.454012322767426750e-03
4.218939450176923192e-03
4.231311706629055369e-03
4.119961398559869245e-03
4.268428475985450166e-03
4.095216885655605758e-03
4.144705911464132732e-03
4.218939450176923192e-03
3.934377551777893528e-03
4.020983346942815298e-03
3.748793704995916944e-03
3.674560166283126917e-03
3.501348575953282510e-03
3.637443396926731687e-03
3.600326627570336457e-03
3.686932422735258660e-03
3.488976319501150766e-03
3.587954371118204713e-03
3.476604063049019023e-03
3.427115037240492049e-03
3.414742780788360306e-03
3.340509242075569846e-03
3.253903446910647642e-03
3.117808625937198465e-03
3.216786677554252412e-03
3.018830574320144518e-03
3.080691856580803235e-03
3.055947343676539748e-03
2.956969292059485801e-03
2.857991240442431854e-03
2.956969292059485801e-03
2.783757701729641394e-03
2.944597035607354057e-03
2.820874471086036624e-03
2.882735753346695341e-03
2.845618983990300110e-03
2.845618983990300110e-03
2.932224779155222314e-03
2.796129958181773137e-03
2.697151906564719190e-03
2.759013188825377907e-03
2.833246727538168367e-03
2.697151906564719190e-03
2.647662880756192216e-03
2.548684829139138269e-03
2.548684829139138269e-03
2.610546111399796986e-03
2.598173854947665243e-03
2.474451290426347809e-03
2.474451290426347809e-03
2.412590008165689092e-03
2.424962264617820835e-03
2.313611956548635145e-03
2.350728725905030375e-03
2.301239700096503402e-03
2.214633904931581632e-03
2.400217751713557349e-03
2.338356469452898632e-03
2.165144879123054658e-03
2.165144879123054658e-03
2.202261648479449888e-03
2.227006161383713375e-03
2.115655853314527685e-03
2.189889392027318145e-03
2.029050058149605481e-03
2.029050058149605481e-03
2.016677801697473738e-03
1.954816519436815021e-03
1.991933288793210251e-03
2.016677801697473738e-03
2.066166827506000711e-03
2.004305545245341994e-03
2.016677801697473738e-03
2.066166827506000711e-03
1.905327493628287830e-03
1.843466211367629330e-03
1.930072006532551317e-03
1.991933288793210251e-03
1.892955237176156087e-03
1.707371390394180153e-03
1.818721698463365843e-03
1.806349442011234100e-03
1.855838467819761074e-03
1.793977185559102357e-03
1.793977185559102357e-03
1.756860416202707127e-03
1.694999133942048410e-03
1.657882364585653179e-03
1.744488159750575383e-03
1.756860416202707127e-03
1.633137851681389693e-03
1.694999133942048410e-03
1.707371390394180153e-03
1.472298517803677029e-03
1.633137851681389693e-03
1.509415287160072259e-03
1.497043030707940516e-03
1.521787543612204002e-03
1.596021082324994463e-03
1.509415287160072259e-03
1.497043030707940516e-03
1.620765595229257949e-03
1.435181748447281799e-03
1.484670774255808772e-03
1.447554004899413542e-03
1.546532056516467489e-03
1.484670774255808772e-03
1.484670774255808772e-03
1.472298517803677029e-03
1.435181748447281799e-03
1.447554004899413542e-03
1.435181748447281799e-03
1.385692722638754825e-03
1.299086927473832621e-03
1.398064979090886568e-03
1.398064979090886568e-03
1.410437235543018312e-03
1.336203696830227852e-03
1.286714671021700878e-03
1.274342414569569135e-03
1.373320466186623082e-03
1.323831440378096108e-03
1.360948209734491338e-03
1.274342414569569135e-03
1.274342414569569135e-03
1.336203696830227852e-03
1.323831440378096108e-03
1.286714671021700878e-03
1.249597901665305648e-03
1.237225645213173904e-03
1.200108875856778674e-03
1.224853388761042161e-03
1.237225645213173904e-03
1.212481132308910418e-03
1.237225645213173904e-03
1.187736619404646931e-03
1.175364362952515188e-03
1.187736619404646931e-03
1.138247593596119957e-03
1.187736619404646931e-03
1.026897285526934484e-03
1.088758567787593201e-03
1.051641798431197971e-03
1.101130824239724944e-03
1.138247593596119957e-03
1.187736619404646931e-03
1.101130824239724944e-03
1.088758567787593201e-03
1.138247593596119957e-03
1.026897285526934484e-03
1.064014054883329714e-03
1.088758567787593201e-03
1.026897285526934484e-03
9.774082597184075103e-04
1.014525029074802740e-03
1.076386311335461457e-03
9.774082597184075103e-04
1.014525029074802740e-03
1.051641798431197971e-03
1.014525029074802740e-03
1.088758567787593201e-03
1.026897285526934484e-03
9.526637468141439151e-04
9.897805161705392537e-04
9.774082597184075103e-04
9.650360032662756585e-04
9.155469774577487934e-04
9.155469774577487934e-04
1.051641798431197971e-03
9.402914903620121717e-04
9.650360032662756585e-04
1.002152772622670997e-03
9.402914903620121717e-04
9.155469774577487934e-04
9.155469774577487934e-04
9.031747210056170500e-04
9.155469774577487934e-04
9.279192339098805368e-04
9.279192339098805368e-04
8.289411822928265897e-04
8.908024645534853066e-04
8.660579516492218199e-04
8.536856951970900765e-04
8.165689258406948463e-04
8.289411822928265897e-04
8.165689258406948463e-04
7.052186177715091559e-04
8.041966693885631030e-04
8.289411822928265897e-04
7.918244129364313596e-04
7.918244129364313596e-04
7.175908742236408993e-04
7.547076435800361294e-04
7.175908742236408993e-04
7.299631306757726427e-04
7.670799000321678728e-04
7.794521564842996162e-04
7.794521564842996162e-04
7.547076435800361294e-04
7.547076435800361294e-04
7.547076435800361294e-04
7.547076435800361294e-04
7.175908742236408993e-04
6.433573355108504390e-04
7.175908742236408993e-04
7.299631306757726427e-04
7.052186177715091559e-04
7.175908742236408993e-04
7.175908742236408993e-04
7.052186177715091559e-04
7.175908742236408993e-04
6.928463613193774125e-04
6.804741048672456692e-04
6.928463613193774125e-04
6.681018484151139258e-04
6.804741048672456692e-04
6.309850790587186956e-04
7.299631306757726427e-04
6.681018484151139258e-04
6.681018484151139258e-04
6.804741048672456692e-04
6.681018484151139258e-04
6.928463613193774125e-04
6.557295919629821824e-04
6.309850790587186956e-04
6.433573355108504390e-04
6.557295919629821824e-04
6.557295919629821824e-04
6.309850790587186956e-04
5.938683097023234655e-04
5.938683097023234655e-04
6.186128226065869522e-04
6.186128226065869522e-04
6.186128226065869522e-04
5.814960532501917221e-04
5.691237967980599787e-04
5.320070274416648570e-04
5.567515403459283438e-04
5.814960532501917221e-04
5.567515403459283438e-04
5.567515403459283438e-04
5.814960532501917221e-04
5.691237967980599787e-04
5.320070274416648570e-04
5.196347709895331136e-04
5.691237967980599787e-04
5.814960532501917221e-04
5.567515403459283438e-04
5.443792838937966004e-04
6.062405661544552089e-04
5.320070274416648570e-04
5.072625145374013702e-04
5.443792838937966004e-04
5.443792838937966004e-04
5.320070274416648570e-04
5.320070274416648570e-04
5.320070274416648570e-04
5.320070274416648570e-04
5.072625145374013702e-04
5.443792838937966004e-04
5.567515403459283438e-04
5.320070274416648570e-04
5.072625145374013702e-04
4.948902580852696268e-04
4.948902580852696268e-04
5.196347709895331136e-04
4.454012322767426533e-04
5.196347709895331136e-04
4.454012322767426533e-04
5.196347709895331136e-04
4.701457451810060859e-04
4.948902580852696268e-04
4.948902580852696268e-04
5.072625145374013702e-04
4.701457451810060859e-04
4.577734887288743967e-04
5.072625145374013702e-04
4.577734887288743967e-04
4.825180016331378293e-04
5.072625145374013702e-04
4.825180016331378293e-04
4.948902580852696268e-04
4.454012322767426533e-04
4.825180016331378293e-04
4.701457451810060859e-04
4.701457451810060859e-04
4.825180016331378293e-04
4.701457451810060859e-04
4.577734887288743967e-04
4.577734887288743967e-04
4.454012322767426533e-04
4.330289758246109099e-04
4.701457451810060859e-04
4.454012322767426533e-04
4.577734887288743967e-04
3.835399500160839364e-04
4.577734887288743967e-04
4.082844629203474232e-04
4.330289758246109099e-04
4.577734887288743967e-04
4.330289758246109099e-04
4.330289758246109099e-04
4.206567193724791666e-04
4.701457451810060859e-04
4.206567193724791666e-04
4.206567193724791666e-04
4.330289758246109099e-04
3.959122064682156798e-04
4.206567193724791666e-04
4.454012322767426533e-04
3.959122064682156798e-04
3.959122064682156798e-04
4.206567193724791666e-04
4.082844629203474232e-04
4.206567193724791666e-04
3.959122064682156798e-04
4.206567193724791666e-04
4.082844629203474232e-04
4.330289758246109099e-04
3.835399500160839364e-04
3.959122064682156798e-04
3.711676935639521930e-04
4.082844629203474232e-04
4.082844629203474232e-04
3.835399500160839364e-04
3.835399500160839364e-04
3.711676935639521930e-04
3.959122064682156798e-04
3.711676935639521930e-04
3.959122064682156798e-04
4.082844629203474232e-04
3.835399500160839364e-04
3.711676935639521930e-04
3.464231806596887063e-04
3.835399500160839364e-04
3.835399500160839364e-04
3.340509242075569629e-04
3.711676935639521930e-04
3.835399500160839364e-04
3.711676935639521930e-04
3.835399500160839364e-04
3.959122064682156798e-04
3.959122064682156798e-04
3.711676935639521930e-04
3.711676935639521930e-04
3.464231806596887063e-04
3.835399500160839364e-04
3.711676935639521930e-04
3.711676935639521930e-04
3.464231806596887063e-04
3.093064113032934761e-04
3.464231806596887063e-04
3.711676935639521930e-04
3.711676935639521930e-04
3.464231806596887063e-04
3.587954371118204496e-04
3.464231806596887063e-04
3.711676935639521930e-04
3.340509242075569629e-04
3.340509242075569629e-04
2.969341548511617327e-04
3.216786677554252195e-04
3.216786677554252195e-04
3.340509242075569629e-04
3.587954371118204496e-04
3.216786677554252195e-04
3.093064113032934761e-04
3.340509242075569629e-04
3.216786677554252195e-04
3.216786677554252195e-04
3.216786677554252195e-04
3.340509242075569629e-04
3.093064113032934761e-04
3.340509242075569629e-04
3.340509242075569629e-04
3.216786677554252195e-04
2.969341548511617327e-04
2.969341548511617327e-04
3.464231806596887063e-04
3.093064113032934761e-04
3.216786677554252195e-04
3.093064113032934761e-04
2.969341548511617327e-04
3.093064113032934761e-04
2.721896419468983002e-04
3.216786677554252195e-04
2.721896419468983002e-04
2.969341548511617327e-04
3.216786677554252195e-04
2.474451290426348134e-04
3.093064113032934761e-04
2.350728725905030429e-04
2.845618983990299894e-04
2.845618983990299894e-04
2.845618983990299894e-04
3.093064113032934761e-04
2.969341548511617327e-04
3.093064113032934761e-04
2.845618983990299894e-04
2.721896419468983002e-04
2.721896419468983002e-04
2.721896419468983002e-04
2.845618983990299894e-04
2.474451290426348134e-04
2.350728725905030429e-04
2.845618983990299894e-04
2.474451290426348134e-04
2.598173854947665568e-04
2.350728725905030429e-04
2.474451290426348134e-04
2.721896419468983002e-04
2.598173854947665568e-04
2.350728725905030429e-04
2.845618983990299894e-04
2.474451290426348134e-04
2.350728725905030429e-04
2.474451290426348134e-04
2.845618983990299894e-04
2.721896419468983002e-04
2.721896419468983002e-04
2.598173854947665568e-04
2.350728725905030429e-04
2.474451290426348134e-04
2.598173854947665568e-04
2.350728725905030429e-04
2.598173854947665568e-04
2.227006161383713267e-04
2.474451290426348134e-04
2.598173854947665568e-04
2.598173854947665568e-04
2.598173854947665568e-04
2.474451290426348134e-04
2.598173854947665568e-04
2.227006161383713267e-04
2.227006161383713267e-04
2.350728725905030429e-04
1.855838467819760965e-04
2.103283596862395833e-04
2.474451290426348134e-04
2.474451290426348134e-04
2.474451290426348134e-04
2.227006161383713267e-04
2.474451290426348134e-04
2.103283596862395833e-04
2.227006161383713267e-04
2.227006161383713267e-04
2.227006161383713267e-04
2.350728725905030429e-04
2.474451290426348134e-04
2.350728725905030429e-04
2.227006161383713267e-04
1.979561032341078399e-04
2.350728725905030429e-04
2.227006161383713267e-04
2.227006161383713267e-04
2.227006161383713267e-04
2.227006161383713267e-04
2.350728725905030429e-04
2.103283596862395833e-04
2.103283596862395833e-04
2.103283596862395833e-04
1.979561032341078399e-04
1.855838467819760965e-04
2.227006161383713267e-04
1.855838467819760965e-04
2.103283596862395833e-04
2.103283596862395833e-04
2.103283596862395833e-04
1.855838467819760965e-04
2.227006161383713267e-04
2.103283596862395833e-04
1.979561032341078399e-04
2.103283596862395833e-04
2.103283596862395833e-04
1.979561032341078399e-04
2.103283596862395833e-04
1.855838467819760965e-04
1.855838467819760965e-04
1.855838467819760965e-04
1.855838467819760965e-04
2.103283596862395833e-04
1.484670774255808664e-04
1.608393338777126098e-04
1.979561032341078399e-04
2.103283596862395833e-04
1.979561032341078399e-04
1.855838467819760965e-04
1.855838467819760965e-04
1.855838467819760965e-04
1.979561032341078399e-04
1.855838467819760965e-04
1.855838467819760965e-04
1.484670774255808664e-04
1.732115903298443531e-04
1.732115903298443531e-04
1.608393338777126098e-04
1.360948209734491501e-04
1.979561032341078399e-04
1.979561032341078399e-04
1.608393338777126098e-04
1.855838467819760965e-04
1.979561032341078399e-04
1.855838467819760965e-04
1.732115903298443531e-04
1.855838467819760965e-04
1.608393338777126098e-04
1.855838467819760965e-04
1.608393338777126098e-04
1.608393338777126098e-04
1.484670774255808664e-04
1.484670774255808664e-04
1.855838467819760965e-04
1.484670774255808664e-04
1.608393338777126098e-04
1.484670774255808664e-04
1.732115903298443531e-04
1.732115903298443531e-04
1.732115903298443531e-04
1.608393338777126098e-04
1.732115903298443531e-04
1.237225645213174067e-04
1.732115903298443531e-04
1.855838467819760965e-04
1.608393338777126098e-04
1.608393338777126098e-04
1.608393338777126098e-04
1.608393338777126098e-04
1.732115903298443531e-04
1.608393338777126098e-04
1.484670774255808664e-04
1.484670774255808664e-04
1.237225645213174067e-04
1.360948209734491501e-04
1.484670774255808664e-04
1.608393338777126098e-04
1.484670774255808664e-04
1.608393338777126098e-04
1.732115903298443531e-04
1.237225645213174067e-04
1.608393338777126098e-04
1.732115903298443531e-04
1.732115903298443531e-04
1.608393338777126098e-04
1.484670774255808664e-04
1.608393338777126098e-04
1.608393338777126098e-04
1.360948209734491501e-04
1.360948209734491501e-04
1.484670774255808664e-04
1.484670774255808664e-04
9.897805161705391995e-05
1.237225645213174067e-04
1.360948209734491501e-04
1.608393338777126098e-04
1.484670774255808664e-04
1.360948209734491501e-04
1.608393338777126098e-04
1.484670774255808664e-04
1.237225645213174067e-04
1.360948209734491501e-04
1.237225645213174067e-04
1.484670774255808664e-04
1.113503080691856633e-04
1.360948209734491501e-04
7.423353871279043318e-05
1.360948209734491501e-04
1.360948209734491501e-04
1.484670774255808664e-04
1.484670774255808664e-04
1.360948209734491501e-04
9.897805161705391995e-05
1.484670774255808664e-04
1.360948209734491501e-04
1.360948209734491501e-04
9.897805161705391995e-05
1.113503080691856633e-04
1.237225645213174067e-04
1.484670774255808664e-04
1.360948209734491501e-04
1.360948209734491501e-04
1.113503080691856633e-04
1.360948209734491501e-04
1.237225645213174067e-04
1.237225645213174067e-04
1.113503080691856633e-04
1.113503080691856633e-04
1.237225645213174067e-04
1.113503080691856633e-04
1.113503080691856633e-04
1.360948209734491501e-04
1.237225645213174067e-04
1.113503080691856633e-04
1.360948209734491501e-04
1.237225645213174067e-04
9.897805161705391995e-05
1.237225645213174067e-04
9.897805161705391995e-05
1.237225645213174067e-04
1.113503080691856633e-04
1.237225645213174067e-04
7.423353871279043318e-05
1.237225645213174067e-04
9.897805161705391995e-05
1.237225645213174067e-04
1.113503080691856633e-04
1.113503080691856633e-04
1.237225645213174067e-04
9.897805161705391995e-05
1.113503080691856633e-04
1.113503080691856633e-04
1.237225645213174067e-04
1.113503080691856633e-04
1.237225645213174067e-04
1.113503080691856633e-04
1.237225645213174067e-04
7.423353871279043318e-05
7.423353871279043318e-05
1.113503080691856633e-04
1.113503080691856633e-04
8.660579516492217657e-05
8.660579516492217657e-05
1.237225645213174067e-04
1.113503080691856633e-04
9.897805161705391995e-05
1.113503080691856633e-04
1.237225645213174067e-04
7.423353871279043318e-05
1.113503080691856633e-04
9.897805161705391995e-05
9.897805161705391995e-05
9.897805161705391995e-05
9.897805161705391995e-05
1.113503080691856633e-04
1.113503080691856633e-04
9.897805161705391995e-05
1.113503080691856633e-04
9.897805161705391995e-05
1.113503080691856633e-04
8.660579516492217657e-05
8.660579516492217657e-05
9.897805161705391995e-05
9.897805161705391995e-05
8.660579516492217657e-05
8.660579516492217657e-05
8.660579516492217657e-05
8.660579516492217657e-05
9.897805161705391995e-05
9.897805161705391995e-05
9.897805161705391995e-05
9.897805161705391995e-05
8.660579516492217657e-05
8.660579516492217657e-05
9.897805161705391995e-05
9.897805161705391995e-05
4.948902580852695997e-05
9.897805161705391995e-05
8.660579516492217657e-05
8.660579516492217657e-05
9.897805161705391995e-05
9.897805161705391995e-05
9.897805161705391995e-05
8.660579516492217657e-05
7.423353871279043318e-05
7.423353871279043318e-05
6.186128226065870336e-05
9.897805161705391995e-05
9.897805161705391995e-05
8.660579516492217657e-05
8.660579516492217657e-05
9.897805161705391995e-05
8.660579516492217657e-05
9.897805161705391995e-05
8.660579516492217657e-05
9.897805161705391995e-05
8.660579516492217657e-05
9.897805161705391995e-05
9.897805161705391995e-05
9.897805161705391995e-05
8.660579516492217657e-05
8.660579516492217657e-05
9.897805161705391995e-05
8.660579516492217657e-05
8.660579516492217657e-05
9.897805161705391995e-05
7.423353871279043318e-05
9.897805161705391995e-05
9.897805161705391995e-05
9.897805161705391995e-05
7.423353871279043318e-05
7.423353871279043318e-05
7.423353871279043318e-05
8.660579516492217657e-05
8.660579516492217657e-05
8.660579516492217657e-05
7.423353871279043318e-05
6.186128226065870336e-05
7.423353871279043318e-05
7.423353871279043318e-05
8.660579516492217657e-05
8.660579516492217657e-05
8.660579516492217657e-05
7.423353871279043318e-05
6.186128226065870336e-05
6.186128226065870336e-05
7.423353871279043318e-05
7.423353871279043318e-05
6.186128226065870336e-05
7.423353871279043318e-05
4.948902580852695997e-05
6.186128226065870336e-05
7.423353871279043318e-05
6.186128226065870336e-05
4.948902580852695997e-05
7.423353871279043318e-05
6.186128226065870336e-05
6.186128226065870336e-05
4.948902580852695997e-05
6.186128226065870336e-05
3.711676935639521659e-05
7.423353871279043318e-05
6.186128226065870336e-05
7.423353871279043318e-05
6.186128226065870336e-05
7.423353871279043318e-05
4.948902580852695997e-05
6.186128226065870336e-05
7.423353871279043318e-05
6.186128226065870336e-05
6.186128226065870336e-05
6.186128226065870336e-05
7.423353871279043318e-05
7.423353871279043318e-05
4.948902580852695997e-05
6.186128226065870336e-05
6.186128226065870336e-05
7.423353871279043318e-05
7.423353871279043318e-05
3.711676935639521659e-05
6.186128226065870336e-05
7.423353871279043318e-05
6.186128226065870336e-05
4.948902580852695997e-05
7.423353871279043318e-05
7.423353871279043318e-05
6.186128226065870336e-05
7.423353871279043318e-05
6.186128226065870336e-05
7.423353871279043318e-05
6.186128226065870336e-05
6.186128226065870336e-05
4.948902580852695997e-05
6.186128226065870336e-05
6.186128226065870336e-05
7.423353871279043318e-05
7.423353871279043318e-05
6.186128226065870336e-05
7.423353871279043318e-05
6.186128226065870336e-05
7.423353871279043318e-05
4.948902580852695997e-05
6.186128226065870336e-05
6.186128226065870336e-05
7.423353871279043318e-05
6.186128226065870336e-05
7.423353871279043318e-05
4.948902580852695997e-05
6.186128226065870336e-05
4.948902580852695997e-05
6.186128226065870336e-05
6.186128226065870336e-05
4.948902580852695997e-05
6.186128226065870336e-05
2.474451290426347999e-05
4.948902580852695997e-05
6.186128226065870336e-05
6.186128226065870336e-05
4.948902580852695997e-05
6.186128226065870336e-05
4.948902580852695997e-05
4.948902580852695997e-05
4.948902580852695997e-05
6.186128226065870336e-05
6.186128226065870336e-05
3.711676935639521659e-05
3.711676935639521659e-05
6.186128226065870336e-05
4.948902580852695997e-05
6.186128226065870336e-05
6.186128226065870336e-05
6.186128226065870336e-05
4.948902580852695997e-05
6.186128226065870336e-05
6.186128226065870336e-05
6.186128226065870336e-05
4.948902580852695997e-05
6.186128226065870336e-05
6.186128226065870336e-05
4.948902580852695997e-05
6.186128226065870336e-05
6.186128226065870336e-05
4.948902580852695997e-05
4.948902580852695997e-05
6.186128226065870336e-05
4.948902580852695997e-05
4.948902580852695997e-05
4.948902580852695997e-05
4.948902580852695997e-05
4.948902580852695997e-05
4.948902580852695997e-05
3.711676935639521659e-05
3.711676935639521659e-05
3.711676935639521659e-05
4.948902580852695997e-05
3.711676935639521659e-05
3.711676935639521659e-05
4.948902580852695997e-05
2.474451290426347999e-05
4.948902580852695997e-05
3.711676935639521659e-05
3.711676935639521659e-05
2.474451290426347999e-05
4.948902580852695997e-05
4.948902580852695997e-05
4.948902580852695997e-05
4.948902580852695997e-05
4.948902580852695997e-05
4.948902580852695997e-05
4.948902580852695997e-05
3.711676935639521659e-05
3.711676935639521659e-05
3.711676935639521659e-05
3.711676935639521659e-05
4.948902580852695997e-05
4.948902580852695997e-05
4.948902580852695997e-05
4.948902580852695997e-05
4.948902580852695997e-05
4.948902580852695997e-05
2.474451290426347999e-05
4.948902580852695997e-05
1.237225645213173999e-05
4.948902580852695997e-05
2.474451290426347999e-05
2.474451290426347999e-05
4.948902580852695997e-05
