5.829246544806063191e-02
1.257244761480160455e-01
2.229157378510922803e-04
3.232278198840838213e-03
1.114578689255461401e-04
1.114578689255461401e-04
7.802050824788229946e-04
2.229157378510922966e-02
7.244761480160499638e-03
9.808292465448060007e-03
3.343736067766384340e-04
2.563530985287561237e-03
1.148016049933125310e-02
1.114578689255461401e-04
1.114578689255461401e-04
2.240303165403477459e-02
1.114578689255461401e-04
1.783325902808738242e-03
7.512260365581810428e-02
3.678109674543022720e-03
9.696834596522515073e-03
2.229157378510922966e-03
5.795809184128399884e-03
5.127061970575122474e-03
6.297369594293357464e-02
1.114578689255461483e-03
1.114578689255461483e-03
4.569772625947391732e-03
7.802050824788229946e-04
8.916629514043691212e-04
1.114578689255461401e-04
3.343736067766384340e-04
1.114578689255461401e-04
1.114578689255461401e-04
1.114578689255461401e-04
1.114578689255461401e-04
4.458314757021845931e-03
5.193936691930450128e-02
1.114578689255461401e-04
1.114578689255461401e-04
3.343736067766384448e-03
3.343736067766384340e-04
1.114578689255461401e-04
1.114578689255461401e-04
1.515827017387427582e-02
1.114578689255461401e-04
4.346856888096299262e-03
1.114578689255461401e-04
2.452073116362015002e-03
1.114578689255461401e-04
1.114578689255461401e-04
1.226036558181007501e-03
1.114578689255461401e-04
8.916629514043691212e-04
2.786446723138653707e-03
1.003120820329915248e-03
1.114578689255461401e-04
8.916629514043691212e-04
2.229157378510922803e-04
1.114578689255461401e-04
1.504681230494872915e-02
4.012483281319660991e-03
1.114578689255461401e-04
1.114578689255461401e-04
1.114578689255461401e-04
1.114578689255461483e-03
1.604993312527864396e-02
9.028087382969236796e-03
1.526972804279982249e-02
1.114578689255461401e-04
3.343736067766384340e-04
1.114578689255461401e-04
2.006241640659830495e-03
5.572893446277307414e-04
1.114578689255461401e-04
2.563530985287561237e-03
8.916629514043691862e-03
1.114578689255461401e-04
5.238519839500669142e-03
8.916629514043691212e-04
1.114578689255461401e-04
1.972804279982166842e-02
1.114578689255461401e-04
1.114578689255461401e-04
1.114578689255461401e-04
8.805171645118145193e-03
1.114578689255461401e-04
4.458314757021845606e-04
1.003120820329915248e-03
9.919750334373606676e-03
1.114578689255461401e-04
1.114578689255461401e-04
1.114578689255461401e-04
6.687472135532768680e-04
1.114578689255461401e-04
3.343736067766384340e-04
1.114578689255461401e-04
1.114578689255461401e-04
2.786446723138653707e-03
1.114578689255461401e-04
1.114578689255461401e-04
1.114578689255461401e-04
8.582255907267053591e-03
7.356219349086045439e-03
1.114578689255461401e-04
2.229157378510922803e-04
5.572893446277307414e-03
4.458314757021845606e-04
1.114578689255461401e-04
1.114578689255461401e-04
1.114578689255461401e-04
1.114578689255461401e-04
1.114578689255461401e-04
1.114578689255461401e-04
1.114578689255461401e-04
1.114578689255461401e-04
1.114578689255461401e-04
1.114578689255461401e-04
2.229157378510922803e-04
1.114578689255461401e-04
5.572893446277307414e-04
1.114578689255461401e-04
1.114578689255461401e-04
1.114578689255461401e-04
1.114578689255461401e-04
1.114578689255461401e-04
1.114578689255461401e-04
1.114578689255461401e-04
1.114578689255461401e-04
1.114578689255461401e-04
1.114578689255461401e-04
1.894783771734284477e-03
1.114578689255461401e-04
1.114578689255461401e-04
3.343736067766384340e-04
1.114578689255461401e-04
1.114578689255461401e-04
1.114578689255461401e-04
9.585376727596968405e-03
1.114578689255461401e-04
1.114578689255461401e-04
1.114578689255461401e-04
1.114578689255461401e-04
1.114578689255461401e-04
1.114578689255461401e-04
1.114578689255461401e-04
6.687472135532768897e-03
1.114578689255461401e-04
1.114578689255461401e-04
1.114578689255461401e-04
1.370931787784217606e-02
1.114578689255461401e-04
1.114578689255461401e-04
1.114578689255461401e-04
1.114578689255461401e-04
1.114578689255461401e-04
1.114578689255461401e-04
1.114578689255461401e-04
1.114578689255461401e-04
1.114578689255461401e-04
1.114578689255461401e-04
1.114578689255461401e-04
1.348640213999108273e-02
1.114578689255461401e-04
1.114578689255461401e-04
1.114578689255461401e-04
1.114578689255461401e-04
1.114578689255461401e-04
1.114578689255461401e-04
1.114578689255461401e-04
1.114578689255461401e-04
1.114578689255461401e-04
1.114578689255461401e-04
5.572893446277307414e-04
1.114578689255461401e-04
1.114578689255461401e-04
1.114578689255461401e-04
1.114578689255461401e-04
1.103432902362906816e-02
1.114578689255461401e-04
1.114578689255461401e-04
1.114578689255461401e-04
1.114578689255461401e-04
1.114578689255461401e-04
1.114578689255461401e-04
1.114578689255461401e-04
1.114578689255461401e-04
1.114578689255461401e-04
1.114578689255461401e-04
7.021845742309407168e-03
1.114578689255461401e-04
1.114578689255461401e-04
1.114578689255461401e-04
9.362460989745876802e-03
1.081141328577797656e-02
1.114578689255461401e-04
3.343736067766384340e-04
1.114578689255461401e-04
3.343736067766384340e-04
1.114578689255461401e-04
6.687472135532768680e-04
2.117699509585376730e-03
3.343736067766384340e-04
1.114578689255461401e-04
2.229157378510922803e-04
1.114578689255461401e-04
8.916629514043691212e-04
1.114578689255461401e-04
1.114578689255461401e-04
1.114578689255461401e-04
1.114578689255461401e-04
1.114578689255461483e-03
1.114578689255461401e-04
7.802050824788230379e-03
1.114578689255461401e-04
1.114578689255461401e-04
1.114578689255461401e-04
1.114578689255461401e-04
1.114578689255461401e-04
1.114578689255461401e-04
1.114578689255461401e-04
1.114578689255461401e-04
1.114578689255461401e-04
1.114578689255461401e-04
3.343736067766384340e-04
6.130182790905038155e-03
1.114578689255461401e-04
1.114578689255461401e-04
1.114578689255461401e-04
1.114578689255461401e-04
3.343736067766384340e-04
1.337494427106553736e-03
2.229157378510922803e-04
6.130182790905038155e-03
1.003120820329915248e-03
1.114578689255461401e-04
1.114578689255461401e-04
1.114578689255461401e-04
1.114578689255461401e-04
1.114578689255461401e-04
6.130182790905038155e-03
2.229157378510922966e-03
1.114578689255461401e-04
3.343736067766384340e-04
1.114578689255461401e-04
1.114578689255461401e-04
3.343736067766384340e-04
1.114578689255461401e-04
3.343736067766384340e-04
1.114578689255461401e-04
1.114578689255461401e-04
1.114578689255461401e-04
1.114578689255461401e-04
3.678109674543022720e-03
1.114578689255461401e-04
1.114578689255461401e-04
1.114578689255461401e-04
1.114578689255461401e-04
1.114578689255461401e-04
1.114578689255461401e-04
1.114578689255461401e-04
1.114578689255461401e-04
1.114578689255461401e-04
1.114578689255461401e-04
1.114578689255461401e-04
1.114578689255461401e-04
1.114578689255461401e-04
1.114578689255461401e-04
1.114578689255461401e-04
1.114578689255461401e-04
1.114578689255461401e-04
1.114578689255461401e-04
1.114578689255461401e-04
1.114578689255461401e-04
1.114578689255461401e-04
1.114578689255461401e-04
6.130182790905038155e-03
1.114578689255461401e-04
1.114578689255461401e-04
1.114578689255461401e-04
1.894783771734284477e-03
2.229157378510922803e-04
1.114578689255461401e-04
1.114578689255461401e-04
1.114578689255461401e-04
1.114578689255461401e-04
1.114578689255461401e-04
1.114578689255461401e-04
1.114578689255461401e-04
3.009362460989745743e-03
1.114578689255461401e-04
1.114578689255461401e-04
1.114578689255461401e-04
1.114578689255461401e-04
1.114578689255461401e-04
1.114578689255461401e-04
1.114578689255461401e-04
1.114578689255461401e-04
3.343736067766384340e-04
1.114578689255461401e-04
1.114578689255461401e-04
1.114578689255461401e-04
1.114578689255461401e-04
1.114578689255461401e-04
1.114578689255461401e-04
1.114578689255461401e-04
2.229157378510922803e-04
8.916629514043691212e-04
1.114578689255461401e-04
1.114578689255461401e-04
1.114578689255461401e-04
1.114578689255461401e-04
1.114578689255461401e-04
1.114578689255461401e-04
1.114578689255461401e-04
1.114578689255461401e-04
1.114578689255461401e-04
1.114578689255461401e-04
1.226036558181007501e-03
1.114578689255461401e-04
1.114578689255461401e-04
2.229157378510922803e-04
3.343736067766384448e-03
1.114578689255461401e-04
1.114578689255461401e-04
1.337494427106553736e-03
2.229157378510922803e-04
1.114578689255461401e-04
1.114578689255461401e-04
1.114578689255461401e-04
3.455193936691930250e-03
1.114578689255461401e-04
1.114578689255461401e-04
4.458314757021845931e-03
1.114578689255461401e-04
1.114578689255461401e-04
1.114578689255461401e-04
1.114578689255461401e-04
2.229157378510922803e-04
4.346856888096299262e-03
1.114578689255461401e-04
1.114578689255461401e-04
2.452073116362015002e-03
1.114578689255461401e-04
2.006241640659830495e-03
2.006241640659830495e-03
1.114578689255461401e-04
1.114578689255461401e-04
1.114578689255461401e-04
1.114578689255461401e-04
1.114578689255461483e-03
1.114578689255461401e-04
1.114578689255461401e-04
1.114578689255461401e-04
1.114578689255461401e-04
1.114578689255461401e-04
1.114578689255461401e-04
3.901025412394115190e-03
1.114578689255461401e-04
1.671868033883192224e-03
1.114578689255461401e-04
1.114578689255461401e-04
1.114578689255461401e-04
1.114578689255461401e-04
1.114578689255461401e-04
1.114578689255461401e-04
1.114578689255461401e-04
1.114578689255461401e-04
1.114578689255461401e-04
1.114578689255461401e-04
1.114578689255461401e-04
1.114578689255461401e-04
1.114578689255461401e-04
1.114578689255461401e-04
1.114578689255461401e-04
1.114578689255461401e-04
1.114578689255461401e-04
1.114578689255461401e-04
1.114578689255461401e-04
1.114578689255461401e-04
1.114578689255461401e-04
2.229157378510922803e-04
1.114578689255461401e-04
1.114578689255461401e-04
1.114578689255461401e-04
1.114578689255461401e-04
1.114578689255461401e-04
1.114578689255461401e-04
1.114578689255461401e-04
1.114578689255461401e-04
1.003120820329915248e-03
1.114578689255461401e-04
1.114578689255461401e-04
1.114578689255461401e-04
1.114578689255461401e-04
2.452073116362015002e-03
1.114578689255461401e-04
1.114578689255461401e-04
1.114578689255461401e-04
1.114578689255461401e-04
1.114578689255461401e-04
1.114578689255461401e-04
3.455193936691930250e-03
1.114578689255461401e-04
1.114578689255461401e-04
1.114578689255461401e-04
1.114578689255461401e-04
1.114578689255461401e-04
1.114578689255461401e-04
1.114578689255461401e-04
1.114578689255461401e-04
1.114578689255461401e-04
1.114578689255461401e-04
1.114578689255461401e-04
1.114578689255461401e-04
1.114578689255461401e-04
1.114578689255461483e-03
1.114578689255461483e-03
1.114578689255461401e-04
1.114578689255461401e-04
1.114578689255461401e-04
1.114578689255461401e-04
4.458314757021845606e-04
1.114578689255461401e-04
1.114578689255461401e-04
1.114578689255461401e-04
2.897904592064199942e-03
1.114578689255461401e-04
1.114578689255461401e-04
1.114578689255461401e-04
1.114578689255461401e-04
2.786446723138653707e-03
1.114578689255461401e-04
4.458314757021845606e-04
1.114578689255461401e-04
1.114578689255461401e-04
1.114578689255461401e-04
1.114578689255461401e-04
1.114578689255461401e-04
1.114578689255461401e-04
1.114578689255461401e-04
2.563530985287561237e-03
1.114578689255461401e-04
1.114578689255461401e-04
1.226036558181007501e-03
1.114578689255461401e-04
1.671868033883192224e-03
1.114578689255461401e-04
1.114578689255461401e-04
1.114578689255461401e-04
1.114578689255461401e-04
1.114578689255461401e-04
1.114578689255461401e-04
1.114578689255461401e-04
1.114578689255461401e-04
1.114578689255461401e-04
1.114578689255461401e-04
1.114578689255461401e-04
2.229157378510922966e-03
1.114578689255461401e-04
1.114578689255461401e-04
1.448952296032099971e-03
2.229157378510922966e-03
2.006241640659830495e-03
1.114578689255461401e-04
1.114578689255461401e-04
1.114578689255461401e-04
1.114578689255461401e-04
1.114578689255461401e-04
1.114578689255461401e-04
4.458314757021845606e-04
1.114578689255461401e-04
1.114578689255461401e-04
1.114578689255461401e-04
1.114578689255461401e-04
1.114578689255461401e-04
2.229157378510922803e-04
1.114578689255461401e-04
1.114578689255461401e-04
1.114578689255461401e-04
1.114578689255461401e-04
1.114578689255461401e-04
1.114578689255461401e-04
1.114578689255461401e-04
8.916629514043691212e-04
8.916629514043691212e-04
1.114578689255461401e-04
3.343736067766384340e-04
1.114578689255461401e-04
1.114578689255461401e-04
1.114578689255461401e-04
1.114578689255461401e-04
1.114578689255461401e-04
1.114578689255461401e-04
1.114578689255461401e-04
1.114578689255461401e-04
7.802050824788229946e-04
1.114578689255461401e-04
1.114578689255461401e-04
1.114578689255461401e-04
1.114578689255461401e-04
1.114578689255461401e-04
2.229157378510922966e-03
1.114578689255461401e-04
2.229157378510922966e-03
1.003120820329915248e-03
1.114578689255461401e-04
1.114578689255461483e-03
7.802050824788229946e-04
1.114578689255461401e-04
1.448952296032099971e-03
1.114578689255461401e-04
1.114578689255461401e-04
3.343736067766384340e-04
1.114578689255461401e-04
1.114578689255461401e-04
1.114578689255461401e-04
1.114578689255461401e-04
1.114578689255461401e-04
1.114578689255461401e-04
1.114578689255461401e-04
2.006241640659830495e-03
3.343736067766384340e-04
1.114578689255461401e-04
1.114578689255461401e-04
1.114578689255461401e-04
1.114578689255461401e-04
1.114578689255461401e-04
1.114578689255461401e-04
1.114578689255461401e-04
2.229157378510922803e-04
7.802050824788229946e-04
1.114578689255461401e-04
1.114578689255461401e-04
2.229157378510922803e-04
1.003120820329915248e-03
1.114578689255461401e-04
1.114578689255461401e-04
1.114578689255461401e-04
1.114578689255461401e-04
1.114578689255461401e-04
1.114578689255461401e-04
1.114578689255461401e-04
1.114578689255461401e-04
1.114578689255461401e-04
1.114578689255461401e-04
1.114578689255461401e-04
1.114578689255461401e-04
1.114578689255461401e-04
3.343736067766384340e-04
1.114578689255461401e-04
1.114578689255461401e-04
1.114578689255461401e-04
1.114578689255461401e-04
1.114578689255461401e-04
1.114578689255461401e-04
1.114578689255461401e-04
1.783325902808738242e-03
1.114578689255461401e-04
1.114578689255461401e-04
1.114578689255461401e-04
1.114578689255461401e-04
1.114578689255461401e-04
3.343736067766384340e-04
1.114578689255461401e-04
1.114578689255461401e-04
1.114578689255461401e-04
1.114578689255461401e-04
1.114578689255461401e-04
1.114578689255461401e-04
1.114578689255461401e-04
1.114578689255461401e-04
1.114578689255461401e-04
1.114578689255461401e-04
1.114578689255461401e-04
1.114578689255461401e-04
1.114578689255461401e-04
1.114578689255461401e-04
1.114578689255461401e-04
8.916629514043691212e-04
1.114578689255461401e-04
1.114578689255461401e-04
1.671868033883192224e-03
1.114578689255461401e-04
1.114578689255461401e-04
1.114578689255461401e-04
1.114578689255461401e-04
1.114578689255461401e-04
1.114578689255461401e-04
1.114578689255461401e-04
1.114578689255461401e-04
1.114578689255461401e-04
1.114578689255461401e-04
1.114578689255461401e-04
1.114578689255461401e-04
1.114578689255461401e-04
7.802050824788229946e-04
1.114578689255461401e-04
1.114578689255461401e-04
1.114578689255461401e-04
1.114578689255461401e-04
1.114578689255461401e-04
1.114578689255461401e-04
1.114578689255461401e-04
1.114578689255461401e-04
1.114578689255461401e-04
1.226036558181007501e-03
1.114578689255461401e-04
1.114578689255461401e-04
1.114578689255461401e-04
1.114578689255461401e-04
1.560410164957645989e-03
1.114578689255461401e-04
1.114578689255461401e-04
1.114578689255461401e-04
1.114578689255461401e-04
4.458314757021845606e-04
1.114578689255461401e-04
1.337494427106553736e-03
1.114578689255461401e-04
1.114578689255461401e-04
1.114578689255461401e-04
1.114578689255461401e-04
1.114578689255461401e-04
1.114578689255461401e-04
1.114578689255461401e-04
1.114578689255461401e-04
1.114578689255461401e-04
1.337494427106553736e-03
1.114578689255461401e-04
1.114578689255461401e-04
1.114578689255461401e-04
1.114578689255461401e-04
2.229157378510922803e-04
1.114578689255461401e-04
1.114578689255461401e-04
1.114578689255461401e-04
1.114578689255461401e-04
1.114578689255461401e-04
1.114578689255461401e-04
1.114578689255461401e-04
1.114578689255461401e-04
1.114578689255461401e-04
1.114578689255461401e-04
1.337494427106553736e-03
1.226036558181007501e-03
1.114578689255461401e-04
1.114578689255461401e-04
1.114578689255461401e-04
1.114578689255461401e-04
1.114578689255461401e-04
1.114578689255461401e-04
1.114578689255461401e-04
1.114578689255461401e-04
1.114578689255461401e-04
1.114578689255461401e-04
1.114578689255461401e-04
1.114578689255461401e-04
1.114578689255461401e-04
1.114578689255461401e-04
1.114578689255461401e-04
1.114578689255461401e-04
1.114578689255461401e-04
1.114578689255461401e-04
1.114578689255461401e-04
1.114578689255461401e-04
1.114578689255461401e-04
1.114578689255461401e-04
1.114578689255461401e-04
1.114578689255461401e-04
1.114578689255461401e-04
1.114578689255461401e-04
1.114578689255461401e-04
1.114578689255461401e-04
3.343736067766384340e-04
1.114578689255461401e-04
1.114578689255461401e-04
1.114578689255461401e-04
1.114578689255461401e-04
5.572893446277307414e-04
1.114578689255461401e-04
1.114578689255461401e-04
1.114578689255461401e-04
1.114578689255461401e-04
1.114578689255461401e-04
1.114578689255461401e-04
1.114578689255461401e-04
1.114578689255461401e-04
1.114578689255461401e-04
1.003120820329915248e-03
1.114578689255461401e-04
1.114578689255461401e-04
1.114578689255461401e-04
1.114578689255461401e-04
1.114578689255461401e-04
1.114578689255461401e-04
1.114578689255461401e-04
1.114578689255461401e-04
3.343736067766384340e-04
1.114578689255461401e-04
1.114578689255461401e-04
1.114578689255461401e-04
1.114578689255461401e-04
1.114578689255461401e-04
1.114578689255461401e-04
1.114578689255461401e-04
1.114578689255461401e-04
1.114578689255461401e-04
1.114578689255461401e-04
1.114578689255461401e-04
1.114578689255461401e-04
1.114578689255461401e-04
1.114578689255461401e-04
1.114578689255461401e-04
1.114578689255461401e-04
1.114578689255461401e-04
1.114578689255461401e-04
1.114578689255461401e-04
1.114578689255461401e-04
1.114578689255461401e-04
1.114578689255461401e-04
1.003120820329915248e-03
1.114578689255461401e-04
1.114578689255461401e-04
1.114578689255461401e-04
1.114578689255461401e-04
1.114578689255461401e-04
1.114578689255461401e-04
1.114578689255461401e-04
1.114578689255461401e-04
1.114578689255461401e-04
1.114578689255461401e-04
1.114578689255461401e-04
1.114578689255461401e-04
1.114578689255461401e-04
1.114578689255461401e-04
1.114578689255461401e-04
1.114578689255461401e-04
1.003120820329915248e-03
1.114578689255461401e-04
1.114578689255461401e-04
7.802050824788229946e-04
1.114578689255461401e-04
6.687472135532768680e-04
1.114578689255461401e-04
1.114578689255461401e-04
1.114578689255461401e-04
1.114578689255461401e-04
1.114578689255461401e-04
1.114578689255461401e-04
1.114578689255461401e-04
1.114578689255461401e-04
1.114578689255461401e-04
1.114578689255461401e-04
1.114578689255461401e-04
1.114578689255461401e-04
1.114578689255461401e-04
1.114578689255461401e-04
1.114578689255461401e-04
1.114578689255461401e-04
7.802050824788229946e-04
1.114578689255461401e-04
1.114578689255461401e-04
1.114578689255461401e-04
1.114578689255461401e-04
7.802050824788229946e-04
1.114578689255461401e-04
1.114578689255461401e-04
1.114578689255461401e-04
1.114578689255461401e-04
1.114578689255461401e-04
1.114578689255461401e-04
1.114578689255461401e-04
1.114578689255461401e-04
1.114578689255461401e-04
1.114578689255461401e-04
1.114578689255461401e-04
1.114578689255461401e-04
1.114578689255461401e-04
1.114578689255461401e-04
1.114578689255461401e-04
1.114578689255461401e-04
1.114578689255461401e-04
1.114578689255461401e-04
1.114578689255461401e-04
1.114578689255461401e-04
1.114578689255461401e-04
3.343736067766384340e-04
1.114578689255461401e-04
1.114578689255461401e-04
1.114578689255461401e-04
1.114578689255461401e-04
1.114578689255461401e-04
1.114578689255461401e-04
3.343736067766384340e-04
3.343736067766384340e-04
1.114578689255461401e-04
1.114578689255461401e-04
1.114578689255461401e-04
1.114578689255461401e-04
1.114578689255461401e-04
1.114578689255461401e-04
1.114578689255461401e-04
1.114578689255461401e-04
1.114578689255461401e-04
1.114578689255461401e-04
1.114578689255461401e-04
1.114578689255461401e-04
1.114578689255461401e-04
1.114578689255461401e-04
1.114578689255461401e-04
7.802050824788229946e-04
1.114578689255461401e-04
7.802050824788229946e-04
4.458314757021845606e-04
1.114578689255461401e-04
1.114578689255461401e-04
1.114578689255461401e-04
1.114578689255461401e-04
1.114578689255461401e-04
1.114578689255461401e-04
1.114578689255461401e-04
1.114578689255461401e-04
1.114578689255461401e-04
1.114578689255461401e-04
1.114578689255461401e-04
1.114578689255461401e-04
1.114578689255461401e-04
1.114578689255461401e-04
1.114578689255461401e-04
1.114578689255461401e-04
1.114578689255461401e-04
1.114578689255461401e-04
1.114578689255461401e-04
1.114578689255461401e-04
1.114578689255461401e-04
1.114578689255461401e-04
1.114578689255461401e-04
1.114578689255461401e-04
1.114578689255461401e-04
1.114578689255461401e-04
1.114578689255461401e-04
1.114578689255461401e-04
1.114578689255461401e-04
1.114578689255461401e-04
1.114578689255461401e-04
1.114578689255461401e-04
1.114578689255461401e-04
1.114578689255461401e-04
1.114578689255461401e-04
1.114578689255461401e-04
1.114578689255461401e-04
1.114578689255461401e-04
1.114578689255461401e-04
1.114578689255461401e-04
1.114578689255461401e-04
1.114578689255461401e-04
1.114578689255461401e-04
1.114578689255461401e-04
1.114578689255461401e-04
1.114578689255461401e-04
1.114578689255461401e-04
1.114578689255461401e-04
1.114578689255461401e-04
1.114578689255461401e-04
1.114578689255461401e-04
1.114578689255461401e-04
1.114578689255461401e-04
4.458314757021845606e-04
1.114578689255461401e-04
1.114578689255461401e-04
3.343736067766384340e-04
1.114578689255461401e-04
4.458314757021845606e-04
1.114578689255461401e-04
1.114578689255461401e-04
1.114578689255461401e-04
1.114578689255461401e-04
1.114578689255461401e-04
1.114578689255461401e-04
1.114578689255461401e-04
1.114578689255461401e-04
1.114578689255461401e-04
1.114578689255461401e-04
1.114578689255461401e-04
4.458314757021845606e-04
1.114578689255461401e-04
1.114578689255461401e-04
1.114578689255461401e-04
1.114578689255461401e-04
1.114578689255461401e-04
1.114578689255461401e-04
3.343736067766384340e-04
1.114578689255461401e-04
1.114578689255461401e-04
1.114578689255461401e-04
1.114578689255461401e-04
1.114578689255461401e-04
1.114578689255461401e-04
1.114578689255461401e-04
