3.140228806713053766e-02
2.994292862168712252e-02
2.710238970109191473e-02
1.915409272144476607e-02
1.938863263231959885e-02
1.534933416725301619e-02
1.472389440492012647e-02
1.597477392958590592e-02
1.287363510801865958e-02
6.228337633231699304e-03
1.099731582101998867e-02
1.378573476142079014e-02
1.154457561306126631e-02
1.115367576160321110e-02
1.175305553383889680e-02
8.912516613243687269e-03
1.175305553383889680e-02
1.188335548432491520e-02
5.576837880801605550e-03
1.003309618742344832e-02
9.772496286451411510e-03
9.928856227034633941e-03
2.475699059234357478e-03
3.335678732442081719e-03
9.485836395382168940e-03
5.185938029343548604e-03
4.299898366038621203e-03
8.964636593438095324e-03
8.443436791494019975e-03
1.433299455346206995e-03
3.570218643316915366e-03
8.391316811299611919e-03
7.166497276731034760e-03
8.782216662757668865e-03
8.651916712271648727e-03
8.078596930133167056e-03
6.775597425272978898e-04
7.114377296536627572e-03
4.821098167982696553e-03
6.202277643134495276e-03
5.394417950121179091e-03
3.961118494774972312e-03
7.062257316342219517e-03
2.397519088942746263e-03
5.055638078857530200e-03
6.541057514398144167e-03
6.254397623328903331e-03
6.462877544106532951e-03
4.378078336330232419e-03
5.264117999635159820e-03
2.319339118651135047e-03
4.404138326427435579e-03
5.837437781773643225e-03
5.993797722356865657e-03
3.413858702733692935e-03
3.179318791858859287e-03
2.579939019623172722e-03
5.133818049149141416e-03
5.264117999635159820e-03
3.882938524483360663e-03
5.238058009537956659e-03
5.029578088760326172e-03
4.221718395747009987e-03
5.185938029343548604e-03
4.273838375941417175e-03
4.925338128371510929e-03
2.215099158262319803e-03
4.821098167982696553e-03
4.325958356135824363e-03
4.430198316524639607e-03
3.778698564094545853e-03
2.710238970109191559e-03
4.325958356135824363e-03
4.247778385844213148e-03
1.667839366221040859e-03
7.817997029161129164e-04
4.273838375941417175e-03
3.961118494774972312e-03
4.482318296719047662e-03
3.465978682928100556e-03
3.804758554191749447e-03
3.413858702733692935e-03
3.856878534386157069e-03
2.605999009720376343e-05
3.961118494774972312e-03
3.335678732442081719e-03
2.605999009720376343e-05
2.840538920595209963e-03
1.980559247387486156e-03
2.605999009720376343e-05
3.283558752247674097e-03
3.283558752247674097e-03
2.267219138456727425e-03
2.840538920595209963e-03
3.231438772053266476e-03
1.224819534568576942e-03
3.153258801761655260e-03
3.309618742344878125e-03
3.179318791858859287e-03
1.824199306804263508e-04
2.944778880984025207e-03
3.309618742344878125e-03
2.970838871081228801e-03
2.684178980011987532e-03
2.814478930498006369e-03
2.605999009720376343e-05
2.762358950303598747e-03
2.788418940400802775e-03
2.579939019623172722e-03
2.345399108748338641e-03
1.641779376123837049e-03
2.710238970109191559e-03
2.579939019623172722e-03
2.684178980011987532e-03
2.527819039428765100e-03
2.006619237484689750e-03
2.788418940400802775e-03
2.475699059234357478e-03
2.527819039428765100e-03
2.501759049331561072e-03
2.527819039428765100e-03
2.736298960206395153e-03
2.084799207776300966e-03
2.136919187970708588e-03
9.120996534021317539e-04
2.605999009720376343e-05
2.293279128553931019e-03
2.241159148359523831e-03
2.267219138456727425e-03
2.293279128553931019e-03
2.397519088942746263e-03
2.267219138456727425e-03
2.058739217679097372e-03
2.189039168165116209e-03
1.954499257290282128e-03
1.589659395929429644e-03
2.189039168165116209e-03
1.693899356318244670e-03
1.902379277095874724e-03
1.459359445443410806e-03
1.042399603888150537e-04
1.876319286998670913e-03
1.772079326609855886e-03
2.866598910692413774e-04
1.537539415735022022e-03
1.954499257290282128e-03
1.798139316707059697e-03
5.472597920412790523e-04
1.902379277095874724e-03
1.902379277095874724e-03
1.746019336512652075e-03
1.719959346415448264e-03
1.876319286998670913e-03
1.719959346415448264e-03
1.928439267193078534e-03
1.876319286998670913e-03
1.511479425637818211e-03
1.641779376123837049e-03
1.381179475151799374e-03
1.850259296901467102e-03
1.667839366221040859e-03
2.605999009720376343e-05
5.733197821384827548e-04
1.693899356318244670e-03
1.537539415735022022e-03
5.211998019440752415e-04
1.537539415735022022e-03
1.563599405832225833e-03
1.693899356318244670e-03
1.042399603888150537e-04
1.537539415735022022e-03
1.120579574179761916e-03
1.667839366221040859e-03
1.302999504860188158e-03
1.563599405832225833e-03
1.172699554374169320e-03
1.355119485054595780e-03
1.459359445443410806e-03
1.485419435540614400e-03
1.302999504860188104e-04
1.094519584082558105e-03
1.589659395929429644e-03
1.563599405832225833e-03
7.817997029161129164e-04
1.537539415735022022e-03
1.276939514762984347e-03
1.329059494957391969e-03
1.615719386026633238e-03
1.094519584082558105e-03
7.557397128189091056e-04
1.563599405832225833e-03
1.172699554374169320e-03
1.016339613790946672e-03
1.276939514762984347e-03
1.146639564276965510e-03
7.036197326245015923e-04
2.605999009720376207e-04
1.824199306804263508e-04
1.068459593985354294e-03
1.146639564276965510e-03
1.329059494957391969e-03
1.068459593985354294e-03
1.224819534568576942e-03
1.250879524665780536e-03
1.146639564276965510e-03
9.381596434993354564e-04
1.355119485054595780e-03
1.172699554374169320e-03
1.120579574179761916e-03
2.605999009720376343e-05
1.120579574179761916e-03
1.224819534568576942e-03
1.329059494957391969e-03
2.605999009720376343e-05
9.120996534021317539e-04
1.302999504860188158e-03
1.016339613790946672e-03
1.120579574179761916e-03
4.430198316524639715e-04
4.430198316524639715e-04
4.951398118468715390e-04
2.084799207776301074e-04
1.068459593985354294e-03
1.094519584082558105e-03
7.296797227217054031e-04
2.605999009720376343e-05
1.120579574179761916e-03
8.599796732077241322e-04
1.016339613790946672e-03
9.642196335965392672e-04
1.146639564276965510e-03
1.068459593985354294e-03
9.642196335965392672e-04
1.042399603888150483e-03
1.198759544471373131e-03
8.860396633049279430e-04
1.120579574179761916e-03
1.094519584082558105e-03
2.084799207776301074e-04
1.016339613790946672e-03
6.254397623328902681e-04
1.094519584082558105e-03
9.381596434993354564e-04
6.514997524300940790e-04
2.605999009720376207e-04
9.642196335965392672e-04
8.599796732077241322e-04
1.094519584082558105e-03
9.120996534021317539e-04
2.605999009720376343e-05
9.381596434993354564e-04
9.642196335965392672e-04
2.605999009720376343e-05
3.127198811664451340e-04
9.120996534021317539e-04
6.775597425272978898e-04
1.824199306804263508e-04
7.817997029161129164e-04
9.642196335965392672e-04
9.381596434993354564e-04
2.605999009720376343e-05
8.599796732077241322e-04
9.120996534021317539e-04
1.016339613790946672e-03
2.605999009720376343e-05
5.472597920412790523e-04
6.254397623328902681e-04
8.860396633049279430e-04
1.042399603888150483e-03
7.296797227217054031e-04
8.339196831105204297e-04
7.036197326245015923e-04
6.254397623328902681e-04
4.690798217496677282e-04
8.078596930133166189e-04
5.993797722356865657e-04
9.381596434993354564e-04
6.775597425272978898e-04
4.169598415552602149e-04
8.339196831105204297e-04
8.339196831105204297e-04
7.296797227217054031e-04
3.648398613608527016e-04
9.120996534021317539e-04
6.775597425272978898e-04
5.733197821384827548e-04
6.775597425272978898e-04
7.296797227217054031e-04
5.993797722356865657e-04
4.169598415552602149e-04
9.120996534021317539e-04
5.211998019440752415e-04
6.775597425272978898e-04
2.605999009720376343e-05
6.514997524300940790e-04
7.296797227217054031e-04
3.127198811664451340e-04
5.472597920412790523e-04
6.514997524300940790e-04
7.557397128189091056e-04
7.557397128189091056e-04
3.908998514580564582e-04
6.514997524300940790e-04
4.951398118468715390e-04
7.036197326245015923e-04
5.993797722356865657e-04
2.605999009720376343e-05
5.733197821384827548e-04
5.472597920412790523e-04
8.078596930133166189e-04
7.036197326245015923e-04
5.733197821384827548e-04
5.211998019440752415e-04
6.775597425272978898e-04
7.036197326245015923e-04
5.211998019440752415e-04
6.254397623328902681e-04
6.254397623328902681e-04
3.908998514580564582e-04
6.254397623328902681e-04
3.648398613608527016e-04
6.514997524300940790e-04
1.824199306804263508e-04
6.775597425272978898e-04
2.605999009720376207e-04
6.514997524300940790e-04
1.563599405832225670e-04
6.514997524300940790e-04
6.254397623328902681e-04
2.605999009720376207e-04
2.605999009720376343e-05
6.254397623328902681e-04
4.951398118468715390e-04
2.605999009720376343e-05
4.690798217496677282e-04
4.430198316524639715e-04
5.733197821384827548e-04
1.042399603888150537e-04
7.817997029161128351e-05
3.648398613608527016e-04
4.690798217496677282e-04
4.690798217496677282e-04
7.036197326245015923e-04
5.472597920412790523e-04
4.690798217496677282e-04
5.733197821384827548e-04
5.472597920412790523e-04
5.733197821384827548e-04
4.430198316524639715e-04
5.211998019440752415e-04
5.733197821384827548e-04
2.866598910692413774e-04
3.127198811664451340e-04
5.472597920412790523e-04
2.605999009720376343e-05
4.690798217496677282e-04
2.605999009720376343e-05
4.951398118468715390e-04
4.169598415552602149e-04
2.605999009720376343e-05
4.951398118468715390e-04
5.472597920412790523e-04
4.169598415552602149e-04
2.605999009720376343e-05
4.430198316524639715e-04
4.169598415552602149e-04
3.908998514580564582e-04
2.605999009720376343e-05
3.648398613608527016e-04
4.169598415552602149e-04
3.648398613608527016e-04
4.430198316524639715e-04
3.908998514580564582e-04
3.908998514580564582e-04
4.430198316524639715e-04
5.993797722356865657e-04
4.690798217496677282e-04
4.169598415552602149e-04
4.169598415552602149e-04
5.472597920412790523e-04
4.430198316524639715e-04
1.824199306804263508e-04
4.169598415552602149e-04
2.866598910692413774e-04
2.605999009720376343e-05
4.430198316524639715e-04
4.690798217496677282e-04
4.951398118468715390e-04
4.430198316524639715e-04
2.605999009720376343e-05
4.690798217496677282e-04
3.908998514580564582e-04
4.690798217496677282e-04
1.824199306804263508e-04
2.605999009720376343e-05
4.430198316524639715e-04
4.169598415552602149e-04
3.648398613608527016e-04
4.430198316524639715e-04
2.605999009720376343e-05
3.387798712636489449e-04
3.648398613608527016e-04
4.169598415552602149e-04
3.387798712636489449e-04
4.430198316524639715e-04
2.345399108748338641e-04
4.430198316524639715e-04
4.169598415552602149e-04
3.127198811664451340e-04
3.908998514580564582e-04
3.127198811664451340e-04
3.648398613608527016e-04
3.908998514580564582e-04
3.387798712636489449e-04
3.127198811664451340e-04
4.430198316524639715e-04
2.605999009720376207e-04
3.908998514580564582e-04
2.345399108748338641e-04
4.169598415552602149e-04
4.169598415552602149e-04
7.817997029161128351e-05
4.169598415552602149e-04
2.605999009720376207e-04
1.824199306804263508e-04
4.169598415552602149e-04
1.302999504860188104e-04
1.824199306804263508e-04
3.387798712636489449e-04
4.169598415552602149e-04
3.127198811664451340e-04
4.169598415552602149e-04
2.605999009720376343e-05
4.169598415552602149e-04
2.605999009720376343e-05
3.648398613608527016e-04
1.302999504860188104e-04
4.169598415552602149e-04
2.866598910692413774e-04
2.605999009720376207e-04
3.127198811664451340e-04
3.648398613608527016e-04
2.866598910692413774e-04
1.302999504860188104e-04
2.866598910692413774e-04
3.648398613608527016e-04
3.127198811664451340e-04
2.084799207776301074e-04
2.866598910692413774e-04
2.866598910692413774e-04
2.866598910692413774e-04
3.127198811664451340e-04
3.387798712636489449e-04
2.605999009720376207e-04
2.345399108748338641e-04
2.866598910692413774e-04
3.648398613608527016e-04
2.605999009720376207e-04
1.302999504860188104e-04
2.605999009720376343e-05
7.817997029161128351e-05
2.605999009720376343e-05
2.084799207776301074e-04
2.605999009720376343e-05
1.563599405832225670e-04
3.648398613608527016e-04
3.648398613608527016e-04
2.866598910692413774e-04
5.211998019440752686e-05
2.605999009720376207e-04
3.387798712636489449e-04
2.866598910692413774e-04
7.817997029161128351e-05
3.127198811664451340e-04
2.345399108748338641e-04
5.211998019440752686e-05
3.387798712636489449e-04
2.605999009720376343e-05
3.127198811664451340e-04
1.563599405832225670e-04
3.127198811664451340e-04
2.605999009720376343e-05
2.345399108748338641e-04
2.084799207776301074e-04
1.302999504860188104e-04
2.345399108748338641e-04
2.605999009720376207e-04
2.084799207776301074e-04
2.866598910692413774e-04
2.605999009720376343e-05
1.824199306804263508e-04
2.605999009720376207e-04
2.084799207776301074e-04
2.345399108748338641e-04
2.866598910692413774e-04
2.605999009720376343e-05
3.127198811664451340e-04
2.605999009720376343e-05
2.866598910692413774e-04
2.605999009720376343e-05
2.605999009720376343e-05
1.302999504860188104e-04
2.345399108748338641e-04
2.866598910692413774e-04
2.866598910692413774e-04
2.084799207776301074e-04
2.605999009720376343e-05
2.605999009720376207e-04
2.605999009720376343e-05
2.605999009720376207e-04
2.605999009720376207e-04
2.345399108748338641e-04
2.605999009720376207e-04
1.824199306804263508e-04
2.605999009720376343e-05
2.866598910692413774e-04
2.605999009720376207e-04
5.211998019440752686e-05
2.605999009720376343e-05
2.084799207776301074e-04
2.605999009720376207e-04
2.084799207776301074e-04
1.824199306804263508e-04
2.605999009720376207e-04
2.345399108748338641e-04
2.605999009720376343e-05
2.084799207776301074e-04
2.345399108748338641e-04
2.605999009720376207e-04
2.605999009720376343e-05
1.302999504860188104e-04
2.345399108748338641e-04
2.605999009720376343e-05
2.605999009720376343e-05
2.605999009720376343e-05
2.084799207776301074e-04
2.605999009720376343e-05
2.605999009720376343e-05
3.127198811664451340e-04
2.345399108748338641e-04
2.345399108748338641e-04
1.824199306804263508e-04
2.084799207776301074e-04
2.345399108748338641e-04
2.345399108748338641e-04
1.563599405832225670e-04
2.345399108748338641e-04
2.605999009720376343e-05
2.345399108748338641e-04
2.345399108748338641e-04
1.302999504860188104e-04
5.211998019440752686e-05
2.084799207776301074e-04
2.605999009720376343e-05
2.605999009720376207e-04
2.084799207776301074e-04
2.084799207776301074e-04
2.605999009720376343e-05
1.302999504860188104e-04
1.302999504860188104e-04
2.084799207776301074e-04
1.563599405832225670e-04
2.605999009720376343e-05
2.605999009720376343e-05
2.605999009720376343e-05
2.605999009720376343e-05
2.605999009720376343e-05
2.084799207776301074e-04
2.605999009720376343e-05
2.605999009720376207e-04
2.345399108748338641e-04
1.824199306804263508e-04
2.605999009720376343e-05
1.563599405832225670e-04
2.605999009720376343e-05
1.563599405832225670e-04
5.211998019440752686e-05
1.824199306804263508e-04
2.605999009720376207e-04
1.563599405832225670e-04
2.084799207776301074e-04
1.563599405832225670e-04
2.345399108748338641e-04
1.042399603888150537e-04
7.817997029161128351e-05
2.605999009720376343e-05
1.824199306804263508e-04
1.824199306804263508e-04
2.084799207776301074e-04
1.563599405832225670e-04
2.084799207776301074e-04
7.817997029161128351e-05
1.824199306804263508e-04
2.605999009720376343e-05
1.563599405832225670e-04
7.817997029161128351e-05
1.302999504860188104e-04
1.042399603888150537e-04
2.605999009720376343e-05
1.824199306804263508e-04
2.084799207776301074e-04
2.084799207776301074e-04
1.824199306804263508e-04
2.605999009720376343e-05
1.824199306804263508e-04
5.211998019440752686e-05
2.605999009720376343e-05
1.563599405832225670e-04
1.824199306804263508e-04
2.084799207776301074e-04
1.563599405832225670e-04
1.824199306804263508e-04
1.563599405832225670e-04
2.084799207776301074e-04
1.824199306804263508e-04
2.605999009720376343e-05
1.302999504860188104e-04
1.824199306804263508e-04
1.824199306804263508e-04
1.563599405832225670e-04
1.824199306804263508e-04
7.817997029161128351e-05
1.563599405832225670e-04
1.563599405832225670e-04
1.824199306804263508e-04
2.084799207776301074e-04
2.084799207776301074e-04
1.824199306804263508e-04
1.824199306804263508e-04
1.563599405832225670e-04
2.084799207776301074e-04
2.605999009720376343e-05
1.302999504860188104e-04
7.817997029161128351e-05
1.563599405832225670e-04
5.211998019440752686e-05
1.042399603888150537e-04
2.605999009720376343e-05
2.084799207776301074e-04
2.605999009720376343e-05
2.605999009720376343e-05
2.084799207776301074e-04
2.605999009720376343e-05
2.605999009720376343e-05
1.302999504860188104e-04
2.605999009720376343e-05
2.605999009720376343e-05
1.042399603888150537e-04
1.302999504860188104e-04
2.605999009720376343e-05
2.605999009720376343e-05
2.605999009720376343e-05
2.605999009720376343e-05
2.605999009720376343e-05
7.817997029161128351e-05
1.302999504860188104e-04
2.605999009720376343e-05
5.211998019440752686e-05
1.042399603888150537e-04
1.302999504860188104e-04
2.605999009720376343e-05
1.563599405832225670e-04
2.605999009720376343e-05
2.605999009720376343e-05
1.042399603888150537e-04
1.042399603888150537e-04
2.605999009720376343e-05
1.302999504860188104e-04
7.817997029161128351e-05
7.817997029161128351e-05
1.302999504860188104e-04
7.817997029161128351e-05
2.605999009720376343e-05
2.605999009720376343e-05
1.302999504860188104e-04
1.302999504860188104e-04
2.605999009720376343e-05
1.563599405832225670e-04
1.563599405832225670e-04
1.824199306804263508e-04
2.605999009720376343e-05
1.563599405832225670e-04
1.563599405832225670e-04
1.042399603888150537e-04
1.824199306804263508e-04
1.302999504860188104e-04
1.302999504860188104e-04
1.042399603888150537e-04
1.302999504860188104e-04
1.824199306804263508e-04
7.817997029161128351e-05
2.605999009720376343e-05
1.042399603888150537e-04
1.302999504860188104e-04
2.605999009720376343e-05
1.042399603888150537e-04
1.042399603888150537e-04
5.211998019440752686e-05
1.042399603888150537e-04
1.042399603888150537e-04
1.563599405832225670e-04
1.302999504860188104e-04
2.605999009720376343e-05
1.302999504860188104e-04
5.211998019440752686e-05
5.211998019440752686e-05
1.563599405832225670e-04
1.042399603888150537e-04
2.605999009720376343e-05
2.605999009720376343e-05
2.605999009720376343e-05
5.211998019440752686e-05
7.817997029161128351e-05
2.605999009720376343e-05
1.563599405832225670e-04
2.605999009720376343e-05
5.211998019440752686e-05
7.817997029161128351e-05
5.211998019440752686e-05
7.817997029161128351e-05
2.605999009720376343e-05
5.211998019440752686e-05
1.042399603888150537e-04
7.817997029161128351e-05
1.302999504860188104e-04
1.302999504860188104e-04
7.817997029161128351e-05
1.302999504860188104e-04
1.042399603888150537e-04
1.302999504860188104e-04
7.817997029161128351e-05
1.302999504860188104e-04
1.042399603888150537e-04
1.042399603888150537e-04
1.042399603888150537e-04
5.211998019440752686e-05
1.042399603888150537e-04
1.042399603888150537e-04
5.211998019440752686e-05
7.817997029161128351e-05
1.042399603888150537e-04
1.042399603888150537e-04
7.817997029161128351e-05
7.817997029161128351e-05
7.817997029161128351e-05
1.302999504860188104e-04
7.817997029161128351e-05
2.605999009720376343e-05
7.817997029161128351e-05
7.817997029161128351e-05
5.211998019440752686e-05
7.817997029161128351e-05
1.042399603888150537e-04
1.302999504860188104e-04
1.042399603888150537e-04
2.605999009720376343e-05
7.817997029161128351e-05
7.817997029161128351e-05
5.211998019440752686e-05
7.817997029161128351e-05
1.042399603888150537e-04
2.605999009720376343e-05
5.211998019440752686e-05
2.605999009720376343e-05
1.042399603888150537e-04
7.817997029161128351e-05
7.817997029161128351e-05
7.817997029161128351e-05
2.605999009720376343e-05
2.605999009720376343e-05
1.042399603888150537e-04
5.211998019440752686e-05
2.605999009720376343e-05
7.817997029161128351e-05
7.817997029161128351e-05
2.605999009720376343e-05
1.302999504860188104e-04
1.302999504860188104e-04
1.302999504860188104e-04
7.817997029161128351e-05
2.605999009720376343e-05
1.302999504860188104e-04
2.605999009720376343e-05
7.817997029161128351e-05
1.042399603888150537e-04
1.302999504860188104e-04
2.605999009720376343e-05
1.042399603888150537e-04
1.042399603888150537e-04
1.302999504860188104e-04
2.605999009720376343e-05
1.042399603888150537e-04
7.817997029161128351e-05
1.302999504860188104e-04
1.042399603888150537e-04
1.042399603888150537e-04
2.605999009720376343e-05
1.042399603888150537e-04
1.302999504860188104e-04
1.302999504860188104e-04
1.042399603888150537e-04
7.817997029161128351e-05
7.817997029161128351e-05
2.605999009720376343e-05
1.042399603888150537e-04
1.042399603888150537e-04
1.042399603888150537e-04
1.302999504860188104e-04
7.817997029161128351e-05
2.605999009720376343e-05
1.042399603888150537e-04
2.605999009720376343e-05
1.042399603888150537e-04
2.605999009720376343e-05
1.302999504860188104e-04
2.605999009720376343e-05
1.042399603888150537e-04
5.211998019440752686e-05
2.605999009720376343e-05
1.042399603888150537e-04
1.302999504860188104e-04
1.042399603888150537e-04
2.605999009720376343e-05
1.042399603888150537e-04
1.302999504860188104e-04
7.817997029161128351e-05
1.042399603888150537e-04
2.605999009720376343e-05
5.211998019440752686e-05
7.817997029161128351e-05
2.605999009720376343e-05
1.042399603888150537e-04
2.605999009720376343e-05
1.042399603888150537e-04
7.817997029161128351e-05
7.817997029161128351e-05
2.605999009720376343e-05
7.817997029161128351e-05
2.605999009720376343e-05
5.211998019440752686e-05
5.211998019440752686e-05
2.605999009720376343e-05
7.817997029161128351e-05
7.817997029161128351e-05
7.817997029161128351e-05
2.605999009720376343e-05
5.211998019440752686e-05
7.817997029161128351e-05
5.211998019440752686e-05
1.042399603888150537e-04
2.605999009720376343e-05
2.605999009720376343e-05
5.211998019440752686e-05
7.817997029161128351e-05
5.211998019440752686e-05
7.817997029161128351e-05
7.817997029161128351e-05
2.605999009720376343e-05
5.211998019440752686e-05
7.817997029161128351e-05
5.211998019440752686e-05
5.211998019440752686e-05
7.817997029161128351e-05
2.605999009720376343e-05
7.817997029161128351e-05
7.817997029161128351e-05
2.605999009720376343e-05
5.211998019440752686e-05
5.211998019440752686e-05
5.211998019440752686e-05
5.211998019440752686e-05
7.817997029161128351e-05
7.817997029161128351e-05
5.211998019440752686e-05
2.605999009720376343e-05
7.817997029161128351e-05
2.605999009720376343e-05
7.817997029161128351e-05
2.605999009720376343e-05
7.817997029161128351e-05
7.817997029161128351e-05
7.817997029161128351e-05
7.817997029161128351e-05
5.211998019440752686e-05
5.211998019440752686e-05
2.605999009720376343e-05
7.817997029161128351e-05
5.211998019440752686e-05
7.817997029161128351e-05
2.605999009720376343e-05
7.817997029161128351e-05
5.211998019440752686e-05
7.817997029161128351e-05
2.605999009720376343e-05
2.605999009720376343e-05
5.211998019440752686e-05
2.605999009720376343e-05
5.211998019440752686e-05
5.211998019440752686e-05
5.211998019440752686e-05
