3.800635042817281095e-02
7.697488694313479917e-04
5.773116520735110209e-04
1.308573078033291662e-02
1.828153564899451548e-03
1.356682382372750850e-02
1.145001443279130247e-02
5.388242086019436050e-03
1.587607043202155302e-02
3.463869912441066429e-02
8.755893389781584449e-03
9.621860867891849896e-05
1.635716347541614577e-03
2.405465216972962460e-03
9.621860867891850709e-04
9.140767824497257957e-03
9.621860867891849896e-05
9.621860867891849896e-05
2.001347060521505017e-02
9.621860867891849896e-05
2.886558260367555104e-04
9.621860867891849896e-05
2.713364764745501700e-02
2.290002886558260495e-02
9.621860867891849896e-05
1.635716347541614490e-02
1.808909843163667916e-02
7.697488694313479917e-04
1.154623304147022042e-03
2.925045703839122477e-02
1.962859617049937319e-02
4.810930433945925355e-04
2.020590782257288519e-03
9.621860867891849896e-05
9.621860867891849896e-05
9.621860867891849896e-05
2.607524295198691486e-02
9.621860867891849896e-05
1.096892138939670885e-02
3.560088521119984719e-03
8.948330607139421203e-03
1.385547964976426363e-02
1.924372173578369979e-04
1.866641008371018942e-02
8.948330607139421203e-03
9.621860867891849896e-05
9.621860867891849896e-05
9.621860867891849896e-05
7.023958433561051061e-03
3.944962955835658661e-03
1.433657269315885725e-02
6.446646781487539932e-03
9.621860867891849896e-05
5.773116520735110209e-04
8.948330607139421203e-03
1.058404695468103535e-02
1.193110747618589436e-02
2.790339651688636402e-03
4.810930433945925355e-04
5.965553738092947179e-03
9.621860867891849896e-05
9.621860867891849896e-05
3.271432695083229154e-03
9.621860867891849896e-05
8.659674781102664771e-04
2.886558260367555104e-04
8.467237563744827583e-03
9.621860867891849896e-05
9.621860867891849896e-05
9.621860867891849896e-05
3.078995477725391967e-03
6.542865390166458309e-03
6.735302607524295063e-04
9.621860867891849896e-05
1.010295391128644346e-02
1.356682382372750850e-02
5.773116520735110209e-04
1.058404695468103448e-03
9.621860867891849896e-05
7.697488694313479917e-04
7.697488694313479917e-04
1.154623304147022042e-03
9.621860867891849896e-05
1.404791686712210212e-02
2.886558260367555104e-04
1.828153564899451548e-03
1.481766573655344914e-02
2.886558260367555213e-03
6.157990955450783933e-03
1.241220051958048624e-02
5.773116520735110209e-04
9.621860867891849896e-05
4.522274607909169790e-03
9.621860867891850709e-04
9.621860867891849896e-05
8.178581737708072452e-03
5.773116520735110209e-04
9.621860867891849896e-05
9.621860867891849896e-05
1.077648417203887210e-02
1.250841912825940636e-03
9.621860867891849896e-05
9.621860867891849896e-05
3.848744347156739958e-04
9.621860867891849896e-05
1.029539112864428022e-02
9.621860867891850709e-04
9.621860867891849896e-05
1.250841912825940636e-03
1.924372173578370142e-03
4.233618781872413792e-03
9.621860867891849896e-05
9.621860867891849896e-05
9.621860867891849896e-05
9.621860867891849896e-05
3.560088521119984719e-03
1.924372173578369979e-04
9.621860867891849896e-05
9.621860867891849896e-05
9.621860867891849896e-05
9.621860867891849896e-05
9.621860867891849896e-05
2.020590782257288519e-03
1.635716347541614577e-03
7.120177042239969438e-03
9.140767824497257957e-03
6.735302607524295063e-04
9.621860867891849896e-05
5.773116520735110209e-04
9.621860867891849896e-05
9.621860867891849896e-05
9.621860867891849896e-05
6.735302607524295063e-04
3.848744347156739958e-04
1.347060521504859013e-03
1.828153564899451548e-03
2.886558260367555104e-04
1.347060521504859013e-03
8.659674781102664771e-04
1.635716347541614577e-03
7.023958433561051061e-03
3.848744347156739958e-04
7.697488694313479917e-04
6.542865390166458309e-03
2.694121043009718025e-03
9.621860867891849896e-05
9.621860867891849896e-05
4.426055999230251413e-03
9.621860867891849896e-05
9.621860867891849896e-05
9.621860867891849896e-05
9.621860867891849896e-05
9.621860867891849896e-05
9.621860867891849896e-05
9.621860867891849896e-05
9.621860867891849896e-05
1.635716347541614577e-03
1.154623304147022042e-03
7.697488694313479917e-04
9.621860867891849896e-05
1.250841912825940636e-03
6.350428172808621555e-03
4.137400173193495415e-03
3.848744347156739958e-04
9.621860867891849896e-05
4.426055999230251413e-03
3.848744347156739958e-04
9.621860867891849896e-05
9.621860867891849896e-05
6.061772346771865556e-03
9.621860867891849896e-05
1.635716347541614577e-03
9.621860867891849896e-05
9.621860867891849896e-05
9.621860867891849896e-05
1.058404695468103448e-03
9.621860867891849896e-05
9.621860867891849896e-05
9.621860867891849896e-05
5.773116520735110425e-03
1.443279130183777606e-03
9.621860867891849896e-05
9.621860867891849896e-05
2.116809390936206896e-03
3.848744347156739958e-04
9.621860867891849896e-05
9.621860867891849896e-05
9.621860867891849896e-05
1.539497738862695983e-03
2.597902434330799648e-03
9.621860867891849896e-05
3.848744347156739958e-04
1.058404695468103448e-03
9.621860867891849896e-05
2.886558260367555104e-04
2.886558260367555213e-03
4.041181564514577038e-03
3.560088521119984719e-03
9.621860867891849896e-05
9.621860867891849896e-05
9.621860867891849896e-05
9.621860867891849896e-05
9.621860867891849896e-05
9.621860867891849896e-05
7.697488694313479917e-04
1.539497738862695983e-03
9.621860867891849896e-05
9.621860867891849896e-05
9.621860867891849896e-05
4.426055999230251413e-03
9.621860867891849896e-05
9.621860867891849896e-05
9.621860867891849896e-05
5.003367651303762542e-03
9.621860867891850709e-04
9.621860867891849896e-05
9.621860867891849896e-05
1.924372173578369979e-04
2.597902434330799648e-03
2.694121043009718025e-03
3.367651303762147531e-03
3.463869912441065908e-03
9.621860867891849896e-05
5.773116520735110209e-04
9.621860867891850709e-04
4.041181564514577038e-03
9.621860867891849896e-05
7.697488694313479917e-04
2.886558260367555104e-04
9.621860867891849896e-05
9.621860867891849896e-05
9.621860867891849896e-05
6.735302607524295063e-04
9.621860867891849896e-05
9.621860867891849896e-05
9.621860867891849896e-05
4.810930433945925355e-04
9.621860867891849896e-05
2.982776869046473590e-03
1.924372173578369979e-04
1.154623304147022042e-03
9.621860867891849896e-05
9.621860867891849896e-05
1.058404695468103448e-03
2.886558260367555213e-03
9.621860867891849896e-05
9.621860867891849896e-05
9.621860867891849896e-05
9.621860867891849896e-05
3.656307129798903096e-03
9.621860867891849896e-05
9.621860867891849896e-05
3.367651303762147531e-03
2.020590782257288519e-03
9.621860867891849896e-05
9.621860867891850709e-04
2.309246608294044083e-03
9.621860867891849896e-05
9.621860867891849896e-05
9.621860867891849896e-05
3.271432695083229154e-03
9.621860867891849896e-05
9.621860867891849896e-05
9.621860867891849896e-05
2.886558260367555213e-03
1.058404695468103448e-03
1.924372173578369979e-04
9.621860867891849896e-05
9.621860867891849896e-05
9.621860867891849896e-05
9.621860867891849896e-05
9.621860867891849896e-05
9.621860867891849896e-05
1.635716347541614577e-03
9.621860867891849896e-05
4.810930433945925355e-04
9.621860867891849896e-05
2.886558260367555104e-04
1.443279130183777606e-03
9.621860867891849896e-05
9.621860867891849896e-05
9.621860867891849896e-05
1.250841912825940636e-03
9.621860867891849896e-05
4.810930433945925355e-04
1.154623304147022042e-03
9.621860867891849896e-05
3.848744347156739958e-04
7.697488694313479917e-04
1.539497738862695983e-03
9.621860867891849896e-05
7.697488694313479917e-04
9.621860867891849896e-05
3.078995477725391967e-03
9.621860867891849896e-05
9.621860867891849896e-05
1.828153564899451548e-03
9.621860867891849896e-05
9.621860867891849896e-05
9.621860867891849896e-05
9.621860867891849896e-05
8.659674781102664771e-04
1.924372173578369979e-04
8.659674781102664771e-04
9.621860867891849896e-05
9.621860867891849896e-05
2.309246608294044083e-03
9.621860867891849896e-05
3.848744347156739958e-04
9.621860867891849896e-05
9.621860867891849896e-05
7.697488694313479917e-04
6.735302607524295063e-04
1.924372173578369979e-04
9.621860867891849896e-05
9.621860867891849896e-05
9.621860867891849896e-05
5.773116520735110209e-04
7.697488694313479917e-04
9.621860867891849896e-05
7.697488694313479917e-04
9.621860867891849896e-05
2.020590782257288519e-03
9.621860867891849896e-05
1.635716347541614577e-03
9.621860867891849896e-05
1.731934956220532954e-03
9.621860867891849896e-05
9.621860867891849896e-05
1.154623304147022042e-03
2.405465216972962460e-03
9.621860867891849896e-05
9.621860867891849896e-05
2.405465216972962460e-03
9.621860867891849896e-05
9.621860867891849896e-05
1.924372173578369979e-04
1.347060521504859013e-03
1.924372173578370142e-03
1.058404695468103448e-03
1.924372173578369979e-04
9.621860867891849896e-05
9.621860867891849896e-05
9.621860867891849896e-05
9.621860867891849896e-05
9.621860867891849896e-05
9.621860867891849896e-05
1.924372173578369979e-04
9.621860867891849896e-05
9.621860867891849896e-05
9.621860867891849896e-05
6.735302607524295063e-04
1.058404695468103448e-03
9.621860867891849896e-05
1.924372173578370142e-03
9.621860867891849896e-05
2.020590782257288519e-03
9.621860867891849896e-05
4.810930433945925355e-04
2.116809390936206896e-03
9.621860867891849896e-05
9.621860867891849896e-05
9.621860867891849896e-05
1.828153564899451548e-03
9.621860867891849896e-05
9.621860867891849896e-05
9.621860867891849896e-05
1.347060521504859013e-03
9.621860867891849896e-05
2.886558260367555104e-04
9.621860867891849896e-05
2.886558260367555104e-04
9.621860867891849896e-05
9.621860867891849896e-05
9.621860867891849896e-05
9.621860867891849896e-05
9.621860867891849896e-05
9.621860867891849896e-05
9.621860867891849896e-05
9.621860867891849896e-05
2.886558260367555104e-04
1.154623304147022042e-03
3.848744347156739958e-04
7.697488694313479917e-04
1.443279130183777606e-03
9.621860867891849896e-05
9.621860867891849896e-05
9.621860867891849896e-05
9.621860867891849896e-05
1.828153564899451548e-03
9.621860867891849896e-05
9.621860867891849896e-05
9.621860867891849896e-05
9.621860867891850709e-04
1.539497738862695983e-03
9.621860867891849896e-05
2.886558260367555104e-04
1.924372173578369979e-04
9.621860867891849896e-05
1.250841912825940636e-03
9.621860867891849896e-05
9.621860867891849896e-05
9.621860867891849896e-05
9.621860867891849896e-05
9.621860867891849896e-05
7.697488694313479917e-04
9.621860867891849896e-05
9.621860867891849896e-05
2.886558260367555104e-04
9.621860867891849896e-05
3.848744347156739958e-04
2.886558260367555104e-04
9.621860867891849896e-05
9.621860867891849896e-05
9.621860867891849896e-05
9.621860867891849896e-05
9.621860867891849896e-05
9.621860867891849896e-05
9.621860867891849896e-05
9.621860867891849896e-05
9.621860867891849896e-05
9.621860867891850709e-04
9.621860867891849896e-05
2.886558260367555104e-04
9.621860867891850709e-04
9.621860867891849896e-05
8.659674781102664771e-04
6.735302607524295063e-04
9.621860867891849896e-05
9.621860867891849896e-05
9.621860867891849896e-05
9.621860867891849896e-05
1.443279130183777606e-03
9.621860867891849896e-05
1.250841912825940636e-03
9.621860867891849896e-05
6.735302607524295063e-04
9.621860867891849896e-05
9.621860867891849896e-05
4.810930433945925355e-04
9.621860867891849896e-05
9.621860867891849896e-05
9.621860867891849896e-05
3.848744347156739958e-04
9.621860867891849896e-05
9.621860867891849896e-05
9.621860867891849896e-05
9.621860867891849896e-05
9.621860867891849896e-05
9.621860867891849896e-05
9.621860867891849896e-05
9.621860867891849896e-05
9.621860867891849896e-05
9.621860867891849896e-05
9.621860867891849896e-05
9.621860867891849896e-05
9.621860867891849896e-05
9.621860867891849896e-05
1.154623304147022042e-03
8.659674781102664771e-04
6.735302607524295063e-04
8.659674781102664771e-04
2.886558260367555104e-04
7.697488694313479917e-04
2.886558260367555104e-04
9.621860867891849896e-05
9.621860867891849896e-05
9.621860867891849896e-05
1.154623304147022042e-03
1.924372173578369979e-04
9.621860867891849896e-05
9.621860867891849896e-05
5.773116520735110209e-04
9.621860867891849896e-05
9.621860867891849896e-05
9.621860867891850709e-04
9.621860867891849896e-05
1.058404695468103448e-03
9.621860867891849896e-05
9.621860867891849896e-05
9.621860867891849896e-05
9.621860867891850709e-04
9.621860867891849896e-05
9.621860867891849896e-05
4.810930433945925355e-04
9.621860867891849896e-05
9.621860867891849896e-05
2.886558260367555104e-04
9.621860867891849896e-05
1.154623304147022042e-03
3.848744347156739958e-04
9.621860867891849896e-05
9.621860867891849896e-05
2.886558260367555104e-04
9.621860867891849896e-05
9.621860867891850709e-04
9.621860867891849896e-05
7.697488694313479917e-04
9.621860867891849896e-05
1.250841912825940636e-03
1.058404695468103448e-03
5.773116520735110209e-04
9.621860867891849896e-05
9.621860867891849896e-05
1.924372173578369979e-04
1.924372173578369979e-04
1.058404695468103448e-03
2.886558260367555104e-04
9.621860867891850709e-04
9.621860867891849896e-05
9.621860867891849896e-05
9.621860867891849896e-05
9.621860867891849896e-05
9.621860867891849896e-05
9.621860867891850709e-04
9.621860867891849896e-05
9.621860867891849896e-05
9.621860867891850709e-04
7.697488694313479917e-04
9.621860867891849896e-05
9.621860867891849896e-05
9.621860867891849896e-05
9.621860867891849896e-05
9.621860867891849896e-05
9.621860867891849896e-05
8.659674781102664771e-04
9.621860867891849896e-05
9.621860867891849896e-05
9.621860867891849896e-05
1.154623304147022042e-03
5.773116520735110209e-04
9.621860867891849896e-05
8.659674781102664771e-04
6.735302607524295063e-04
8.659674781102664771e-04
9.621860867891849896e-05
1.058404695468103448e-03
8.659674781102664771e-04
9.621860867891849896e-05
9.621860867891849896e-05
9.621860867891849896e-05
9.621860867891849896e-05
1.924372173578369979e-04
9.621860867891849896e-05
9.621860867891849896e-05
9.621860867891849896e-05
9.621860867891849896e-05
8.659674781102664771e-04
9.621860867891849896e-05
9.621860867891849896e-05
9.621860867891849896e-05
7.697488694313479917e-04
9.621860867891849896e-05
6.735302607524295063e-04
9.621860867891849896e-05
9.621860867891849896e-05
9.621860867891849896e-05
9.621860867891850709e-04
3.848744347156739958e-04
9.621860867891849896e-05
9.621860867891849896e-05
9.621860867891849896e-05
1.058404695468103448e-03
6.735302607524295063e-04
8.659674781102664771e-04
8.659674781102664771e-04
6.735302607524295063e-04
9.621860867891849896e-05
6.735302607524295063e-04
9.621860867891849896e-05
9.621860867891849896e-05
9.621860867891849896e-05
2.886558260367555104e-04
3.848744347156739958e-04
3.848744347156739958e-04
9.621860867891849896e-05
4.810930433945925355e-04
9.621860867891849896e-05
9.621860867891849896e-05
9.621860867891849896e-05
9.621860867891849896e-05
9.621860867891849896e-05
9.621860867891849896e-05
9.621860867891849896e-05
4.810930433945925355e-04
4.810930433945925355e-04
9.621860867891849896e-05
9.621860867891849896e-05
9.621860867891849896e-05
9.621860867891849896e-05
9.621860867891849896e-05
4.810930433945925355e-04
9.621860867891849896e-05
5.773116520735110209e-04
9.621860867891849896e-05
1.924372173578369979e-04
4.810930433945925355e-04
9.621860867891849896e-05
4.810930433945925355e-04
9.621860867891849896e-05
9.621860867891849896e-05
9.621860867891849896e-05
9.621860867891849896e-05
7.697488694313479917e-04
9.621860867891849896e-05
6.735302607524295063e-04
3.848744347156739958e-04
9.621860867891849896e-05
9.621860867891849896e-05
9.621860867891849896e-05
2.886558260367555104e-04
9.621860867891849896e-05
9.621860867891849896e-05
9.621860867891849896e-05
9.621860867891849896e-05
4.810930433945925355e-04
9.621860867891849896e-05
9.621860867891849896e-05
9.621860867891849896e-05
9.621860867891849896e-05
9.621860867891849896e-05
2.886558260367555104e-04
9.621860867891849896e-05
9.621860867891849896e-05
9.621860867891849896e-05
9.621860867891849896e-05
9.621860867891849896e-05
9.621860867891849896e-05
9.621860867891849896e-05
9.621860867891849896e-05
9.621860867891849896e-05
6.735302607524295063e-04
9.621860867891849896e-05
1.924372173578369979e-04
9.621860867891849896e-05
5.773116520735110209e-04
1.924372173578369979e-04
5.773116520735110209e-04
9.621860867891849896e-05
7.697488694313479917e-04
7.697488694313479917e-04
9.621860867891849896e-05
4.810930433945925355e-04
4.810930433945925355e-04
9.621860867891849896e-05
2.886558260367555104e-04
6.735302607524295063e-04
9.621860867891849896e-05
9.621860867891849896e-05
3.848744347156739958e-04
5.773116520735110209e-04
3.848744347156739958e-04
5.773116520735110209e-04
5.773116520735110209e-04
3.848744347156739958e-04
9.621860867891849896e-05
4.810930433945925355e-04
2.886558260367555104e-04
9.621860867891849896e-05
9.621860867891849896e-05
6.735302607524295063e-04
9.621860867891849896e-05
4.810930433945925355e-04
5.773116520735110209e-04
9.621860867891849896e-05
9.621860867891849896e-05
3.848744347156739958e-04
9.621860867891849896e-05
1.924372173578369979e-04
9.621860867891849896e-05
9.621860867891849896e-05
9.621860867891849896e-05
2.886558260367555104e-04
5.773116520735110209e-04
9.621860867891849896e-05
9.621860867891849896e-05
4.810930433945925355e-04
9.621860867891849896e-05
9.621860867891849896e-05
9.621860867891849896e-05
3.848744347156739958e-04
9.621860867891849896e-05
9.621860867891849896e-05
9.621860867891849896e-05
9.621860867891849896e-05
9.621860867891849896e-05
9.621860867891849896e-05
1.924372173578369979e-04
9.621860867891849896e-05
9.621860867891849896e-05
9.621860867891849896e-05
4.810930433945925355e-04
9.621860867891849896e-05
9.621860867891849896e-05
3.848744347156739958e-04
9.621860867891849896e-05
9.621860867891849896e-05
4.810930433945925355e-04
1.924372173578369979e-04
9.621860867891849896e-05
9.621860867891849896e-05
9.621860867891849896e-05
9.621860867891849896e-05
9.621860867891849896e-05
3.848744347156739958e-04
2.886558260367555104e-04
9.621860867891849896e-05
9.621860867891849896e-05
4.810930433945925355e-04
3.848744347156739958e-04
4.810930433945925355e-04
3.848744347156739958e-04
9.621860867891849896e-05
2.886558260367555104e-04
9.621860867891849896e-05
5.773116520735110209e-04
3.848744347156739958e-04
2.886558260367555104e-04
9.621860867891849896e-05
9.621860867891849896e-05
3.848744347156739958e-04
9.621860867891849896e-05
9.621860867891849896e-05
9.621860867891849896e-05
9.621860867891849896e-05
9.621860867891849896e-05
1.924372173578369979e-04
9.621860867891849896e-05
9.621860867891849896e-05
9.621860867891849896e-05
9.621860867891849896e-05
9.621860867891849896e-05
9.621860867891849896e-05
9.621860867891849896e-05
9.621860867891849896e-05
2.886558260367555104e-04
9.621860867891849896e-05
9.621860867891849896e-05
9.621860867891849896e-05
9.621860867891849896e-05
9.621860867891849896e-05
9.621860867891849896e-05
2.886558260367555104e-04
9.621860867891849896e-05
9.621860867891849896e-05
9.621860867891849896e-05
9.621860867891849896e-05
4.810930433945925355e-04
9.621860867891849896e-05
9.621860867891849896e-05
9.621860867891849896e-05
9.621860867891849896e-05
9.621860867891849896e-05
9.621860867891849896e-05
9.621860867891849896e-05
2.886558260367555104e-04
9.621860867891849896e-05
9.621860867891849896e-05
9.621860867891849896e-05
9.621860867891849896e-05
9.621860867891849896e-05
3.848744347156739958e-04
2.886558260367555104e-04
9.621860867891849896e-05
9.621860867891849896e-05
9.621860867891849896e-05
9.621860867891849896e-05
9.621860867891849896e-05
2.886558260367555104e-04
2.886558260367555104e-04
9.621860867891849896e-05
9.621860867891849896e-05
9.621860867891849896e-05
2.886558260367555104e-04
9.621860867891849896e-05
3.848744347156739958e-04
9.621860867891849896e-05
9.621860867891849896e-05
9.621860867891849896e-05
9.621860867891849896e-05
2.886558260367555104e-04
9.621860867891849896e-05
4.810930433945925355e-04
9.621860867891849896e-05
9.621860867891849896e-05
9.621860867891849896e-05
2.886558260367555104e-04
9.621860867891849896e-05
9.621860867891849896e-05
9.621860867891849896e-05
4.810930433945925355e-04
9.621860867891849896e-05
9.621860867891849896e-05
9.621860867891849896e-05
9.621860867891849896e-05
9.621860867891849896e-05
4.810930433945925355e-04
9.621860867891849896e-05
9.621860867891849896e-05
9.621860867891849896e-05
9.621860867891849896e-05
9.621860867891849896e-05
9.621860867891849896e-05
4.810930433945925355e-04
9.621860867891849896e-05
9.621860867891849896e-05
9.621860867891849896e-05
9.621860867891849896e-05
9.621860867891849896e-05
4.810930433945925355e-04
9.621860867891849896e-05
1.924372173578369979e-04
9.621860867891849896e-05
9.621860867891849896e-05
9.621860867891849896e-05
3.848744347156739958e-04
9.621860867891849896e-05
9.621860867891849896e-05
3.848744347156739958e-04
9.621860867891849896e-05
9.621860867891849896e-05
9.621860867891849896e-05
3.848744347156739958e-04
9.621860867891849896e-05
9.621860867891849896e-05
9.621860867891849896e-05
9.621860867891849896e-05
3.848744347156739958e-04
9.621860867891849896e-05
9.621860867891849896e-05
2.886558260367555104e-04
9.621860867891849896e-05
3.848744347156739958e-04
9.621860867891849896e-05
1.924372173578369979e-04
9.621860867891849896e-05
2.886558260367555104e-04
9.621860867891849896e-05
2.886558260367555104e-04
9.621860867891849896e-05
9.621860867891849896e-05
2.886558260367555104e-04
9.621860867891849896e-05
9.621860867891849896e-05
9.621860867891849896e-05
3.848744347156739958e-04
9.621860867891849896e-05
9.621860867891849896e-05
9.621860867891849896e-05
9.621860867891849896e-05
9.621860867891849896e-05
9.621860867891849896e-05
9.621860867891849896e-05
9.621860867891849896e-05
9.621860867891849896e-05
9.621860867891849896e-05
9.621860867891849896e-05
9.621860867891849896e-05
9.621860867891849896e-05
9.621860867891849896e-05
9.621860867891849896e-05
1.924372173578369979e-04
9.621860867891849896e-05
1.924372173578369979e-04
9.621860867891849896e-05
9.621860867891849896e-05
1.924372173578369979e-04
9.621860867891849896e-05
9.621860867891849896e-05
9.621860867891849896e-05
9.621860867891849896e-05
9.621860867891849896e-05
9.621860867891849896e-05
9.621860867891849896e-05
9.621860867891849896e-05
9.621860867891849896e-05
1.924372173578369979e-04
9.621860867891849896e-05
2.886558260367555104e-04
9.621860867891849896e-05
9.621860867891849896e-05
9.621860867891849896e-05
9.621860867891849896e-05
9.621860867891849896e-05
9.621860867891849896e-05
1.924372173578369979e-04
9.621860867891849896e-05
9.621860867891849896e-05
9.621860867891849896e-05
9.621860867891849896e-05
9.621860867891849896e-05
9.621860867891849896e-05
9.621860867891849896e-05
9.621860867891849896e-05
9.621860867891849896e-05
9.621860867891849896e-05
2.886558260367555104e-04
9.621860867891849896e-05
9.621860867891849896e-05
9.621860867891849896e-05
