3.362198556033113572e-02
2.434841523575617672e-02
2.337447862632592924e-02
1.839893290423662287e-02
1.653574982532658721e-02
1.526539772606974252e-02
1.473608435137939085e-02
1.467256674641654809e-02
1.346573225212254615e-02
1.321166183227117860e-02
1.141199635832398224e-02
1.107323579852215710e-02
1.007812665410429652e-02
9.654675954352013797e-03
9.845228769240540329e-03
9.210052719612119715e-03
9.718193559314856553e-03
9.506468209438716926e-03
8.701911879909381142e-03
8.490186530033241516e-03
8.320806250132328080e-03
7.812665410429591242e-03
7.939700620355275018e-03
7.495077385615380068e-03
7.876183015392432263e-03
7.685630200503906599e-03
7.960873155342889848e-03
7.495077385615380068e-03
7.664457665516292637e-03
7.685630200503906599e-03
7.092799220850712176e-03
7.135144290825940969e-03
6.732866126061273077e-03
6.415278101247061902e-03
6.415278101247061902e-03
5.991827401494780915e-03
6.288242891321378127e-03
6.245897821346150201e-03
6.012999936482394878e-03
6.415278101247061902e-03
6.436450636234676732e-03
6.055345006457622803e-03
5.907137261544325064e-03
5.610721771717727853e-03
6.140035146408079521e-03
6.012999936482394878e-03
5.716584446655797666e-03
5.250788676928288753e-03
5.377823886853973397e-03
5.335478816878744604e-03
5.102580932014990148e-03
5.441341491816815285e-03
4.700302767250323123e-03
4.742647837225551048e-03
4.763820372213165011e-03
4.721475302237937086e-03
4.721475302237937086e-03
4.594440092312252442e-03
4.043954182634286812e-03
4.446232347398953837e-03
4.255679532510427306e-03
4.403887277423725911e-03
4.488577417374182629e-03
4.086299252609514737e-03
3.853401367745760281e-03
3.916918972708602169e-03
3.408778133005864897e-03
3.938091507696216131e-03
3.768711227795303997e-03
3.493468272956321181e-03
3.684021087844847712e-03
3.789883762782917959e-03
3.768711227795303997e-03
3.451123202981092822e-03
3.641676017869619354e-03
3.535813342931549107e-03
3.556985877919163069e-03
3.260570388092566291e-03
3.324087993055408613e-03
3.408778133005864897e-03
2.858292223327898833e-03
3.281742923080180254e-03
3.154707713154496045e-03
3.070017573204039760e-03
2.815947153352670908e-03
2.942982363278355117e-03
3.239397853104952329e-03
3.006499968241197439e-03
2.794774618365056945e-03
2.710084478414600661e-03
2.731257013402214624e-03
2.773602083377442983e-03
2.815947153352670908e-03
2.477186593550845771e-03
2.413668988588003449e-03
2.583049268488916018e-03
2.625394338464144377e-03
2.434841523575617846e-03
2.667739408439372302e-03
2.434841523575617846e-03
2.604221803476530414e-03
2.286633778662319240e-03
2.286633778662319240e-03
2.413668988588003449e-03
2.604221803476530414e-03
2.244288708687091315e-03
2.434841523575617846e-03
2.456014058563231808e-03
2.350151383625161561e-03
2.434841523575617846e-03
2.074908428786178746e-03
1.990218288835722462e-03
2.053735893798564350e-03
1.990218288835722462e-03
1.990218288835722462e-03
2.053735893798564350e-03
2.138426033749020634e-03
2.223116173699476918e-03
2.159598568736635030e-03
2.201943638711862956e-03
2.244288708687091315e-03
1.969045753848108066e-03
2.201943638711862956e-03
1.884355613897651998e-03
2.180771103724248993e-03
1.990218288835722462e-03
2.117253498761406671e-03
1.884355613897651998e-03
2.096080963773792709e-03
1.820838008934809677e-03
1.820838008934809677e-03
1.714975333996739430e-03
1.842010543922423856e-03
1.524422519108212899e-03
1.672630264021511288e-03
1.757320403971967572e-03
1.651457729033897325e-03
1.566767589083441041e-03
1.799665473947195714e-03
1.693802799009125467e-03
1.587940124071055004e-03
1.545595054095826862e-03
1.587940124071055004e-03
1.587940124071055004e-03
1.651457729033897325e-03
1.714975333996739430e-03
1.587940124071055004e-03
1.355042239207300330e-03
1.587940124071055004e-03
1.609112659058669183e-03
1.587940124071055004e-03
1.545595054095826862e-03
1.418559844170142435e-03
1.460904914145370577e-03
1.587940124071055004e-03
1.355042239207300330e-03
1.482077449132984757e-03
1.439732379157756615e-03
1.524422519108212899e-03
1.185661959306387762e-03
1.503249984120598719e-03
1.376214774194914293e-03
1.397387309182528473e-03
1.418559844170142435e-03
1.460904914145370577e-03
1.333869704219686151e-03
1.355042239207300330e-03
1.418559844170142435e-03
1.291524634244458009e-03
1.397387309182528473e-03
1.355042239207300330e-03
1.312697169232072188e-03
1.122144354343545657e-03
1.291524634244458009e-03
1.164489424318773583e-03
1.206834494294001725e-03
1.249179564269229867e-03
1.228007029281615904e-03
1.143316889331159620e-03
1.291524634244458009e-03
1.100971819355931478e-03
1.164489424318773583e-03
1.143316889331159620e-03
1.270352099256844046e-03
1.206834494294001725e-03
1.249179564269229867e-03
1.143316889331159620e-03
1.058626749380703336e-03
1.270352099256844046e-03
1.164489424318773583e-03
1.122144354343545657e-03
1.143316889331159620e-03
1.016281679405475194e-03
9.527640744426329805e-04
8.892464694797907673e-04
1.016281679405475194e-03
1.016281679405475194e-03
8.892464694797907673e-04
1.037454214393089373e-03
1.100971819355931478e-03
8.892464694797907673e-04
1.016281679405475194e-03
9.527640744426329805e-04
1.058626749380703336e-03
1.228007029281615904e-03
1.016281679405475194e-03
9.315915394550189094e-04
1.058626749380703336e-03
1.058626749380703336e-03
9.527640744426329805e-04
1.058626749380703336e-03
1.016281679405475194e-03
9.104190044674048384e-04
1.079799284368317515e-03
8.892464694797907673e-04
8.680739344921766963e-04
8.892464694797907673e-04
8.045563295293345915e-04
8.892464694797907673e-04
8.892464694797907673e-04
9.104190044674048384e-04
8.680739344921766963e-04
9.315915394550189094e-04
8.045563295293345915e-04
8.469013995045627336e-04
8.680739344921766963e-04
8.045563295293345915e-04
9.104190044674048384e-04
7.198661895788783073e-04
7.833837945417205205e-04
9.951091444178612310e-04
8.680739344921766963e-04
7.410387245664923784e-04
7.622112595541064494e-04
7.198661895788783073e-04
8.469013995045627336e-04
8.045563295293345915e-04
8.257288645169486626e-04
8.045563295293345915e-04
8.469013995045627336e-04
6.775211196036501652e-04
7.833837945417205205e-04
7.833837945417205205e-04
7.622112595541064494e-04
7.833837945417205205e-04
8.469013995045627336e-04
7.198661895788783073e-04
8.469013995045627336e-04
6.986936545912642363e-04
7.833837945417205205e-04
7.410387245664923784e-04
8.680739344921766963e-04
7.198661895788783073e-04
6.986936545912642363e-04
6.351760496284220231e-04
6.351760496284220231e-04
8.045563295293345915e-04
7.622112595541064494e-04
8.045563295293345915e-04
7.410387245664923784e-04
6.986936545912642363e-04
5.928309796531938810e-04
7.198661895788783073e-04
5.081408397027375968e-04
6.140035146408079521e-04
5.081408397027375968e-04
6.563485846160360942e-04
5.504859096779657389e-04
5.716584446655798100e-04
5.928309796531938810e-04
5.504859096779657389e-04
5.928309796531938810e-04
6.563485846160360942e-04
7.410387245664923784e-04
5.928309796531938810e-04
6.563485846160360942e-04
6.986936545912642363e-04
5.504859096779657389e-04
5.081408397027375968e-04
5.504859096779657389e-04
4.869683047151235258e-04
6.563485846160360942e-04
4.869683047151235258e-04
5.716584446655798100e-04
5.928309796531938810e-04
5.928309796531938810e-04
6.563485846160360942e-04
5.928309796531938810e-04
5.928309796531938810e-04
6.140035146408079521e-04
6.140035146408079521e-04
5.928309796531938810e-04
6.351760496284220231e-04
6.563485846160360942e-04
4.869683047151235258e-04
5.293133746903516679e-04
6.986936545912642363e-04
5.293133746903516679e-04
6.351760496284220231e-04
6.775211196036501652e-04
4.657957697275094547e-04
5.293133746903516679e-04
4.657957697275094547e-04
4.869683047151235258e-04
5.504859096779657389e-04
4.022781647646672958e-04
4.869683047151235258e-04
6.140035146408079521e-04
4.657957697275094547e-04
4.657957697275094547e-04
5.081408397027375968e-04
4.022781647646672958e-04
5.293133746903516679e-04
5.928309796531938810e-04
4.022781647646672958e-04
4.869683047151235258e-04
4.869683047151235258e-04
4.657957697275094547e-04
4.657957697275094547e-04
4.022781647646672958e-04
4.234506997522813668e-04
5.081408397027375968e-04
5.293133746903516679e-04
4.022781647646672958e-04
4.234506997522813668e-04
5.081408397027375968e-04
4.446232347398953837e-04
5.081408397027375968e-04
5.716584446655798100e-04
3.811056297770532247e-04
5.081408397027375968e-04
4.657957697275094547e-04
4.446232347398953837e-04
5.081408397027375968e-04
4.234506997522813668e-04
4.869683047151235258e-04
3.175880248142110116e-04
3.599330947894391537e-04
4.446232347398953837e-04
4.234506997522813668e-04
4.446232347398953837e-04
3.811056297770532247e-04
2.540704198513687984e-04
4.234506997522813668e-04
4.657957697275094547e-04
4.657957697275094547e-04
4.234506997522813668e-04
2.964154898265969405e-04
4.657957697275094547e-04
4.446232347398953837e-04
2.117253498761406834e-04
3.599330947894391537e-04
3.175880248142110116e-04
3.599330947894391537e-04
4.022781647646672958e-04
3.387605598018250826e-04
4.234506997522813668e-04
3.387605598018250826e-04
3.811056297770532247e-04
4.446232347398953837e-04
4.234506997522813668e-04
4.022781647646672958e-04
4.234506997522813668e-04
3.811056297770532247e-04
3.811056297770532247e-04
4.234506997522813668e-04
4.446232347398953837e-04
2.752429548389828695e-04
4.022781647646672958e-04
3.811056297770532247e-04
3.599330947894391537e-04
2.964154898265969405e-04
3.599330947894391537e-04
3.387605598018250826e-04
3.387605598018250826e-04
3.811056297770532247e-04
3.387605598018250826e-04
3.811056297770532247e-04
3.599330947894391537e-04
3.175880248142110116e-04
4.022781647646672958e-04
3.599330947894391537e-04
3.811056297770532247e-04
3.387605598018250826e-04
2.964154898265969405e-04
3.387605598018250826e-04
3.387605598018250826e-04
2.964154898265969405e-04
3.387605598018250826e-04
3.811056297770532247e-04
2.328978848637547274e-04
3.599330947894391537e-04
2.964154898265969405e-04
3.599330947894391537e-04
3.175880248142110116e-04
2.964154898265969405e-04
2.964154898265969405e-04
2.752429548389828695e-04
2.964154898265969405e-04
2.540704198513687984e-04
2.117253498761406834e-04
1.905528148885266124e-04
2.752429548389828695e-04
2.328978848637547274e-04
3.811056297770532247e-04
2.964154898265969405e-04
1.905528148885266124e-04
2.964154898265969405e-04
3.175880248142110116e-04
2.752429548389828695e-04
3.387605598018250826e-04
3.175880248142110116e-04
3.175880248142110116e-04
2.752429548389828695e-04
2.117253498761406834e-04
2.328978848637547274e-04
3.175880248142110116e-04
2.752429548389828695e-04
2.752429548389828695e-04
2.117253498761406834e-04
2.328978848637547274e-04
2.117253498761406834e-04
2.752429548389828695e-04
3.599330947894391537e-04
2.964154898265969405e-04
2.540704198513687984e-04
2.540704198513687984e-04
2.540704198513687984e-04
2.540704198513687984e-04
2.752429548389828695e-04
2.328978848637547274e-04
1.693802799009125413e-04
2.964154898265969405e-04
2.752429548389828695e-04
2.540704198513687984e-04
2.328978848637547274e-04
2.540704198513687984e-04
2.117253498761406834e-04
2.117253498761406834e-04
2.964154898265969405e-04
2.540704198513687984e-04
1.905528148885266124e-04
2.540704198513687984e-04
1.905528148885266124e-04
1.905528148885266124e-04
2.328978848637547274e-04
2.540704198513687984e-04
2.117253498761406834e-04
2.964154898265969405e-04
2.328978848637547274e-04
1.905528148885266124e-04
2.117253498761406834e-04
2.540704198513687984e-04
2.540704198513687984e-04
2.328978848637547274e-04
2.540704198513687984e-04
2.328978848637547274e-04
2.117253498761406834e-04
2.964154898265969405e-04
1.693802799009125413e-04
2.328978848637547274e-04
1.693802799009125413e-04
2.328978848637547274e-04
1.482077449132984703e-04
2.540704198513687984e-04
2.328978848637547274e-04
2.117253498761406834e-04
1.905528148885266124e-04
2.540704198513687984e-04
1.905528148885266124e-04
6.351760496284219960e-05
2.117253498761406834e-04
1.482077449132984703e-04
2.328978848637547274e-04
1.905528148885266124e-04
2.328978848637547274e-04
2.117253498761406834e-04
2.117253498761406834e-04
2.328978848637547274e-04
1.693802799009125413e-04
2.328978848637547274e-04
1.905528148885266124e-04
1.693802799009125413e-04
2.328978848637547274e-04
1.905528148885266124e-04
2.540704198513687984e-04
1.905528148885266124e-04
2.117253498761406834e-04
2.540704198513687984e-04
2.328978848637547274e-04
2.328978848637547274e-04
1.693802799009125413e-04
2.328978848637547274e-04
1.693802799009125413e-04
2.117253498761406834e-04
1.905528148885266124e-04
1.905528148885266124e-04
1.482077449132984703e-04
2.540704198513687984e-04
2.540704198513687984e-04
2.117253498761406834e-04
1.905528148885266124e-04
2.540704198513687984e-04
2.117253498761406834e-04
1.905528148885266124e-04
1.905528148885266124e-04
2.117253498761406834e-04
1.693802799009125413e-04
1.905528148885266124e-04
1.482077449132984703e-04
2.117253498761406834e-04
2.117253498761406834e-04
1.482077449132984703e-04
2.117253498761406834e-04
1.905528148885266124e-04
1.905528148885266124e-04
1.905528148885266124e-04
2.328978848637547274e-04
1.482077449132984703e-04
1.482077449132984703e-04
2.117253498761406834e-04
1.905528148885266124e-04
2.117253498761406834e-04
1.905528148885266124e-04
1.693802799009125413e-04
1.693802799009125413e-04
1.905528148885266124e-04
1.693802799009125413e-04
2.117253498761406834e-04
2.328978848637547274e-04
1.693802799009125413e-04
1.482077449132984703e-04
1.693802799009125413e-04
1.270352099256843992e-04
1.693802799009125413e-04
2.117253498761406834e-04
2.117253498761406834e-04
1.693802799009125413e-04
1.905528148885266124e-04
1.693802799009125413e-04
1.693802799009125413e-04
1.058626749380703417e-04
1.693802799009125413e-04
2.117253498761406834e-04
1.482077449132984703e-04
1.693802799009125413e-04
1.693802799009125413e-04
1.693802799009125413e-04
1.058626749380703417e-04
1.693802799009125413e-04
1.482077449132984703e-04
1.905528148885266124e-04
1.482077449132984703e-04
1.270352099256843992e-04
1.482077449132984703e-04
1.905528148885266124e-04
1.270352099256843992e-04
1.905528148885266124e-04
1.270352099256843992e-04
1.693802799009125413e-04
1.905528148885266124e-04
1.693802799009125413e-04
2.117253498761406834e-04
1.270352099256843992e-04
1.693802799009125413e-04
1.693802799009125413e-04
1.270352099256843992e-04
1.482077449132984703e-04
1.270352099256843992e-04
8.469013995045627065e-05
1.482077449132984703e-04
1.270352099256843992e-04
4.234506997522813533e-05
1.482077449132984703e-04
6.351760496284219960e-05
1.905528148885266124e-04
8.469013995045627065e-05
1.482077449132984703e-04
1.693802799009125413e-04
1.270352099256843992e-04
1.270352099256843992e-04
1.058626749380703417e-04
1.905528148885266124e-04
1.270352099256843992e-04
1.058626749380703417e-04
8.469013995045627065e-05
1.058626749380703417e-04
1.058626749380703417e-04
8.469013995045627065e-05
1.270352099256843992e-04
1.058626749380703417e-04
1.270352099256843992e-04
1.270352099256843992e-04
1.058626749380703417e-04
1.482077449132984703e-04
1.693802799009125413e-04
1.270352099256843992e-04
1.482077449132984703e-04
8.469013995045627065e-05
1.270352099256843992e-04
8.469013995045627065e-05
8.469013995045627065e-05
1.482077449132984703e-04
1.482077449132984703e-04
1.270352099256843992e-04
1.693802799009125413e-04
6.351760496284219960e-05
1.270352099256843992e-04
1.693802799009125413e-04
1.482077449132984703e-04
1.270352099256843992e-04
1.270352099256843992e-04
1.058626749380703417e-04
8.469013995045627065e-05
1.058626749380703417e-04
8.469013995045627065e-05
1.058626749380703417e-04
6.351760496284219960e-05
1.058626749380703417e-04
1.482077449132984703e-04
1.270352099256843992e-04
8.469013995045627065e-05
1.482077449132984703e-04
1.058626749380703417e-04
1.270352099256843992e-04
1.693802799009125413e-04
8.469013995045627065e-05
1.270352099256843992e-04
1.058626749380703417e-04
1.058626749380703417e-04
6.351760496284219960e-05
1.270352099256843992e-04
2.117253498761406766e-05
1.058626749380703417e-04
6.351760496284219960e-05
1.270352099256843992e-04
8.469013995045627065e-05
1.058626749380703417e-04
4.234506997522813533e-05
1.482077449132984703e-04
1.482077449132984703e-04
1.270352099256843992e-04
1.270352099256843992e-04
8.469013995045627065e-05
1.270352099256843992e-04
4.234506997522813533e-05
1.270352099256843992e-04
1.058626749380703417e-04
6.351760496284219960e-05
6.351760496284219960e-05
1.058626749380703417e-04
6.351760496284219960e-05
1.058626749380703417e-04
1.058626749380703417e-04
8.469013995045627065e-05
6.351760496284219960e-05
8.469013995045627065e-05
8.469013995045627065e-05
4.234506997522813533e-05
6.351760496284219960e-05
1.270352099256843992e-04
8.469013995045627065e-05
8.469013995045627065e-05
1.058626749380703417e-04
1.058626749380703417e-04
1.058626749380703417e-04
6.351760496284219960e-05
1.058626749380703417e-04
1.058626749380703417e-04
1.058626749380703417e-04
1.270352099256843992e-04
6.351760496284219960e-05
4.234506997522813533e-05
1.058626749380703417e-04
1.270352099256843992e-04
6.351760496284219960e-05
8.469013995045627065e-05
8.469013995045627065e-05
8.469013995045627065e-05
1.058626749380703417e-04
6.351760496284219960e-05
8.469013995045627065e-05
8.469013995045627065e-05
1.058626749380703417e-04
1.270352099256843992e-04
1.270352099256843992e-04
6.351760496284219960e-05
8.469013995045627065e-05
8.469013995045627065e-05
1.058626749380703417e-04
8.469013995045627065e-05
8.469013995045627065e-05
1.270352099256843992e-04
6.351760496284219960e-05
6.351760496284219960e-05
2.117253498761406766e-05
8.469013995045627065e-05
1.058626749380703417e-04
4.234506997522813533e-05
8.469013995045627065e-05
6.351760496284219960e-05
6.351760496284219960e-05
8.469013995045627065e-05
8.469013995045627065e-05
8.469013995045627065e-05
6.351760496284219960e-05
8.469013995045627065e-05
8.469013995045627065e-05
8.469013995045627065e-05
6.351760496284219960e-05
8.469013995045627065e-05
6.351760496284219960e-05
8.469013995045627065e-05
4.234506997522813533e-05
8.469013995045627065e-05
1.058626749380703417e-04
6.351760496284219960e-05
8.469013995045627065e-05
4.234506997522813533e-05
4.234506997522813533e-05
6.351760496284219960e-05
8.469013995045627065e-05
6.351760496284219960e-05
8.469013995045627065e-05
6.351760496284219960e-05
2.117253498761406766e-05
6.351760496284219960e-05
6.351760496284219960e-05
2.117253498761406766e-05
6.351760496284219960e-05
8.469013995045627065e-05
4.234506997522813533e-05
4.234506997522813533e-05
6.351760496284219960e-05
4.234506997522813533e-05
8.469013995045627065e-05
6.351760496284219960e-05
6.351760496284219960e-05
8.469013995045627065e-05
6.351760496284219960e-05
6.351760496284219960e-05
0.000000000000000000e+00
8.469013995045627065e-05
6.351760496284219960e-05
6.351760496284219960e-05
6.351760496284219960e-05
4.234506997522813533e-05
8.469013995045627065e-05
6.351760496284219960e-05
8.469013995045627065e-05
6.351760496284219960e-05
8.469013995045627065e-05
6.351760496284219960e-05
6.351760496284219960e-05
4.234506997522813533e-05
4.234506997522813533e-05
6.351760496284219960e-05
4.234506997522813533e-05
6.351760496284219960e-05
8.469013995045627065e-05
6.351760496284219960e-05
6.351760496284219960e-05
6.351760496284219960e-05
6.351760496284219960e-05
6.351760496284219960e-05
8.469013995045627065e-05
8.469013995045627065e-05
6.351760496284219960e-05
4.234506997522813533e-05
4.234506997522813533e-05
6.351760496284219960e-05
4.234506997522813533e-05
8.469013995045627065e-05
8.469013995045627065e-05
6.351760496284219960e-05
6.351760496284219960e-05
4.234506997522813533e-05
8.469013995045627065e-05
6.351760496284219960e-05
6.351760496284219960e-05
4.234506997522813533e-05
8.469013995045627065e-05
8.469013995045627065e-05
8.469013995045627065e-05
6.351760496284219960e-05
4.234506997522813533e-05
4.234506997522813533e-05
4.234506997522813533e-05
8.469013995045627065e-05
6.351760496284219960e-05
8.469013995045627065e-05
6.351760496284219960e-05
6.351760496284219960e-05
8.469013995045627065e-05
6.351760496284219960e-05
6.351760496284219960e-05
8.469013995045627065e-05
8.469013995045627065e-05
6.351760496284219960e-05
6.351760496284219960e-05
8.469013995045627065e-05
6.351760496284219960e-05
4.234506997522813533e-05
8.469013995045627065e-05
6.351760496284219960e-05
8.469013995045627065e-05
6.351760496284219960e-05
6.351760496284219960e-05
6.351760496284219960e-05
8.469013995045627065e-05
4.234506997522813533e-05
2.117253498761406766e-05
4.234506997522813533e-05
0.000000000000000000e+00
6.351760496284219960e-05
6.351760496284219960e-05
4.234506997522813533e-05
8.469013995045627065e-05
6.351760496284219960e-05
6.351760496284219960e-05
4.234506997522813533e-05
4.234506997522813533e-05
6.351760496284219960e-05
6.351760496284219960e-05
8.469013995045627065e-05
6.351760496284219960e-05
4.234506997522813533e-05
6.351760496284219960e-05
4.234506997522813533e-05
6.351760496284219960e-05
4.234506997522813533e-05
2.117253498761406766e-05
6.351760496284219960e-05
6.351760496284219960e-05
4.234506997522813533e-05
2.117253498761406766e-05
4.234506997522813533e-05
2.117253498761406766e-05
4.234506997522813533e-05
2.117253498761406766e-05
2.117253498761406766e-05
4.234506997522813533e-05
2.117253498761406766e-05
6.351760496284219960e-05
0.000000000000000000e+00
6.351760496284219960e-05
6.351760496284219960e-05
2.117253498761406766e-05
6.351760496284219960e-05
2.117253498761406766e-05
0.000000000000000000e+00
0.000000000000000000e+00
4.234506997522813533e-05
4.234506997522813533e-05
2.117253498761406766e-05
4.234506997522813533e-05
2.117253498761406766e-05
0.000000000000000000e+00
4.234506997522813533e-05
2.117253498761406766e-05
2.117253498761406766e-05
4.234506997522813533e-05
2.117253498761406766e-05
2.117253498761406766e-05
4.234506997522813533e-05
0.000000000000000000e+00
2.117253498761406766e-05
2.117253498761406766e-05
4.234506997522813533e-05
4.234506997522813533e-05
2.117253498761406766e-05
0.000000000000000000e+00
2.117253498761406766e-05
4.234506997522813533e-05
0.000000000000000000e+00
0.000000000000000000e+00
2.117253498761406766e-05
4.234506997522813533e-05
4.234506997522813533e-05
4.234506997522813533e-05
2.117253498761406766e-05
2.117253498761406766e-05
2.117253498761406766e-05
2.117253498761406766e-05
2.117253498761406766e-05
2.117253498761406766e-05
4.234506997522813533e-05
2.117253498761406766e-05
4.234506997522813533e-05
2.117253498761406766e-05
0.000000000000000000e+00
4.234506997522813533e-05
2.117253498761406766e-05
2.117253498761406766e-05
4.234506997522813533e-05
4.234506997522813533e-05
4.234506997522813533e-05
2.117253498761406766e-05
0.000000000000000000e+00
0.000000000000000000e+00
