1.096988000000000130e-03
3.646538900000000083e-02
9.021779000000000603e-03
1.874336100000000005e-02
2.583595500000000073e-02
1.134814999999999956e-03
2.670598000000000069e-02
3.631408000000000032e-03
8.473286000000000012e-03
6.241480000000000422e-04
1.441215100000000152e-02
1.433649700000000013e-02
1.471476800000000133e-02
3.779999999999999723e-05
5.669989999999999563e-05
8.246322999999999848e-03
1.225600299999999969e-02
1.104553299999999974e-02
1.119684200000000025e-02
1.146163199999999938e-02
8.908298000000000258e-03
1.072400199999999984e-02
1.042138500000000002e-02
8.246322999999999848e-03
6.279309999999999753e-03
9.683755000000000487e-03
1.134820000000000089e-04
9.059606999999999036e-03
2.818124000000000410e-03
8.662421000000000010e-03
8.265236000000000458e-03
1.323949999999999953e-04
6.733236000000000082e-03
2.231803000000000085e-03
7.849136999999999087e-03
8.076100000000000986e-03
7.754569000000000219e-03
7.622174000000000657e-03
7.376298000000000750e-03
7.508691999999999103e-03
3.779999999999999723e-05
5.220149000000000317e-03
6.430619000000000265e-03
4.104247999999999577e-03
6.203656000000000101e-03
6.922371999999999553e-03
6.960199000000000247e-03
6.676495000000000173e-03
6.752148999999999825e-03
6.676495000000000173e-03
6.808889999999999734e-03
6.525185999999999660e-03
6.563013000000000353e-03
5.825384000000000291e-03
6.563013000000000353e-03
6.695408000000000782e-03
1.889999999999999862e-05
5.201235999999999707e-03
4.387952000000000519e-03
5.409284999999999788e-03
4.766222999999999987e-03
5.144494999999999797e-03
4.085334000000000361e-03
1.889999999999999862e-05
4.879704000000000333e-03
4.974272999999999542e-03
4.822963999999999897e-03
5.049927000000000062e-03
1.889999999999999862e-05
4.482520000000000254e-03
4.539259999999999823e-03
1.889999999999999862e-05
4.406865000000000261e-03
4.406865000000000261e-03
4.085334000000000361e-03
3.858370999999999763e-03
4.747308999999999904e-03
1.531999999999999942e-03
1.889999999999999862e-05
3.858370999999999763e-03
1.889999999999999862e-05
3.839457000000000113e-03
4.179902000000000097e-03
4.047507000000000535e-03
4.217728999999999923e-03
3.707062000000000117e-03
1.889999999999999862e-05
3.839457000000000113e-03
3.801629999999999853e-03
3.650320999999999774e-03
3.366618000000000041e-03
3.536839999999999862e-03
3.253137000000000129e-03
3.309877000000000132e-03
3.196395999999999786e-03
4.917540000000000626e-04
3.215309000000000396e-03
2.061581000000000264e-03
1.889999999999999862e-05
3.026173000000000057e-03
1.889999999999999862e-05
3.045087000000000141e-03
2.004839999999999921e-03
3.064000999999999791e-03
3.196395999999999786e-03
6.808889999999999517e-04
2.855950999999999802e-03
8.889380000000000328e-04
1.853531000000000059e-03
2.874864999999999886e-03
3.026173000000000057e-03
2.931604999999999888e-03
7.754570000000000126e-04
2.988345999999999798e-03
2.704642000000000157e-03
2.628988000000000071e-03
2.591161000000000245e-03
8.511110000000000984e-04
2.610073999999999988e-03
2.591161000000000245e-03
2.799209999999999893e-03
3.971860000000000017e-04
1.889999999999999862e-05
2.402026000000000248e-03
2.610073999999999988e-03
2.458766000000000250e-03
2.439853000000000074e-03
2.704642000000000157e-03
2.439853000000000074e-03
2.383112000000000164e-03
2.193976000000000259e-03
2.628988000000000071e-03
2.364198000000000081e-03
2.383112000000000164e-03
2.212889999999999909e-03
2.458766000000000250e-03
1.872444999999999925e-03
2.307458000000000078e-03
1.229383000000000125e-03
2.231803000000000085e-03
2.212889999999999909e-03
1.967013000000000095e-03
3.215310000000000086e-04
1.889999999999999862e-05
2.004839999999999921e-03
2.345284999999999904e-03
2.023753000000000097e-03
2.137234999999999916e-03
1.948099000000000011e-03
1.323951000000000077e-03
1.889999999999999862e-05
2.156149000000000000e-03
2.023753000000000097e-03
2.099408000000000090e-03
2.212889999999999909e-03
1.985926000000000271e-03
1.948099000000000011e-03
2.099408000000000090e-03
2.042667000000000180e-03
1.889999999999999862e-05
1.399606000000000071e-03
2.061581000000000264e-03
6.998020000000000195e-04
2.042667000000000180e-03
1.910272000000000185e-03
1.948099000000000011e-03
1.229383000000000125e-03
1.815704000000000016e-03
1.834617000000000192e-03
1.683309000000000021e-03
1.588741000000000068e-03
1.096988000000000130e-03
1.796789999999999932e-03
1.796789999999999932e-03
1.929184999999999928e-03
1.702222000000000197e-03
1.645481000000000070e-03
1.683309000000000021e-03
1.399606000000000071e-03
1.664394999999999937e-03
1.626567999999999894e-03
1.513086000000000075e-03
1.702222000000000197e-03
1.607654000000000027e-03
1.342864999999999944e-03
1.588741000000000068e-03
1.721136000000000063e-03
1.210469999999999949e-03
1.323951000000000077e-03
1.494174000000000023e-03
1.889999999999999862e-05
1.002419999999999960e-03
1.437432999999999897e-03
1.418519000000000030e-03
1.096988000000000130e-03
1.305038000000000118e-03
1.361777999999999903e-03
1.889999999999999862e-05
1.588741000000000068e-03
1.588741000000000068e-03
5.863209999999999993e-04
1.456346000000000073e-03
1.531999999999999942e-03
1.267209999999999951e-03
3.971860000000000017e-04
1.267209999999999951e-03
1.889999999999999862e-05
1.286124000000000035e-03
1.323951000000000077e-03
1.191556000000000082e-03
1.267209999999999951e-03
1.096988000000000130e-03
1.437432999999999897e-03
1.889999999999999862e-05
1.361777999999999903e-03
1.305038000000000118e-03
1.153729000000000039e-03
5.484930000000000491e-04
1.702220000000000111e-04
7.569990000000000345e-05
1.305038000000000118e-03
1.134814999999999956e-03
5.674070000000000242e-04
1.115901999999999996e-03
1.172641999999999999e-03
3.779999999999999723e-05
1.305038000000000118e-03
1.248296999999999992e-03
1.096988000000000130e-03
1.889999999999999862e-05
1.021334000000000044e-03
9.645930000000000259e-04
1.323949999999999953e-04
7.754570000000000126e-04
3.593580000000000515e-04
1.115901999999999996e-03
1.078074000000000046e-03
1.229383000000000125e-03
1.513089999999999975e-04
9.456789999999999424e-04
1.059161000000000087e-03
1.021334000000000044e-03
1.134814999999999956e-03
1.078074000000000046e-03
1.040247000000000003e-03
1.115901999999999996e-03
1.059161000000000087e-03
1.021334000000000044e-03
1.134814999999999956e-03
1.040247000000000003e-03
1.134820000000000089e-04
9.456789999999999424e-04
9.645930000000000259e-04
1.889999999999999862e-05
8.700249999999999651e-04
9.645930000000000259e-04
8.889380000000000328e-04
8.132839999999999471e-04
1.078074000000000046e-03
1.889999999999999862e-05
9.078520000000000079e-04
8.700249999999999651e-04
9.267660000000000915e-04
9.456789999999999424e-04
9.645930000000000259e-04
9.267660000000000915e-04
9.267660000000000915e-04
9.267660000000000915e-04
9.456789999999999424e-04
8.889380000000000328e-04
7.754570000000000126e-04
9.645930000000000259e-04
7.376299999999999697e-04
9.267660000000000915e-04
1.889999999999999862e-05
4.539260000000000040e-04
8.132839999999999471e-04
8.511110000000000984e-04
9.456789999999999424e-04
9.078520000000000079e-04
1.889999999999999862e-05
8.511110000000000984e-04
7.754570000000000126e-04
9.078520000000000079e-04
6.808889999999999517e-04
8.511110000000000984e-04
7.943699999999999720e-04
1.323949999999999953e-04
8.132839999999999471e-04
1.889999999999999862e-05
7.565430000000000375e-04
6.619749999999999766e-04
7.943699999999999720e-04
8.132839999999999471e-04
1.889999999999999862e-05
1.513089999999999975e-04
8.132839999999999471e-04
1.889999999999999862e-05
8.511110000000000984e-04
1.889999999999999862e-05
5.863209999999999993e-04
7.376299999999999697e-04
8.321980000000000306e-04
5.295799999999999813e-04
7.754570000000000126e-04
6.052340000000000671e-04
8.132839999999999471e-04
5.106660000000000062e-04
7.943699999999999720e-04
8.132839999999999471e-04
7.376299999999999697e-04
1.889999999999999862e-05
6.808889999999999517e-04
7.943699999999999720e-04
7.943699999999999720e-04
6.808889999999999517e-04
3.404449999999999837e-04
4.160990000000000153e-04
2.458770000000000313e-04
1.889999999999999862e-05
7.187160000000001030e-04
7.376299999999999697e-04
7.569990000000000345e-05
7.376299999999999697e-04
5.863209999999999993e-04
1.889999999999999862e-05
1.889999999999999862e-05
6.808889999999999517e-04
6.619749999999999766e-04
6.430610000000000015e-04
6.998020000000000195e-04
6.619749999999999766e-04
6.998020000000000195e-04
6.619749999999999766e-04
6.052340000000000671e-04
5.295799999999999813e-04
6.998020000000000195e-04
6.430610000000000015e-04
5.863209999999999993e-04
5.863209999999999993e-04
1.889999999999999862e-05
6.241480000000000422e-04
6.241480000000000422e-04
6.052340000000000671e-04
5.106660000000000062e-04
6.808889999999999517e-04
5.863209999999999993e-04
6.430610000000000015e-04
5.863209999999999993e-04
5.484930000000000491e-04
1.889999999999999862e-05
1.134820000000000089e-04
6.619749999999999766e-04
6.241480000000000422e-04
1.889999999999999862e-05
6.241480000000000422e-04
6.052340000000000671e-04
3.404449999999999837e-04
6.052340000000000671e-04
5.484930000000000491e-04
5.295799999999999813e-04
6.052340000000000671e-04
5.674070000000000242e-04
4.728399999999999791e-04
5.484930000000000491e-04
1.889999999999999862e-05
5.484930000000000491e-04
5.863209999999999993e-04
5.669989999999999563e-05
4.728399999999999791e-04
4.728399999999999791e-04
1.323949999999999953e-04
5.484930000000000491e-04
1.889999999999999862e-05
4.728399999999999791e-04
5.863209999999999993e-04
5.484930000000000491e-04
1.889999999999999862e-05
2.080499999999999884e-04
4.917540000000000626e-04
4.728399999999999791e-04
5.106660000000000062e-04
4.917540000000000626e-04
4.917540000000000626e-04
5.484930000000000491e-04
5.106660000000000062e-04
4.917540000000000626e-04
5.106660000000000062e-04
5.484930000000000491e-04
5.484930000000000491e-04
3.026179999999999951e-04
4.728399999999999791e-04
4.728399999999999791e-04
4.728399999999999791e-04
1.889999999999999862e-05
3.782719999999999724e-04
9.459990000000000206e-05
1.889999999999999862e-05
5.295799999999999813e-04
3.782719999999999724e-04
4.350130000000000446e-04
2.458770000000000313e-04
9.459990000000000206e-05
4.350130000000000446e-04
3.971860000000000017e-04
4.539260000000000040e-04
5.106660000000000062e-04
5.106660000000000062e-04
4.350130000000000446e-04
4.728399999999999791e-04
3.782719999999999724e-04
4.539260000000000040e-04
4.917540000000000626e-04
4.728399999999999791e-04
4.350130000000000446e-04
4.160990000000000153e-04
3.782719999999999724e-04
4.917540000000000626e-04
4.728399999999999791e-04
4.728399999999999791e-04
3.404449999999999837e-04
1.889999999999999862e-05
3.971860000000000017e-04
4.728399999999999791e-04
1.889999999999999862e-05
1.889999999999999862e-05
3.593580000000000515e-04
3.404449999999999837e-04
1.889999999999999862e-05
4.350130000000000446e-04
4.350130000000000446e-04
4.350130000000000446e-04
4.350130000000000446e-04
3.215310000000000086e-04
4.350130000000000446e-04
3.215310000000000086e-04
1.702220000000000111e-04
3.971860000000000017e-04
4.350130000000000446e-04
4.350130000000000446e-04
1.889999999999999862e-05
4.350130000000000446e-04
3.971860000000000017e-04
4.160990000000000153e-04
3.782719999999999724e-04
3.593580000000000515e-04
1.889999999999999862e-05
1.889999999999999862e-05
2.837040000000000200e-04
2.837040000000000200e-04
3.971860000000000017e-04
3.971860000000000017e-04
3.971860000000000017e-04
3.971860000000000017e-04
3.593580000000000515e-04
3.782719999999999724e-04
3.215310000000000086e-04
3.593580000000000515e-04
1.889999999999999862e-05
3.404449999999999837e-04
3.215310000000000086e-04
3.782719999999999724e-04
3.026179999999999951e-04
3.404449999999999837e-04
1.889999999999999862e-05
3.404449999999999837e-04
2.458770000000000313e-04
3.593580000000000515e-04
3.593580000000000515e-04
2.837040000000000200e-04
3.404449999999999837e-04
2.647899999999999907e-04
3.593580000000000515e-04
2.837040000000000200e-04
3.593580000000000515e-04
3.593580000000000515e-04
1.889999999999999862e-05
3.593580000000000515e-04
3.215310000000000086e-04
3.215310000000000086e-04
1.891359999999999862e-04
2.647899999999999907e-04
3.404449999999999837e-04
3.593580000000000515e-04
3.593580000000000515e-04
3.404449999999999837e-04
2.837040000000000200e-04
3.593580000000000515e-04
3.026179999999999951e-04
3.215310000000000086e-04
1.889999999999999862e-05
3.404449999999999837e-04
3.215310000000000086e-04
3.026179999999999951e-04
3.026179999999999951e-04
3.404449999999999837e-04
3.404449999999999837e-04
1.134820000000000089e-04
3.026179999999999951e-04
3.026179999999999951e-04
3.404449999999999837e-04
3.026179999999999951e-04
3.215310000000000086e-04
2.837040000000000200e-04
3.215310000000000086e-04
1.889999999999999862e-05
3.215310000000000086e-04
3.026179999999999951e-04
3.026179999999999951e-04
2.837040000000000200e-04
2.837040000000000200e-04
3.215310000000000086e-04
3.026179999999999951e-04
2.837040000000000200e-04
2.080499999999999884e-04
2.458770000000000313e-04
3.215310000000000086e-04
2.837040000000000200e-04
2.458770000000000313e-04
3.215310000000000086e-04
3.215310000000000086e-04
3.215310000000000086e-04
2.647899999999999907e-04
2.269630000000000020e-04
3.215310000000000086e-04
3.215310000000000086e-04
2.647899999999999907e-04
3.215310000000000086e-04
1.889999999999999862e-05
1.889999999999999862e-05
2.269630000000000020e-04
2.837040000000000200e-04
3.026179999999999951e-04
1.323949999999999953e-04
3.026179999999999951e-04
3.026179999999999951e-04
1.889999999999999862e-05
2.837040000000000200e-04
1.891359999999999862e-04
2.837040000000000200e-04
2.647899999999999907e-04
2.837040000000000200e-04
2.837040000000000200e-04
2.837040000000000200e-04
2.837040000000000200e-04
2.458770000000000313e-04
2.837040000000000200e-04
2.837040000000000200e-04
2.458770000000000313e-04
1.889999999999999862e-05
2.458770000000000313e-04
2.837040000000000200e-04
2.837040000000000200e-04
2.837040000000000200e-04
2.647899999999999907e-04
1.889999999999999862e-05
2.458770000000000313e-04
2.458770000000000313e-04
2.647899999999999907e-04
1.891359999999999862e-04
2.647899999999999907e-04
2.080499999999999884e-04
2.269630000000000020e-04
1.889999999999999862e-05
2.269630000000000020e-04
7.569990000000000345e-05
2.458770000000000313e-04
2.458770000000000313e-04
2.647899999999999907e-04
2.458770000000000313e-04
2.269630000000000020e-04
1.889999999999999862e-05
9.459990000000000206e-05
2.269630000000000020e-04
2.458770000000000313e-04
2.458770000000000313e-04
2.458770000000000313e-04
2.458770000000000313e-04
1.323949999999999953e-04
2.080499999999999884e-04
2.458770000000000313e-04
2.458770000000000313e-04
2.458770000000000313e-04
1.323949999999999953e-04
2.080499999999999884e-04
2.458770000000000313e-04
1.889999999999999862e-05
2.080499999999999884e-04
2.080499999999999884e-04
1.889999999999999862e-05
2.458770000000000313e-04
1.702220000000000111e-04
2.458770000000000313e-04
2.458770000000000313e-04
2.080499999999999884e-04
2.458770000000000313e-04
2.269630000000000020e-04
2.269630000000000020e-04
2.080499999999999884e-04
1.891359999999999862e-04
1.891359999999999862e-04
2.269630000000000020e-04
1.889999999999999862e-05
3.779999999999999723e-05
2.080499999999999884e-04
1.702220000000000111e-04
2.269630000000000020e-04
1.891359999999999862e-04
2.269630000000000020e-04
2.080499999999999884e-04
1.891359999999999862e-04
2.080499999999999884e-04
2.080499999999999884e-04
2.080499999999999884e-04
2.080499999999999884e-04
1.323949999999999953e-04
2.080499999999999884e-04
3.779999999999999723e-05
1.323949999999999953e-04
2.080499999999999884e-04
2.080499999999999884e-04
2.080499999999999884e-04
1.891359999999999862e-04
1.891359999999999862e-04
1.702220000000000111e-04
1.891359999999999862e-04
1.889999999999999862e-05
2.080499999999999884e-04
1.323949999999999953e-04
1.891359999999999862e-04
5.669989999999999563e-05
2.080499999999999884e-04
1.889999999999999862e-05
1.889999999999999862e-05
1.702220000000000111e-04
2.080499999999999884e-04
1.891359999999999862e-04
1.889999999999999862e-05
1.889999999999999862e-05
1.702220000000000111e-04
1.702220000000000111e-04
2.080499999999999884e-04
2.080499999999999884e-04
1.323949999999999953e-04
2.080499999999999884e-04
5.669989999999999563e-05
1.323949999999999953e-04
1.513089999999999975e-04
5.669989999999999563e-05
1.702220000000000111e-04
9.459990000000000206e-05
1.891359999999999862e-04
1.891359999999999862e-04
1.889999999999999862e-05
1.891359999999999862e-04
1.702220000000000111e-04
1.889999999999999862e-05
1.891359999999999862e-04
5.669989999999999563e-05
1.891359999999999862e-04
1.891359999999999862e-04
1.891359999999999862e-04
1.323949999999999953e-04
1.702220000000000111e-04
1.323949999999999953e-04
1.702220000000000111e-04
1.702220000000000111e-04
1.702220000000000111e-04
1.702220000000000111e-04
1.323949999999999953e-04
1.702220000000000111e-04
1.513089999999999975e-04
1.702220000000000111e-04
9.459990000000000206e-05
1.889999999999999862e-05
1.702220000000000111e-04
1.889999999999999862e-05
1.323949999999999953e-04
1.889999999999999862e-05
9.459990000000000206e-05
1.323949999999999953e-04
1.702220000000000111e-04
1.513089999999999975e-04
9.459990000000000206e-05
1.702220000000000111e-04
1.702220000000000111e-04
1.702220000000000111e-04
1.702220000000000111e-04
1.702220000000000111e-04
1.702220000000000111e-04
1.323949999999999953e-04
1.702220000000000111e-04
1.889999999999999862e-05
9.459990000000000206e-05
1.323949999999999953e-04
1.702220000000000111e-04
1.323949999999999953e-04
1.702220000000000111e-04
1.702220000000000111e-04
1.889999999999999862e-05
1.702220000000000111e-04
1.889999999999999862e-05
1.702220000000000111e-04
1.323949999999999953e-04
1.702220000000000111e-04
1.889999999999999862e-05
1.889999999999999862e-05
9.459990000000000206e-05
1.702220000000000111e-04
1.702220000000000111e-04
1.889999999999999862e-05
1.889999999999999862e-05
1.702220000000000111e-04
1.702220000000000111e-04
1.323949999999999953e-04
1.889999999999999862e-05
9.459990000000000206e-05
1.513089999999999975e-04
1.134820000000000089e-04
1.889999999999999862e-05
1.513089999999999975e-04
5.669989999999999563e-05
1.889999999999999862e-05
1.323949999999999953e-04
1.513089999999999975e-04
1.513089999999999975e-04
9.459990000000000206e-05
1.134820000000000089e-04
1.889999999999999862e-05
1.323949999999999953e-04
1.134820000000000089e-04
1.513089999999999975e-04
1.323949999999999953e-04
1.323949999999999953e-04
1.323949999999999953e-04
1.323949999999999953e-04
1.323949999999999953e-04
1.323949999999999953e-04
1.323949999999999953e-04
1.134820000000000089e-04
9.459990000000000206e-05
1.889999999999999862e-05
1.323949999999999953e-04
9.459990000000000206e-05
9.459990000000000206e-05
9.459990000000000206e-05
1.323949999999999953e-04
1.323949999999999953e-04
9.459990000000000206e-05
1.323949999999999953e-04
1.323949999999999953e-04
1.323949999999999953e-04
9.459990000000000206e-05
1.134820000000000089e-04
1.323949999999999953e-04
1.323949999999999953e-04
9.459990000000000206e-05
1.323949999999999953e-04
1.134820000000000089e-04
1.323949999999999953e-04
1.323949999999999953e-04
1.323949999999999953e-04
1.889999999999999862e-05
1.323949999999999953e-04
1.889999999999999862e-05
1.323949999999999953e-04
1.134820000000000089e-04
1.889999999999999862e-05
1.889999999999999862e-05
9.459990000000000206e-05
9.459990000000000206e-05
9.459990000000000206e-05
1.323949999999999953e-04
9.459990000000000206e-05
1.889999999999999862e-05
1.323949999999999953e-04
9.459990000000000206e-05
7.569990000000000345e-05
9.459990000000000206e-05
1.323949999999999953e-04
1.323949999999999953e-04
9.459990000000000206e-05
1.323949999999999953e-04
9.459990000000000206e-05
1.323949999999999953e-04
9.459990000000000206e-05
1.323949999999999953e-04
1.323949999999999953e-04
1.323949999999999953e-04
5.669989999999999563e-05
9.459990000000000206e-05
9.459990000000000206e-05
1.134820000000000089e-04
3.779999999999999723e-05
1.889999999999999862e-05
1.134820000000000089e-04
1.134820000000000089e-04
1.889999999999999862e-05
1.134820000000000089e-04
3.779999999999999723e-05
1.134820000000000089e-04
1.889999999999999862e-05
9.459990000000000206e-05
5.669989999999999563e-05
1.134820000000000089e-04
7.569990000000000345e-05
1.134820000000000089e-04
1.134820000000000089e-04
1.889999999999999862e-05
3.779999999999999723e-05
9.459990000000000206e-05
9.459990000000000206e-05
1.134820000000000089e-04
1.889999999999999862e-05
9.459990000000000206e-05
9.459990000000000206e-05
1.134820000000000089e-04
1.134820000000000089e-04
1.134820000000000089e-04
1.134820000000000089e-04
1.134820000000000089e-04
1.889999999999999862e-05
9.459990000000000206e-05
1.889999999999999862e-05
9.459990000000000206e-05
9.459990000000000206e-05
9.459990000000000206e-05
1.889999999999999862e-05
9.459990000000000206e-05
9.459990000000000206e-05
9.459990000000000206e-05
7.569990000000000345e-05
1.889999999999999862e-05
9.459990000000000206e-05
1.889999999999999862e-05
9.459990000000000206e-05
9.459990000000000206e-05
9.459990000000000206e-05
9.459990000000000206e-05
9.459990000000000206e-05
1.889999999999999862e-05
9.459990000000000206e-05
9.459990000000000206e-05
9.459990000000000206e-05
9.459990000000000206e-05
1.889999999999999862e-05
7.569990000000000345e-05
9.459990000000000206e-05
7.569990000000000345e-05
9.459990000000000206e-05
9.459990000000000206e-05
9.459990000000000206e-05
9.459990000000000206e-05
9.459990000000000206e-05
7.569990000000000345e-05
9.459990000000000206e-05
1.889999999999999862e-05
9.459990000000000206e-05
9.459990000000000206e-05
9.459990000000000206e-05
9.459990000000000206e-05
5.669989999999999563e-05
9.459990000000000206e-05
1.889999999999999862e-05
3.779999999999999723e-05
1.889999999999999862e-05
9.459990000000000206e-05
7.569990000000000345e-05
9.459990000000000206e-05
9.459990000000000206e-05
1.889999999999999862e-05
9.459990000000000206e-05
9.459990000000000206e-05
1.889999999999999862e-05
9.459990000000000206e-05
1.889999999999999862e-05
1.889999999999999862e-05
9.459990000000000206e-05
5.669989999999999563e-05
9.459990000000000206e-05
9.459990000000000206e-05
9.459990000000000206e-05
9.459990000000000206e-05
9.459990000000000206e-05
9.459990000000000206e-05
9.459990000000000206e-05
9.459990000000000206e-05
9.459990000000000206e-05
1.889999999999999862e-05
7.569990000000000345e-05
9.459990000000000206e-05
9.459990000000000206e-05
9.459990000000000206e-05
9.459990000000000206e-05
1.889999999999999862e-05
5.669989999999999563e-05
9.459990000000000206e-05
5.669989999999999563e-05
9.459990000000000206e-05
9.459990000000000206e-05
