1.439979999999999993e-04
9.129498300000001010e-02
6.287929999999999735e-03
1.014129999999999860e-04
1.031988500000000086e-02
1.487982999999999797e-03
2.798368799999999962e-02
1.020179999999999980e-04
1.024499999999999966e-04
4.800000000000000122e-05
2.447972999999999989e-03
2.783969000000000027e-02
2.351973999999999732e-03
4.800000000000000122e-05
4.800000000000000122e-05
5.183942000000000411e-03
2.351973999999999732e-03
1.151986999999999933e-03
2.841568400000000008e-02
2.635170700000000199e-02
1.026079999999999907e-04
9.839890000000000442e-03
2.615970899999999974e-02
2.543972000000000247e-03
4.800000000000000122e-05
3.935956000000000003e-03
4.800000000000000122e-05
2.404773200000000222e-02
9.600000000000000243e-05
6.095931999999999219e-03
2.399970000000000131e-04
4.800000000000000122e-05
1.775979999999999920e-03
1.439979999999999993e-04
1.852779400000000021e-02
2.054377100000000234e-02
1.699181100000000250e-02
1.795180000000000040e-02
4.800000000000000122e-05
9.600000000000000243e-05
4.800000000000000122e-05
3.023965999999999894e-03
3.791957999999999787e-03
8.639900000000000271e-04
7.679914000000000358e-03
4.800000000000000122e-05
1.795180000000000040e-02
1.670381399999999739e-02
4.800000000000000122e-05
1.660781500000000147e-02
1.660781500000000147e-02
1.473583600000000042e-02
1.411184300000000065e-02
6.863924000000000414e-03
1.029999999999999964e-04
1.439979999999999993e-04
4.800000000000000122e-05
1.420784200000000004e-02
7.295919000000000536e-03
8.831901999999999114e-03
8.831901999999999114e-03
2.639970999999999637e-03
6.191930999999999477e-03
4.800000000000000122e-05
8.159908999999999912e-03
1.007988999999999934e-03
3.023965999999999894e-03
2.831967999999999812e-03
4.800000000000000122e-05
5.375940000000000059e-03
8.159910000000000687e-04
4.800000000000000122e-05
1.007988800000000039e-02
9.887889999999999874e-03
1.041588400000000025e-02
2.447972999999999989e-03
2.399970000000000131e-04
3.359959999999999726e-04
4.800000000000000122e-05
9.119900000000000012e-04
4.800000000000000122e-05
4.800000000000000122e-05
9.503894000000000578e-03
5.279940000000000544e-04
4.800000000000000122e-05
1.199987000000000015e-03
4.800000000000000122e-05
7.967910999999999397e-03
4.800000000000000122e-05
2.687970000000000029e-03
4.799949999999999876e-04
8.687903000000000292e-03
8.735902999999999724e-03
1.919979000000000043e-03
9.600000000000000243e-05
8.495904999999999777e-03
4.800000000000000122e-05
1.026799999999999995e-04
4.800000000000000122e-05
7.055920999999999721e-03
7.247919000000000236e-03
1.029999999999999964e-04
1.007988999999999934e-03
2.879970000000000143e-04
2.543972000000000247e-03
4.800000000000000122e-05
2.399970000000000131e-04
1.871978999999999961e-03
4.800000000000000122e-05
2.399970000000000131e-04
4.799949999999999876e-04
9.600000000000000243e-05
1.775979999999999920e-03
2.591971000000000205e-03
1.391985000000000097e-03
6.287929999999999735e-03
8.159910000000000687e-04
7.199919999999999194e-04
1.343985000000000015e-03
6.959923000000000672e-03
2.879970000000000143e-04
4.800000000000000122e-05
4.800000000000000122e-05
6.671925999999999898e-03
4.800000000000000122e-05
1.439979999999999993e-04
4.800000000000000122e-05
4.800000000000000122e-05
4.800000000000000122e-05
4.800000000000000122e-05
2.879970000000000143e-04
4.800000000000000122e-05
4.800000000000000122e-05
1.967978000000000002e-03
6.095931999999999219e-03
4.800000000000000122e-05
4.800000000000000122e-05
4.319950000000000135e-04
1.439979999999999993e-04
5.327941000000000100e-03
1.391985000000000097e-03
1.007988999999999934e-03
4.800000000000000122e-05
4.319950000000000135e-04
5.231941999999999843e-03
1.103987999999999975e-03
3.935956000000000003e-03
4.800000000000000122e-05
4.800000000000000122e-05
4.800000000000000122e-05
4.800000000000000122e-05
3.023965999999999894e-03
2.399970000000000131e-04
4.223952999999999909e-03
4.800000000000000122e-05
5.519939000000000616e-03
5.039944000000000195e-03
1.439979999999999993e-04
4.463950000000000383e-03
4.800000000000000122e-05
4.799949999999999876e-04
4.800000000000000122e-05
4.800000000000000122e-05
4.800000000000000122e-05
4.800000000000000122e-05
4.800000000000000122e-05
1.727980999999999961e-03
2.399972999999999690e-03
4.223952999999999909e-03
4.799946999999999721e-03
1.026609999999999985e-04
1.151986999999999933e-03
8.159910000000000687e-04
4.800000000000000122e-05
1.391985000000000097e-03
4.800000000000000122e-05
3.503960999999999881e-03
4.223952999999999909e-03
3.839957000000000179e-03
1.343985000000000015e-03
4.800000000000000122e-05
3.503960999999999881e-03
4.800000000000000122e-05
4.800000000000000122e-05
3.695959000000000397e-03
7.199919999999999194e-04
2.351973999999999732e-03
4.800000000000000122e-05
1.007988999999999934e-03
2.879970000000000143e-04
4.800000000000000122e-05
4.319950000000000135e-04
1.103987999999999975e-03
1.679981000000000096e-03
1.439979999999999993e-04
4.800000000000000122e-05
2.399970000000000131e-04
4.800000000000000122e-05
4.800000000000000122e-05
4.800000000000000122e-05
4.800000000000000122e-05
2.399970000000000131e-04
4.800000000000000122e-05
1.023879999999999962e-04
7.199919999999999194e-04
4.800000000000000122e-05
9.119900000000000012e-04
4.800000000000000122e-05
3.743957999999999921e-03
4.800000000000000122e-05
2.399970000000000131e-04
4.800000000000000122e-05
3.599960000000000139e-03
4.800000000000000122e-05
4.800000000000000122e-05
6.239929999999999869e-04
5.759940000000000285e-04
2.399970000000000131e-04
4.800000000000000122e-05
4.800000000000000122e-05
1.026520000000000058e-04
4.800000000000000122e-05
1.029999999999999964e-04
3.023965999999999894e-03
9.600000000000000243e-05
4.800000000000000122e-05
4.800000000000000122e-05
4.800000000000000122e-05
4.800000000000000122e-05
2.975966999999999935e-03
4.800000000000000122e-05
4.800000000000000122e-05
1.439979999999999993e-04
1.151986999999999933e-03
4.800000000000000122e-05
1.103987999999999975e-03
4.800000000000000122e-05
3.359959999999999726e-04
4.800000000000000122e-05
2.543972000000000247e-03
2.783969000000000287e-03
4.800000000000000122e-05
4.800000000000000122e-05
1.103987999999999975e-03
1.199987000000000015e-03
9.599889999999999595e-04
4.800000000000000122e-05
4.800000000000000122e-05
1.055988000000000109e-03
4.800000000000000122e-05
4.800000000000000122e-05
4.800000000000000122e-05
2.207975000000000042e-03
4.800000000000000122e-05
4.800000000000000122e-05
4.800000000000000122e-05
2.255974999999999907e-03
2.639970999999999637e-03
2.111976000000000218e-03
7.679910000000000946e-04
4.800000000000000122e-05
9.600000000000000243e-05
1.055988000000000109e-03
1.583982000000000055e-03
4.800000000000000122e-05
2.543972000000000247e-03
4.800000000000000122e-05
5.759940000000000285e-04
7.679910000000000946e-04
1.247985999999999974e-03
1.295986000000000056e-03
9.119900000000000012e-04
4.800000000000000122e-05
4.800000000000000122e-05
4.800000000000000122e-05
9.600000000000000243e-05
4.800000000000000122e-05
4.800000000000000122e-05
6.719930000000000694e-04
2.399972999999999690e-03
1.535982999999999880e-03
4.800000000000000122e-05
4.800000000000000122e-05
2.399970000000000131e-04
4.800000000000000122e-05
4.800000000000000122e-05
2.879970000000000143e-04
4.800000000000000122e-05
2.399970000000000131e-04
1.919980000000000005e-04
3.839960000000000010e-04
1.103987999999999975e-03
4.800000000000000122e-05
1.631982000000000137e-03
1.439979999999999993e-04
4.800000000000000122e-05
2.399970000000000131e-04
4.800000000000000122e-05
4.800000000000000122e-05
9.119900000000000012e-04
4.800000000000000122e-05
4.800000000000000122e-05
4.800000000000000122e-05
1.823980000000000002e-03
1.727980999999999961e-03
4.799949999999999876e-04
4.800000000000000122e-05
1.967978000000000002e-03
4.800000000000000122e-05
1.871978999999999961e-03
4.800000000000000122e-05
1.823980000000000002e-03
5.279940000000000544e-04
5.759940000000000285e-04
4.800000000000000122e-05
4.800000000000000122e-05
4.800000000000000122e-05
4.800000000000000122e-05
1.823980000000000002e-03
5.279940000000000544e-04
4.800000000000000122e-05
1.583982000000000055e-03
4.800000000000000122e-05
4.800000000000000122e-05
4.800000000000000122e-05
1.295986000000000056e-03
4.800000000000000122e-05
4.800000000000000122e-05
4.800000000000000122e-05
1.029999999999999964e-04
1.679981000000000096e-03
1.487982999999999797e-03
4.800000000000000122e-05
4.800000000000000122e-05
3.839960000000000010e-04
9.600000000000000243e-05
1.029999999999999964e-04
9.599889999999999595e-04
1.391985000000000097e-03
1.487982999999999797e-03
4.800000000000000122e-05
4.800000000000000122e-05
4.800000000000000122e-05
4.800000000000000122e-05
1.631982000000000137e-03
4.800000000000000122e-05
1.007988999999999934e-03
4.800000000000000122e-05
4.800000000000000122e-05
1.343985000000000015e-03
4.800000000000000122e-05
4.800000000000000122e-05
1.391985000000000097e-03
1.295986000000000056e-03
4.800000000000000122e-05
4.800000000000000122e-05
4.800000000000000122e-05
1.247985999999999974e-03
4.800000000000000122e-05
4.799949999999999876e-04
4.800000000000000122e-05
1.439983999999999839e-03
4.800000000000000122e-05
1.199987000000000015e-03
1.535982999999999880e-03
3.359959999999999726e-04
4.800000000000000122e-05
4.800000000000000122e-05
4.800000000000000122e-05
1.295986000000000056e-03
4.800000000000000122e-05
1.029999999999999964e-04
4.800000000000000122e-05
4.319950000000000135e-04
4.800000000000000122e-05
1.487982999999999797e-03
4.800000000000000122e-05
4.800000000000000122e-05
1.439979999999999993e-04
1.343985000000000015e-03
4.800000000000000122e-05
1.343985000000000015e-03
4.800000000000000122e-05
4.319950000000000135e-04
4.800000000000000122e-05
4.800000000000000122e-05
1.295986000000000056e-03
4.800000000000000122e-05
8.639900000000000271e-04
4.800000000000000122e-05
4.800000000000000122e-05
4.800000000000000122e-05
1.103987999999999975e-03
4.800000000000000122e-05
5.759940000000000285e-04
4.799949999999999876e-04
4.800000000000000122e-05
4.800000000000000122e-05
1.295986000000000056e-03
4.800000000000000122e-05
4.800000000000000122e-05
4.800000000000000122e-05
3.359959999999999726e-04
4.800000000000000122e-05
4.800000000000000122e-05
4.800000000000000122e-05
9.599889999999999595e-04
7.199919999999999194e-04
4.800000000000000122e-05
1.439979999999999993e-04
6.239929999999999869e-04
4.800000000000000122e-05
4.800000000000000122e-05
1.055988000000000109e-03
4.800000000000000122e-05
4.800000000000000122e-05
9.600000000000000243e-05
3.359959999999999726e-04
4.800000000000000122e-05
4.800000000000000122e-05
9.119900000000000012e-04
4.800000000000000122e-05
4.800000000000000122e-05
4.800000000000000122e-05
4.800000000000000122e-05
4.800000000000000122e-05
4.800000000000000122e-05
4.800000000000000122e-05
1.007988999999999934e-03
1.439979999999999993e-04
1.026560000000000010e-04
4.800000000000000122e-05
4.800000000000000122e-05
4.800000000000000122e-05
5.279940000000000544e-04
4.800000000000000122e-05
4.800000000000000122e-05
1.103987999999999975e-03
4.800000000000000122e-05
4.800000000000000122e-05
4.800000000000000122e-05
4.800000000000000122e-05
4.800000000000000122e-05
4.800000000000000122e-05
4.800000000000000122e-05
6.719930000000000694e-04
1.439979999999999993e-04
9.119900000000000012e-04
1.007988999999999934e-03
1.439979999999999993e-04
4.800000000000000122e-05
4.800000000000000122e-05
4.800000000000000122e-05
4.800000000000000122e-05
4.800000000000000122e-05
1.439979999999999993e-04
4.800000000000000122e-05
4.800000000000000122e-05
2.399970000000000131e-04
6.719930000000000694e-04
9.599889999999999595e-04
4.800000000000000122e-05
4.319950000000000135e-04
4.800000000000000122e-05
4.800000000000000122e-05
9.119900000000000012e-04
4.319950000000000135e-04
4.800000000000000122e-05
4.799949999999999876e-04
4.800000000000000122e-05
4.800000000000000122e-05
4.800000000000000122e-05
4.800000000000000122e-05
9.600000000000000243e-05
3.839960000000000010e-04
4.800000000000000122e-05
4.800000000000000122e-05
7.199919999999999194e-04
4.800000000000000122e-05
4.800000000000000122e-05
4.800000000000000122e-05
4.800000000000000122e-05
4.800000000000000122e-05
4.800000000000000122e-05
4.800000000000000122e-05
8.159910000000000687e-04
8.159910000000000687e-04
6.239929999999999869e-04
4.800000000000000122e-05
7.199919999999999194e-04
4.800000000000000122e-05
4.800000000000000122e-05
7.199919999999999194e-04
4.800000000000000122e-05
4.800000000000000122e-05
6.239929999999999869e-04
4.800000000000000122e-05
5.279940000000000544e-04
4.800000000000000122e-05
8.159910000000000687e-04
4.319950000000000135e-04
8.639900000000000271e-04
6.719930000000000694e-04
8.159910000000000687e-04
7.679910000000000946e-04
8.159910000000000687e-04
4.800000000000000122e-05
4.800000000000000122e-05
7.679910000000000946e-04
4.800000000000000122e-05
4.800000000000000122e-05
2.399970000000000131e-04
2.399970000000000131e-04
4.800000000000000122e-05
4.800000000000000122e-05
4.800000000000000122e-05
8.159910000000000687e-04
4.800000000000000122e-05
2.399970000000000131e-04
4.800000000000000122e-05
7.199919999999999194e-04
9.600000000000000243e-05
8.159910000000000687e-04
4.800000000000000122e-05
4.800000000000000122e-05
4.800000000000000122e-05
1.029999999999999964e-04
6.239929999999999869e-04
7.679910000000000946e-04
4.800000000000000122e-05
4.799949999999999876e-04
4.800000000000000122e-05
1.439979999999999993e-04
4.800000000000000122e-05
4.800000000000000122e-05
4.800000000000000122e-05
1.026760000000000042e-04
2.399970000000000131e-04
4.800000000000000122e-05
4.800000000000000122e-05
5.759940000000000285e-04
3.839960000000000010e-04
4.800000000000000122e-05
4.800000000000000122e-05
7.199919999999999194e-04
4.800000000000000122e-05
4.800000000000000122e-05
4.800000000000000122e-05
4.800000000000000122e-05
3.359959999999999726e-04
4.800000000000000122e-05
2.399970000000000131e-04
5.279940000000000544e-04
4.800000000000000122e-05
3.359959999999999726e-04
4.800000000000000122e-05
4.800000000000000122e-05
4.800000000000000122e-05
2.399970000000000131e-04
6.239929999999999869e-04
4.800000000000000122e-05
6.719930000000000694e-04
4.800000000000000122e-05
4.800000000000000122e-05
4.800000000000000122e-05
4.800000000000000122e-05
4.800000000000000122e-05
4.800000000000000122e-05
6.719930000000000694e-04
1.026560000000000010e-04
4.319950000000000135e-04
4.319950000000000135e-04
4.800000000000000122e-05
4.800000000000000122e-05
4.800000000000000122e-05
4.800000000000000122e-05
4.800000000000000122e-05
4.800000000000000122e-05
4.800000000000000122e-05
4.800000000000000122e-05
4.800000000000000122e-05
2.880000000000000073e-04
4.800000000000000122e-05
4.800000000000000122e-05
2.399970000000000131e-04
4.800000000000000122e-05
4.800000000000000122e-05
4.800000000000000122e-05
4.800000000000000122e-05
4.800000000000000122e-05
4.800000000000000122e-05
5.759940000000000285e-04
6.239929999999999869e-04
4.800000000000000122e-05
4.800000000000000122e-05
4.800000000000000122e-05
4.800000000000000122e-05
4.800000000000000122e-05
4.800000000000000122e-05
9.600000000000000243e-05
1.029999999999999964e-04
4.800000000000000122e-05
4.800000000000000122e-05
5.279940000000000544e-04
4.799949999999999876e-04
4.800000000000000122e-05
4.800000000000000122e-05
1.026760000000000042e-04
4.800000000000000122e-05
4.800000000000000122e-05
4.800000000000000122e-05
5.759940000000000285e-04
4.800000000000000122e-05
4.800000000000000122e-05
4.800000000000000122e-05
1.919980000000000005e-04
5.279940000000000544e-04
4.800000000000000122e-05
4.800000000000000122e-05
4.800000000000000122e-05
4.319950000000000135e-04
2.879970000000000143e-04
4.800000000000000122e-05
4.319950000000000135e-04
4.800000000000000122e-05
4.800000000000000122e-05
4.800000000000000122e-05
5.279940000000000544e-04
4.799949999999999876e-04
1.919980000000000005e-04
4.800000000000000122e-05
4.800000000000000122e-05
2.399970000000000131e-04
1.026560000000000010e-04
4.800000000000000122e-05
4.800000000000000122e-05
4.800000000000000122e-05
4.800000000000000122e-05
4.800000000000000122e-05
4.800000000000000122e-05
4.800000000000000122e-05
4.800000000000000122e-05
4.800000000000000122e-05
4.800000000000000122e-05
9.600000000000000243e-05
4.800000000000000122e-05
4.800000000000000122e-05
4.800000000000000122e-05
4.800000000000000122e-05
4.800000000000000122e-05
4.800000000000000122e-05
4.800000000000000122e-05
4.800000000000000122e-05
4.800000000000000122e-05
4.799949999999999876e-04
4.319950000000000135e-04
9.600000000000000243e-05
4.800000000000000122e-05
1.439979999999999993e-04
4.319950000000000135e-04
4.800000000000000122e-05
4.800000000000000122e-05
4.800000000000000122e-05
2.399970000000000131e-04
4.800000000000000122e-05
4.319950000000000135e-04
4.800000000000000122e-05
4.800000000000000122e-05
4.800000000000000122e-05
4.800000000000000122e-05
4.319950000000000135e-04
4.800000000000000122e-05
2.399970000000000131e-04
4.800000000000000122e-05
3.839960000000000010e-04
4.800000000000000122e-05
4.800000000000000122e-05
4.800000000000000122e-05
4.800000000000000122e-05
4.800000000000000122e-05
1.026710000000000068e-04
4.319950000000000135e-04
4.800000000000000122e-05
4.800000000000000122e-05
4.800000000000000122e-05
4.800000000000000122e-05
4.800000000000000122e-05
4.800000000000000122e-05
2.399970000000000131e-04
4.800000000000000122e-05
4.800000000000000122e-05
4.800000000000000122e-05
4.800000000000000122e-05
4.319950000000000135e-04
4.800000000000000122e-05
4.800000000000000122e-05
4.319950000000000135e-04
4.800000000000000122e-05
4.800000000000000122e-05
4.319950000000000135e-04
4.800000000000000122e-05
4.800000000000000122e-05
4.800000000000000122e-05
4.319950000000000135e-04
3.359959999999999726e-04
4.800000000000000122e-05
1.029999999999999964e-04
4.800000000000000122e-05
4.800000000000000122e-05
4.800000000000000122e-05
4.319950000000000135e-04
4.800000000000000122e-05
4.800000000000000122e-05
4.800000000000000122e-05
4.800000000000000122e-05
4.800000000000000122e-05
4.800000000000000122e-05
3.359959999999999726e-04
4.800000000000000122e-05
2.879970000000000143e-04
4.800000000000000122e-05
4.800000000000000122e-05
4.800000000000000122e-05
4.800000000000000122e-05
3.839960000000000010e-04
3.359959999999999726e-04
4.800000000000000122e-05
4.800000000000000122e-05
4.800000000000000122e-05
4.800000000000000122e-05
4.800000000000000122e-05
4.800000000000000122e-05
4.800000000000000122e-05
4.800000000000000122e-05
1.919980000000000005e-04
4.800000000000000122e-05
2.399970000000000131e-04
1.439979999999999993e-04
4.800000000000000122e-05
4.800000000000000122e-05
1.439979999999999993e-04
3.359959999999999726e-04
3.359959999999999726e-04
4.800000000000000122e-05
4.800000000000000122e-05
1.029999999999999964e-04
4.800000000000000122e-05
2.399970000000000131e-04
3.359959999999999726e-04
4.800000000000000122e-05
4.800000000000000122e-05
4.800000000000000122e-05
2.399970000000000131e-04
2.399970000000000131e-04
9.600000000000000243e-05
1.439979999999999993e-04
4.800000000000000122e-05
4.800000000000000122e-05
4.800000000000000122e-05
4.800000000000000122e-05
4.800000000000000122e-05
4.800000000000000122e-05
4.800000000000000122e-05
4.800000000000000122e-05
4.800000000000000122e-05
3.359959999999999726e-04
4.800000000000000122e-05
4.800000000000000122e-05
3.359959999999999726e-04
3.359959999999999726e-04
3.359959999999999726e-04
4.800000000000000122e-05
4.800000000000000122e-05
4.800000000000000122e-05
1.439979999999999993e-04
3.359959999999999726e-04
4.800000000000000122e-05
4.800000000000000122e-05
4.800000000000000122e-05
4.800000000000000122e-05
4.800000000000000122e-05
1.026609999999999985e-04
4.800000000000000122e-05
1.439979999999999993e-04
3.359959999999999726e-04
3.359959999999999726e-04
4.800000000000000122e-05
4.800000000000000122e-05
4.800000000000000122e-05
4.800000000000000122e-05
4.800000000000000122e-05
4.800000000000000122e-05
4.800000000000000122e-05
9.600000000000000243e-05
2.399970000000000131e-04
4.800000000000000122e-05
4.800000000000000122e-05
2.399970000000000131e-04
2.399970000000000131e-04
4.800000000000000122e-05
4.800000000000000122e-05
4.800000000000000122e-05
2.399970000000000131e-04
4.800000000000000122e-05
1.919980000000000005e-04
4.800000000000000122e-05
4.800000000000000122e-05
4.800000000000000122e-05
2.399970000000000131e-04
2.879970000000000143e-04
4.800000000000000122e-05
4.800000000000000122e-05
4.800000000000000122e-05
1.029999999999999964e-04
4.800000000000000122e-05
2.399970000000000131e-04
4.800000000000000122e-05
4.800000000000000122e-05
2.399970000000000131e-04
1.439979999999999993e-04
4.800000000000000122e-05
4.800000000000000122e-05
2.399970000000000131e-04
4.800000000000000122e-05
2.399970000000000131e-04
2.399970000000000131e-04
4.800000000000000122e-05
4.800000000000000122e-05
1.439979999999999993e-04
4.800000000000000122e-05
4.800000000000000122e-05
2.399970000000000131e-04
4.800000000000000122e-05
4.800000000000000122e-05
4.800000000000000122e-05
4.800000000000000122e-05
4.800000000000000122e-05
2.399970000000000131e-04
2.399970000000000131e-04
4.800000000000000122e-05
4.800000000000000122e-05
4.800000000000000122e-05
4.800000000000000122e-05
4.800000000000000122e-05
4.800000000000000122e-05
2.399970000000000131e-04
4.800000000000000122e-05
4.800000000000000122e-05
4.800000000000000122e-05
4.800000000000000122e-05
4.800000000000000122e-05
4.800000000000000122e-05
2.399970000000000131e-04
4.800000000000000122e-05
2.399970000000000131e-04
4.800000000000000122e-05
2.399970000000000131e-04
4.800000000000000122e-05
4.800000000000000122e-05
4.800000000000000122e-05
4.800000000000000122e-05
4.800000000000000122e-05
4.800000000000000122e-05
4.800000000000000122e-05
2.399970000000000131e-04
1.439979999999999993e-04
4.800000000000000122e-05
4.800000000000000122e-05
4.800000000000000122e-05
4.800000000000000122e-05
4.800000000000000122e-05
4.800000000000000122e-05
4.800000000000000122e-05
4.800000000000000122e-05
1.919980000000000005e-04
4.800000000000000122e-05
4.800000000000000122e-05
4.800000000000000122e-05
4.800000000000000122e-05
2.399970000000000131e-04
4.800000000000000122e-05
4.800000000000000122e-05
4.800000000000000122e-05
4.800000000000000122e-05
4.800000000000000122e-05
4.800000000000000122e-05
4.800000000000000122e-05
2.399970000000000131e-04
4.800000000000000122e-05
4.800000000000000122e-05
4.800000000000000122e-05
2.399970000000000131e-04
4.800000000000000122e-05
4.800000000000000122e-05
2.399970000000000131e-04
4.800000000000000122e-05
4.800000000000000122e-05
4.800000000000000122e-05
4.800000000000000122e-05
4.800000000000000122e-05
