2.046640699999999896e-02
4.774580700000000122e-02
1.827031800000000067e-02
1.043740000000000005e-04
1.907237000000000168e-02
1.645697800000000058e-02
2.311664999999999900e-02
1.048099999999999943e-04
1.054690000000000027e-04
8.873381999999999104e-03
9.634251999999999400e-03
1.722012100000000143e-02
8.206958999999999782e-03
7.676821999999999813e-03
6.781915000000000339e-03
8.236425999999999817e-03
6.929958000000000819e-03
6.640019000000000476e-03
1.509527899999999964e-02
1.419679199999999974e-02
1.057429999999999937e-04
8.728319999999999482e-03
1.369510600000000029e-02
6.385911999999999665e-03
5.414418000000000702e-03
6.523954000000000211e-03
4.831221000000000126e-03
1.258070100000000142e-02
4.996862999999999826e-03
6.667771999999999762e-03
4.538552000000000385e-03
4.901607000000000533e-03
5.062915000000000297e-03
4.639637999999999748e-03
1.017309199999999990e-02
1.075511100000000123e-02
9.316910999999998902e-03
9.542829000000000936e-03
3.946370000000000260e-03
4.112011999999999959e-03
4.036866000000000065e-03
4.854858000000000090e-03
5.071790999999999973e-03
4.117787000000000357e-03
6.261768000000000889e-03
3.845817999999999980e-03
9.331671999999999190e-03
8.926365999999999815e-03
3.614549999999999794e-03
8.705687999999999621e-03
8.786129000000000161e-03
8.037399000000000626e-03
7.734194000000000659e-03
5.476986999999999134e-03
1.060429999999999874e-04
3.583849999999999970e-03
3.051462999999999919e-03
7.371675000000000276e-03
5.218173999999999903e-03
5.742536999999999815e-03
5.631930000000000269e-03
3.640327000000000059e-03
4.565716000000000045e-03
2.850360999999999607e-03
5.213360000000000216e-03
2.905341999999999994e-03
3.447140000000000013e-03
3.558815999999999802e-03
2.719644000000000228e-03
4.384242999999999474e-03
2.815915999999999905e-03
2.528597000000000049e-03
5.373598000000000263e-03
5.254005999999999434e-03
5.406918000000000141e-03
2.786710999999999876e-03
2.487305999999999892e-03
2.526992000000000040e-03
2.156556999999999918e-03
2.493617000000000056e-03
2.287273999999999731e-03
2.136447000000000086e-03
4.944437000000000311e-03
2.375094999999999811e-03
2.216887999999999758e-03
2.331129999999999834e-03
2.206833000000000058e-03
4.470349999999999671e-03
2.076116000000000246e-03
2.689850000000000140e-03
1.958075000000000093e-03
4.561861999999999862e-03
4.546511999999999949e-03
2.362311000000000185e-03
1.708837000000000160e-03
4.412105000000000367e-03
1.915234000000000034e-03
1.062399999999999993e-04
1.704076000000000115e-03
3.736380999999999557e-03
3.896193000000000052e-03
1.062399999999999993e-04
1.869664000000000048e-03
1.788207999999999898e-03
2.313584999999999947e-03
1.603524999999999959e-03
1.733172000000000055e-03
2.186613000000000012e-03
1.402422999999999864e-03
1.753282000000000104e-03
1.746917000000000175e-03
1.668616000000000153e-03
2.136873000000000071e-03
2.328400999999999908e-03
2.008296000000000126e-03
3.479227000000000101e-03
1.820457999999999842e-03
1.770717999999999901e-03
1.842653999999999993e-03
3.636364000000000436e-03
1.607214999999999946e-03
1.553249999999999943e-03
1.462752999999999796e-03
3.527362999999999939e-03
1.502974000000000020e-03
1.391832999999999872e-03
1.492918999999999887e-03
1.382312000000000124e-03
1.382312000000000124e-03
1.332037000000000108e-03
1.436277999999999817e-03
1.321982000000000192e-03
1.492918999999999887e-03
1.884424999999999902e-03
3.168587999999999960e-03
1.372257000000000208e-03
1.321982000000000192e-03
1.339952000000000157e-03
1.241006000000000010e-03
2.790772999999999865e-03
1.676477000000000219e-03
1.387017999999999845e-03
1.181210000000000029e-03
1.360062000000000207e-03
2.720922000000000184e-03
1.517200000000000016e-03
2.381241999999999994e-03
1.181210000000000029e-03
1.130933999999999889e-03
1.161099999999999979e-03
1.251596000000000002e-03
2.049477000000000070e-03
1.260580999999999985e-03
2.379636999999999985e-03
1.070603000000000049e-03
2.880199000000000387e-03
2.621440999999999962e-03
1.140453999999999947e-03
2.453712999999999728e-03
9.398869999999999274e-04
1.244161000000000138e-03
9.298320000000000109e-04
1.090714000000000006e-03
1.030382999999999950e-03
1.020328000000000034e-03
1.020328000000000034e-03
1.548915000000000101e-03
1.796548999999999932e-03
2.198644999999999940e-03
2.507143999999999779e-03
1.063020000000000132e-04
1.260526000000000094e-03
1.297591999999999973e-03
9.298320000000000109e-04
1.435153999999999900e-03
9.901619999999999432e-04
1.946250999999999971e-03
2.198644999999999940e-03
2.070067999999999995e-03
1.339897999999999957e-03
8.996660000000000290e-04
1.936196000000000054e-03
8.594460000000000380e-04
7.488389999999999500e-04
1.935126000000000120e-03
1.147299999999999969e-03
1.590686000000000010e-03
7.991149999999999816e-04
1.155750000000000093e-03
8.430260000000000834e-04
8.896110000000000042e-04
9.679119999999999174e-04
1.145160000000000101e-03
1.282722000000000029e-03
7.583600000000000237e-04
7.689500000000000154e-04
7.980450000000000477e-04
7.991149999999999816e-04
8.695010000000000629e-04
8.695010000000000629e-04
8.091700000000000064e-04
8.583760000000001042e-04
7.588949999999999906e-04
1.062310000000000066e-04
9.964730000000001069e-04
7.186739999999999838e-04
1.005458000000000090e-03
6.885089999999999093e-04
1.949940999999999957e-03
6.985639999999999341e-04
7.879900000000000229e-04
8.091700000000000064e-04
1.875329999999999922e-03
6.080680000000000199e-04
7.287289999999999003e-04
9.065119999999999428e-04
8.313660000000000494e-04
7.578249999999999483e-04
6.683980000000000607e-04
7.689500000000000154e-04
1.063299999999999933e-04
6.784539999999999928e-04
1.063410000000000039e-04
1.576885999999999999e-03
6.128280000000000489e-04
5.678470000000000132e-04
6.281780000000000697e-04
7.186739999999999838e-04
7.186739999999999838e-04
1.552016000000000029e-03
6.181230000000000448e-04
6.181230000000000448e-04
6.678629999999999853e-04
9.789830000000001101e-04
6.382329999999999861e-04
9.641680000000000562e-04
5.577919999999999883e-04
7.070139999999999498e-04
5.980129999999999951e-04
1.408624000000000031e-03
1.452535000000000024e-03
6.482880000000000109e-04
4.874059999999999612e-04
9.340019999999999659e-04
9.736880000000000058e-04
8.392810000000000981e-04
6.080680000000000199e-04
6.181230000000000448e-04
9.091319999999999957e-04
5.678470000000000132e-04
6.080680000000000199e-04
6.382329999999999861e-04
1.224477000000000074e-03
5.577919999999999883e-04
5.779019999999999296e-04
5.577919999999999883e-04
1.239291999999999911e-03
1.377923999999999989e-03
1.174736000000000009e-03
7.599100000000000342e-04
5.276270000000000222e-04
5.223319999999999179e-04
8.588560000000000725e-04
9.816029999999999461e-04
5.678470000000000132e-04
1.328182999999999924e-03
5.175719999999999973e-04
7.308139999999999862e-04
7.599100000000000342e-04
8.879520000000000121e-04
8.625469999999999665e-04
7.942999999999999540e-04
5.376819999999999386e-04
5.376819999999999386e-04
5.577919999999999883e-04
4.921659999999999360e-04
4.773509999999999906e-04
4.572409999999999951e-04
6.900589999999999198e-04
1.253571999999999889e-03
9.567329999999999758e-04
4.270750000000000132e-04
4.371309999999999996e-04
5.265569999999999799e-04
4.773509999999999906e-04
5.075159999999999567e-04
5.614819999999999750e-04
4.773509999999999906e-04
5.366120000000000048e-04
5.318519999999999758e-04
5.106719999999999923e-04
7.932310000000000359e-04
4.069650000000000177e-04
9.360880000000000676e-04
5.069809999999999898e-04
4.672959999999999657e-04
5.466669999999999212e-04
4.572409999999999951e-04
4.170199999999999884e-04
7.339700000000000217e-04
4.773509999999999906e-04
4.672959999999999657e-04
4.270750000000000132e-04
9.651829999999999915e-04
9.757729999999999832e-04
5.302469999999999666e-04
4.170199999999999884e-04
1.029739000000000002e-03
4.170199999999999884e-04
9.799979999999999369e-04
3.868550000000000222e-04
9.551280000000000750e-04
5.651719999999999617e-04
5.598769999999999658e-04
4.471859999999999702e-04
3.868550000000000222e-04
4.371309999999999996e-04
4.371309999999999996e-04
9.551280000000000750e-04
5.551169999999999369e-04
4.069650000000000177e-04
8.307760000000000838e-04
4.069650000000000177e-04
4.069650000000000177e-04
3.969099999999999928e-04
7.418849999999999620e-04
3.365789999999999906e-04
3.969099999999999928e-04
3.365789999999999906e-04
1.063699999999999997e-04
8.805169999999999317e-04
7.810360000000000349e-04
4.069650000000000177e-04
3.466340000000000155e-04
4.402859999999999652e-04
3.413390000000000196e-04
1.063699999999999997e-04
6.482340000000000281e-04
7.815710000000001103e-04
7.810360000000000349e-04
3.767999999999999973e-04
2.561379999999999929e-04
3.767999999999999973e-04
3.466340000000000155e-04
8.556469999999999614e-04
3.566900000000000018e-04
6.429390000000000322e-04
3.767999999999999973e-04
3.667450000000000267e-04
7.265350000000000497e-04
3.767999999999999973e-04
3.566900000000000018e-04
7.514050000000000199e-04
6.815539999999999056e-04
3.265240000000000200e-04
3.767999999999999973e-04
3.667450000000000267e-04
6.566839999999999353e-04
3.667450000000000267e-04
4.799709999999999892e-04
3.164689999999999951e-04
7.561650000000000489e-04
3.164689999999999951e-04
6.720339999999999561e-04
8.059060000000000052e-04
4.254709999999999655e-04
3.164689999999999951e-04
3.365789999999999906e-04
3.566900000000000018e-04
6.815539999999999056e-04
3.265240000000000200e-04
1.063729999999999927e-04
3.365789999999999906e-04
3.947700000000000167e-04
3.365789999999999906e-04
7.810360000000000349e-04
2.963589999999999996e-04
2.963589999999999996e-04
3.159340000000000282e-04
7.064250000000000000e-04
2.561379999999999929e-04
7.064250000000000000e-04
3.064140000000000245e-04
4.349909999999999693e-04
2.661930000000000177e-04
2.762479999999999884e-04
7.016639999999999553e-04
2.963589999999999996e-04
5.683279999999999972e-04
2.963589999999999996e-04
3.164689999999999951e-04
3.164689999999999951e-04
5.820730000000000088e-04
2.762479999999999884e-04
4.291610000000000064e-04
4.095850000000000163e-04
2.863040000000000290e-04
3.064140000000000245e-04
6.815539999999999056e-04
3.064140000000000245e-04
2.661930000000000177e-04
2.762479999999999884e-04
3.651400000000000175e-04
2.360279999999999974e-04
2.762479999999999884e-04
2.963589999999999996e-04
5.476819999999999649e-04
5.037719999999999872e-04
2.963589999999999996e-04
3.058790000000000033e-04
4.339209999999999812e-04
2.762479999999999884e-04
2.159180000000000019e-04
5.974230000000000295e-04
2.762479999999999884e-04
2.863040000000000290e-04
2.810090000000000331e-04
3.751949999999999882e-04
2.661930000000000177e-04
2.762479999999999884e-04
5.429219999999999359e-04
2.360279999999999974e-04
2.561379999999999929e-04
2.762479999999999884e-04
2.561379999999999929e-04
2.561379999999999929e-04
2.661930000000000177e-04
2.460829999999999680e-04
5.323319999999999441e-04
2.958240000000000327e-04
1.063770000000000015e-04
2.460829999999999680e-04
2.561379999999999929e-04
2.259729999999999996e-04
3.741250000000000001e-04
2.561379999999999929e-04
2.159180000000000019e-04
5.820730000000000088e-04
2.460829999999999680e-04
2.259729999999999996e-04
2.360279999999999974e-04
2.561379999999999929e-04
2.360279999999999974e-04
2.561379999999999929e-04
2.460829999999999680e-04
4.085149999999999741e-04
2.757140000000000372e-04
4.825919999999999494e-04
5.323319999999999441e-04
2.254380000000000056e-04
2.259729999999999996e-04
2.360279999999999974e-04
2.360279999999999974e-04
2.360279999999999974e-04
2.058630000000000041e-04
2.656579999999999966e-04
1.958070000000000177e-04
2.360279999999999974e-04
2.450129999999999799e-04
3.984600000000000034e-04
5.074619999999999739e-04
2.159180000000000019e-04
3.444950000000000009e-04
2.159180000000000019e-04
2.259729999999999996e-04
4.825919999999999494e-04
3.344390000000000145e-04
2.058630000000000041e-04
2.788690000000000027e-04
2.159180000000000019e-04
2.159180000000000019e-04
2.058630000000000041e-04
1.857520000000000200e-04
2.206780000000000037e-04
2.995140000000000194e-04
2.159180000000000019e-04
2.159180000000000019e-04
4.132759999999999646e-04
2.159180000000000019e-04
1.958070000000000177e-04
1.958070000000000177e-04
1.756969999999999951e-04
2.058630000000000041e-04
2.159180000000000019e-04
1.958070000000000177e-04
4.328509999999999931e-04
4.328509999999999931e-04
3.735899999999999790e-04
2.159180000000000019e-04
3.831099999999999827e-04
9.529999999999999897e-05
2.058630000000000041e-04
3.831099999999999827e-04
1.656419999999999974e-04
1.857520000000000200e-04
3.735899999999999790e-04
2.058630000000000041e-04
3.339039999999999933e-04
1.756969999999999951e-04
4.328509999999999931e-04
3.143290000000000190e-04
4.577209999999999634e-04
3.582400000000000124e-04
4.328509999999999931e-04
4.079809999999999687e-04
4.328509999999999931e-04
1.958070000000000177e-04
1.756969999999999951e-04
4.079809999999999687e-04
1.958070000000000177e-04
1.756969999999999951e-04
2.550680000000000048e-04
2.550680000000000048e-04
1.958070000000000177e-04
1.958070000000000177e-04
1.656419999999999974e-04
4.328509999999999931e-04
1.958070000000000177e-04
2.550680000000000048e-04
1.958070000000000177e-04
3.831099999999999827e-04
2.106230000000000060e-04
4.328509999999999931e-04
1.857520000000000200e-04
1.756969999999999951e-04
1.958070000000000177e-04
1.063939999999999981e-04
3.735899999999999790e-04
4.079809999999999687e-04
1.756969999999999951e-04
3.090340000000000231e-04
1.857520000000000200e-04
1.751620000000000011e-04
1.455320000000000019e-04
1.354770000000000041e-04
1.857520000000000200e-04
1.063860000000000077e-04
2.249029999999999844e-04
1.756969999999999951e-04
1.656419999999999974e-04
3.386649999999999838e-04
2.592930000000000126e-04
1.756969999999999951e-04
1.756969999999999951e-04
3.831099999999999827e-04
1.756969999999999951e-04
1.555869999999999996e-04
1.756969999999999951e-04
1.555869999999999996e-04
2.645880000000000085e-04
1.756969999999999951e-04
2.349579999999999822e-04
3.137939999999999978e-04
1.756969999999999951e-04
2.645880000000000085e-04
1.555869999999999996e-04
1.656419999999999974e-04
1.656419999999999974e-04
2.148479999999999867e-04
3.434250000000000128e-04
1.555869999999999996e-04
3.582400000000000124e-04
1.455320000000000019e-04
1.455320000000000019e-04
1.656419999999999974e-04
1.656419999999999974e-04
1.555869999999999996e-04
1.455320000000000019e-04
3.582400000000000124e-04
1.063810000000000103e-04
2.640540000000000031e-04
2.539980000000000167e-04
3.492550000000000298e-05
1.354770000000000041e-04
1.555869999999999996e-04
1.555869999999999996e-04
1.555869999999999996e-04
1.555869999999999996e-04
1.254220000000000064e-04
1.555869999999999996e-04
1.354770000000000041e-04
2.799389999999999908e-04
1.555869999999999996e-04
1.555869999999999996e-04
1.746270000000000070e-04
1.555869999999999996e-04
9.529999999999999897e-05
9.529999999999999897e-05
1.555869999999999996e-04
1.153660000000000064e-04
9.529999999999999897e-05
3.084990000000000020e-04
3.333699999999999880e-04
1.555869999999999996e-04
1.555869999999999996e-04
1.555869999999999996e-04
1.455320000000000019e-04
1.555869999999999996e-04
1.455320000000000019e-04
1.603470000000000015e-04
1.063929999999999959e-04
1.254220000000000064e-04
1.455320000000000019e-04
2.836290000000000317e-04
2.587579999999999915e-04
1.254220000000000064e-04
1.153660000000000064e-04
1.063910000000000051e-04
1.455320000000000019e-04
1.455320000000000019e-04
1.455320000000000019e-04
3.084990000000000020e-04
1.455320000000000019e-04
9.529999999999999897e-05
1.354770000000000041e-04
1.598120000000000074e-04
2.836290000000000317e-04
1.354770000000000041e-04
1.354770000000000041e-04
1.153660000000000064e-04
2.539980000000000167e-04
1.894429999999999953e-04
1.354770000000000041e-04
2.439429999999999919e-04
1.354770000000000041e-04
1.354770000000000041e-04
1.254220000000000064e-04
2.836290000000000317e-04
2.587579999999999915e-04
1.698670000000000052e-04
1.354770000000000041e-04
1.354770000000000041e-04
1.846820000000000048e-04
1.063839999999999897e-04
1.254220000000000064e-04
1.050000000000000044e-04
1.153660000000000064e-04
1.050000000000000044e-04
1.354770000000000041e-04
1.354770000000000041e-04
1.354770000000000041e-04
1.354770000000000041e-04
1.354770000000000041e-04
1.354770000000000041e-04
1.502920000000000037e-04
1.354770000000000041e-04
1.254220000000000064e-04
1.254220000000000064e-04
1.153660000000000064e-04
1.254220000000000064e-04
1.254220000000000064e-04
1.153660000000000064e-04
1.254220000000000064e-04
1.254220000000000064e-04
2.587579999999999915e-04
2.338879999999999941e-04
1.402370000000000060e-04
1.254220000000000064e-04
1.250000000000000026e-04
2.439429999999999919e-04
1.153660000000000064e-04
1.153660000000000064e-04
1.153660000000000064e-04
1.550000000000000000e-04
1.153660000000000064e-04
2.338879999999999941e-04
1.153660000000000064e-04
1.153660000000000064e-04
1.050000000000000044e-04
1.153660000000000064e-04
2.338879999999999941e-04
1.153660000000000064e-04
1.746270000000000070e-04
1.153660000000000064e-04
2.190729999999999945e-04
1.153660000000000064e-04
1.153660000000000064e-04
1.153660000000000064e-04
7.509999999999998231e-05
1.153660000000000064e-04
1.063900000000000029e-04
2.338879999999999941e-04
7.509999999999998231e-05
1.153660000000000064e-04
1.050000000000000044e-04
1.153660000000000064e-04
1.153660000000000064e-04
1.153660000000000064e-04
1.440000000000000036e-04
9.529999999999999897e-05
9.529999999999999897e-05
1.153660000000000064e-04
1.153660000000000064e-04
2.338879999999999941e-04
1.153660000000000064e-04
1.153660000000000064e-04
2.338879999999999941e-04
1.153660000000000064e-04
7.509999999999998231e-05
2.338879999999999941e-04
1.153660000000000064e-04
1.153660000000000064e-04
1.153660000000000064e-04
2.338879999999999941e-04
1.840000000000000001e-04
1.153660000000000064e-04
1.063960000000000025e-04
1.153660000000000064e-04
1.153660000000000064e-04
1.153660000000000064e-04
2.338879999999999941e-04
1.153660000000000064e-04
1.153660000000000064e-04
1.153660000000000064e-04
1.153660000000000064e-04
1.153660000000000064e-04
1.153660000000000064e-04
1.939999999999999993e-04
1.050000000000000044e-04
1.790000000000000141e-04
9.529999999999999897e-05
1.050000000000000044e-04
9.529999999999999897e-05
1.050000000000000044e-04
2.089999999999999844e-04
1.939999999999999993e-04
9.529999999999999897e-05
1.050000000000000044e-04
1.050000000000000044e-04
1.050000000000000044e-04
9.529999999999999897e-05
1.050000000000000044e-04
1.050000000000000044e-04
1.050000000000000044e-04
1.499999999999999869e-04
9.529999999999999897e-05
1.340000000000000045e-04
1.250000000000000026e-04
9.529999999999999897e-05
9.529999999999999897e-05
1.250000000000000026e-04
1.840000000000000001e-04
1.840000000000000001e-04
7.509999999999998231e-05
9.529999999999999897e-05
1.060000000000000016e-04
8.519999999999999742e-05
1.340000000000000045e-04
1.840000000000000001e-04
9.529999999999999897e-05
9.529999999999999897e-05
9.529999999999999897e-05
1.340000000000000045e-04
1.340000000000000045e-04
1.000000000000000048e-04
1.250000000000000026e-04
9.529999999999999897e-05
9.529999999999999897e-05
9.529999999999999897e-05
9.529999999999999897e-05
9.529999999999999897e-05
9.529999999999999897e-05
9.529999999999999897e-05
9.529999999999999897e-05
7.509999999999998231e-05
1.840000000000000001e-04
9.529999999999999897e-05
8.519999999999999742e-05
1.840000000000000001e-04
1.840000000000000001e-04
1.840000000000000001e-04
9.529999999999999897e-05
9.529999999999999897e-05
8.519999999999999742e-05
1.050000000000000044e-04
1.840000000000000001e-04
9.529999999999999897e-05
9.529999999999999897e-05
9.529999999999999897e-05
9.529999999999999897e-05
9.529999999999999897e-05
1.060000000000000016e-04
9.529999999999999897e-05
1.250000000000000026e-04
1.840000000000000001e-04
1.840000000000000001e-04
9.529999999999999897e-05
5.500000000000000196e-05
9.529999999999999897e-05
9.529999999999999897e-05
9.529999999999999897e-05
8.519999999999999742e-05
8.519999999999999742e-05
1.000000000000000048e-04
1.440000000000000036e-04
8.519999999999999742e-05
8.519999999999999742e-05
1.340000000000000045e-04
1.340000000000000045e-04
8.519999999999999742e-05
8.519999999999999742e-05
7.509999999999998231e-05
1.440000000000000036e-04
7.509999999999998231e-05
1.100000000000000039e-04
8.519999999999999742e-05
7.509999999999998231e-05
6.509999999999999674e-05
1.440000000000000036e-04
1.590000000000000159e-04
6.509999999999999674e-05
8.519999999999999742e-05
7.509999999999998231e-05
1.060000000000000016e-04
8.519999999999999742e-05
1.340000000000000045e-04
7.509999999999998231e-05
6.509999999999999674e-05
1.440000000000000036e-04
8.469999999999999881e-05
8.519999999999999742e-05
8.519999999999999742e-05
1.340000000000000045e-04
7.509999999999998231e-05
1.340000000000000045e-04
1.340000000000000045e-04
7.509999999999998231e-05
7.509999999999998231e-05
1.050000000000000044e-04
7.509999999999998231e-05
5.500000000000000196e-05
1.340000000000000045e-04
7.509999999999998231e-05
7.509999999999998231e-05
6.509999999999999674e-05
5.500000000000000196e-05
7.509999999999998231e-05
1.340000000000000045e-04
1.340000000000000045e-04
7.509999999999998231e-05
3.492550000000000298e-05
5.500000000000000196e-05
7.509999999999998231e-05
7.509999999999998231e-05
7.509999999999998231e-05
1.340000000000000045e-04
7.509999999999998231e-05
7.509999999999998231e-05
3.492550000000000298e-05
7.509999999999998231e-05
7.509999999999998231e-05
7.509999999999998231e-05
1.340000000000000045e-04
6.509999999999999674e-05
1.340000000000000045e-04
7.509999999999998231e-05
1.340000000000000045e-04
5.500000000000000196e-05
7.509999999999998231e-05
7.509999999999998231e-05
5.500000000000000196e-05
7.509999999999998231e-05
5.500000000000000196e-05
7.509999999999998231e-05
1.340000000000000045e-04
9.470000000000001149e-05
7.509999999999998231e-05
7.509999999999998231e-05
7.509999999999998231e-05
7.509999999999998231e-05
7.509999999999998231e-05
7.509999999999998231e-05
7.509999999999998231e-05
7.509999999999998231e-05
1.100000000000000039e-04
6.509999999999999674e-05
7.509999999999998231e-05
6.509999999999999674e-05
6.509999999999999674e-05
1.340000000000000045e-04
7.509999999999998231e-05
7.509999999999998231e-05
7.509999999999998231e-05
7.509999999999998231e-05
7.509999999999998231e-05
5.500000000000000196e-05
7.509999999999998231e-05
1.340000000000000045e-04
5.500000000000000196e-05
7.509999999999998231e-05
5.500000000000000196e-05
1.340000000000000045e-04
7.509999999999998231e-05
7.509999999999998231e-05
1.340000000000000045e-04
5.500000000000000196e-05
7.509999999999998231e-05
7.509999999999998231e-05
7.509999999999998231e-05
7.509999999999998231e-05
