9.443399999999999744e-05
6.610380000000000769e-04
9.443399999999999744e-05
9.443399999999999744e-05
1.888679999999999949e-04
9.443399999999999744e-05
3.858572350000000206e-01
9.443399999999999744e-05
9.443399999999999744e-05
9.443399999999999744e-05
3.926564810000000016e-01
1.888679999999999949e-04
9.443399999999999744e-05
9.443399999999999744e-05
9.443399999999999744e-05
9.443399999999999744e-05
9.443399999999999744e-05
9.443399999999999744e-05
1.888679999999999949e-04
9.443399999999999744e-05
9.997729999999998890e-05
8.499060000000000989e-04
9.443399999999999744e-05
9.443399999999999744e-05
9.443399999999999744e-05
6.610380000000000769e-04
9.443399999999999744e-05
9.443399999999999744e-05
9.443399999999999744e-05
7.554719999999999795e-04
9.443399999999999744e-05
9.443399999999999744e-05
1.038773999999999904e-03
9.443399999999999744e-05
9.443399999999999744e-05
9.443399999999999744e-05
1.888679999999999949e-04
9.443399999999999744e-05
9.443399999999999744e-05
9.443399999999999744e-05
9.443399999999999744e-05
9.443399999999999744e-05
9.443399999999999744e-05
9.443399999999999744e-05
9.443399999999999744e-05
9.443399999999999744e-05
9.443399999999999744e-05
9.443399999999999744e-05
9.443399999999999744e-05
2.833020000000000330e-04
8.499060000000000989e-04
9.443399999999999744e-05
1.038773999999999904e-03
9.443399999999999744e-05
9.443399999999999744e-05
9.443399999999999744e-05
9.443399999999999744e-05
9.443399999999999744e-05
9.443399999999999744e-05
1.133207699999999943e-02
9.443399999999999744e-05
9.443399999999999744e-05
9.443399999999999744e-05
9.443399999999999744e-05
9.443399999999999744e-05
9.443399999999999744e-05
9.443399999999999744e-05
9.443399999999999744e-05
9.443399999999999744e-05
9.443399999999999744e-05
9.443399999999999744e-05
9.443399999999999744e-05
9.443399999999999744e-05
9.443399999999999744e-05
9.443399999999999744e-05
9.443399999999999744e-05
9.443399999999999744e-05
9.443399999999999744e-05
9.443399999999999744e-05
9.443399999999999744e-05
9.443399999999999744e-05
9.443399999999999744e-05
9.443399999999999744e-05
9.443399999999999744e-05
9.443399999999999744e-05
9.443399999999999744e-05
9.443399999999999744e-05
9.443399999999999744e-05
9.443399999999999744e-05
9.443399999999999744e-05
9.443399999999999744e-05
9.443399999999999744e-05
9.443399999999999744e-05
9.443399999999999744e-05
9.443399999999999744e-05
9.443399999999999744e-05
9.443399999999999744e-05
9.997729999999998890e-05
9.443399999999999744e-05
9.443399999999999744e-05
1.888679999999999949e-04
9.443399999999999744e-05
9.443399999999999744e-05
3.172981700000000044e-02
9.443399999999999744e-05
9.443399999999999744e-05
9.443399999999999744e-05
9.443399999999999744e-05
9.443399999999999744e-05
8.499058000000000307e-03
9.443399999999999744e-05
9.443399999999999744e-05
9.443399999999999744e-05
9.443399999999999744e-05
9.443399999999999744e-05
1.888679999999999949e-04
5.666040000000000659e-04
9.443399999999999744e-05
8.499060000000000989e-04
9.443399999999999744e-05
3.286302399999999763e-02
9.443399999999999744e-05
9.443399999999999744e-05
9.443399999999999744e-05
9.443399999999999744e-05
9.443399999999999744e-05
9.443399999999999744e-05
9.443399999999999744e-05
9.443399999999999744e-05
9.443399999999999744e-05
9.443399999999999744e-05
9.443399999999999744e-05
9.443399999999999744e-05
9.443399999999999744e-05
9.443399999999999744e-05
9.443399999999999744e-05
9.443399999999999744e-05
3.229642099999999877e-02
9.443399999999999744e-05
9.443399999999999744e-05
9.443399999999999744e-05
9.443399999999999744e-05
9.443399999999999744e-05
9.443399999999999744e-05
9.443399999999999744e-05
9.443399999999999744e-05
9.443399999999999744e-05
9.443399999999999744e-05
9.443399999999999744e-05
9.443399999999999744e-05
9.443399999999999744e-05
9.443399999999999744e-05
9.443399999999999744e-05
9.443399999999999744e-05
9.443399999999999744e-05
1.888679999999999949e-04
9.443399999999999744e-05
9.443399999999999744e-05
9.443399999999999744e-05
9.443399999999999744e-05
9.443399999999999744e-05
9.443399999999999744e-05
9.443399999999999744e-05
9.443399999999999744e-05
9.443399999999999744e-05
9.443399999999999744e-05
9.443399999999999744e-05
9.443399999999999744e-05
9.443399999999999744e-05
9.443399999999999744e-05
9.997729999999998890e-05
9.443399999999999744e-05
9.443399999999999744e-05
9.443399999999999744e-05
9.443399999999999744e-05
9.443399999999999744e-05
9.443399999999999744e-05
9.443399999999999744e-05
9.443399999999999744e-05
9.443399999999999744e-05
9.443399999999999744e-05
9.443399999999999744e-05
9.443399999999999744e-05
9.443399999999999744e-05
9.443399999999999744e-05
9.443399999999999744e-05
9.443399999999999744e-05
9.443399999999999744e-05
5.666040000000000659e-04
9.443399999999999744e-05
9.443399999999999744e-05
9.997729999999998890e-05
9.443399999999999744e-05
9.443399999999999744e-05
9.443399999999999744e-05
9.443399999999999744e-05
9.443399999999999744e-05
9.443399999999999744e-05
9.443399999999999744e-05
9.443399999999999744e-05
9.443399999999999744e-05
9.443399999999999744e-05
9.443399999999999744e-05
9.997729999999998890e-05
9.443399999999999744e-05
9.443399999999999744e-05
9.443399999999999744e-05
9.443399999999999744e-05
9.443399999999999744e-05
9.443399999999999744e-05
9.443399999999999744e-05
9.443399999999999744e-05
9.443399999999999744e-05
9.443399999999999744e-05
9.443399999999999744e-05
9.443399999999999744e-05
9.443399999999999744e-05
9.443399999999999744e-05
9.443399999999999744e-05
9.443399999999999744e-05
9.997729999999998890e-05
9.443399999999999744e-05
9.443399999999999744e-05
9.443399999999999744e-05
9.443399999999999744e-05
9.443399999999999744e-05
9.443399999999999744e-05
9.443399999999999744e-05
9.443399999999999744e-05
9.443399999999999744e-05
9.443399999999999744e-05
9.443399999999999744e-05
9.443399999999999744e-05
9.443399999999999744e-05
9.443399999999999744e-05
1.983113999999999797e-03
9.443399999999999744e-05
1.699812000000000198e-03
9.443399999999999744e-05
1.888679999999999949e-04
9.443399999999999744e-05
9.443399999999999744e-05
9.443399999999999744e-05
9.443399999999999744e-05
2.077547999999999808e-03
9.443399999999999744e-05
9.443399999999999744e-05
9.443399999999999744e-05
9.443399999999999744e-05
9.443399999999999744e-05
9.443399999999999744e-05
9.443399999999999744e-05
9.443399999999999744e-05
9.443399999999999744e-05
9.443399999999999744e-05
9.443399999999999744e-05
9.443399999999999744e-05
9.443399999999999744e-05
9.443399999999999744e-05
9.443399999999999744e-05
9.443399999999999744e-05
9.443399999999999744e-05
9.443399999999999744e-05
9.443399999999999744e-05
9.443399999999999744e-05
9.443399999999999744e-05
9.443399999999999744e-05
9.443399999999999744e-05
2.833019000000000422e-03
9.443399999999999744e-05
9.443399999999999744e-05
9.443399999999999744e-05
9.443399999999999744e-05
9.443399999999999744e-05
9.443399999999999744e-05
5.666040000000000659e-04
9.443399999999999744e-05
9.443399999999999744e-05
9.443399999999999744e-05
9.443399999999999744e-05
9.443399999999999744e-05
9.443399999999999744e-05
9.443399999999999744e-05
9.443399999999999744e-05
9.443399999999999744e-05
9.443399999999999744e-05
9.443399999999999744e-05
9.443399999999999744e-05
9.443399999999999744e-05
9.443399999999999744e-05
1.133208000000000132e-03
9.443399999999999744e-05
9.443399999999999744e-05
9.443399999999999744e-05
9.443399999999999744e-05
9.443399999999999744e-05
9.443399999999999744e-05
9.443399999999999744e-05
9.443399999999999744e-05
9.443399999999999744e-05
9.443399999999999744e-05
9.443399999999999744e-05
9.443399999999999744e-05
9.443399999999999744e-05
9.443399999999999744e-05
9.443399999999999744e-05
9.443399999999999744e-05
9.443399999999999744e-05
9.443399999999999744e-05
9.443399999999999744e-05
9.443399999999999744e-05
9.443399999999999744e-05
9.443399999999999744e-05
1.888679999999999949e-04
9.443399999999999744e-05
9.443399999999999744e-05
9.443399999999999744e-05
9.443399999999999744e-05
9.443399999999999744e-05
9.443399999999999744e-05
9.443399999999999744e-05
9.443399999999999744e-05
9.443399999999999744e-05
9.443399999999999744e-05
9.443399999999999744e-05
7.554719999999999795e-04
9.443399999999999744e-05
9.443399999999999744e-05
9.443399999999999744e-05
9.997729999999998890e-05
9.443399999999999744e-05
9.443399999999999744e-05
9.443399999999999744e-05
9.443399999999999744e-05
9.443399999999999744e-05
9.443399999999999744e-05
9.997729999999998890e-05
9.443399999999999744e-05
9.443399999999999744e-05
9.443399999999999744e-05
9.443399999999999744e-05
9.443399999999999744e-05
9.443399999999999744e-05
9.443399999999999744e-05
9.443399999999999744e-05
9.443399999999999744e-05
9.443399999999999744e-05
9.443399999999999744e-05
9.443399999999999744e-05
9.443399999999999744e-05
9.443399999999999744e-05
9.443399999999999744e-05
9.443399999999999744e-05
9.443399999999999744e-05
9.443399999999999744e-05
9.443399999999999744e-05
9.443399999999999744e-05
9.443399999999999744e-05
9.443399999999999744e-05
9.443399999999999744e-05
9.443399999999999744e-05
9.443399999999999744e-05
9.443399999999999744e-05
9.443399999999999744e-05
9.443399999999999744e-05
9.443399999999999744e-05
9.443399999999999744e-05
9.443399999999999744e-05
9.443399999999999744e-05
9.443399999999999744e-05
9.443399999999999744e-05
9.997729999999998890e-05
9.443399999999999744e-05
9.443399999999999744e-05
9.443399999999999744e-05
9.443399999999999744e-05
9.443399999999999744e-05
9.443399999999999744e-05
9.443399999999999744e-05
9.443399999999999744e-05
9.443399999999999744e-05
9.443399999999999744e-05
9.443399999999999744e-05
9.443399999999999744e-05
9.443399999999999744e-05
9.443399999999999744e-05
9.443399999999999744e-05
9.443399999999999744e-05
9.443399999999999744e-05
9.443399999999999744e-05
9.443399999999999744e-05
9.443399999999999744e-05
9.443399999999999744e-05
9.443399999999999744e-05
9.443399999999999744e-05
9.443399999999999744e-05
9.443399999999999744e-05
9.443399999999999744e-05
9.443399999999999744e-05
9.443399999999999744e-05
9.443399999999999744e-05
9.443399999999999744e-05
1.038773999999999904e-03
9.443399999999999744e-05
9.443399999999999744e-05
9.443399999999999744e-05
9.443399999999999744e-05
9.443399999999999744e-05
9.443399999999999744e-05
9.443399999999999744e-05
9.443399999999999744e-05
9.443399999999999744e-05
9.443399999999999744e-05
9.443399999999999744e-05
5.666040000000000659e-04
9.443399999999999744e-05
9.443399999999999744e-05
9.443399999999999744e-05
5.666040000000000659e-04
9.443399999999999744e-05
9.443399999999999744e-05
9.443399999999999744e-05
9.443399999999999744e-05
9.443399999999999744e-05
9.443399999999999744e-05
9.443399999999999744e-05
9.443399999999999744e-05
9.443399999999999744e-05
9.443399999999999744e-05
9.443399999999999744e-05
9.997729999999998890e-05
9.443399999999999744e-05
9.443399999999999744e-05
9.443399999999999744e-05
9.443399999999999744e-05
9.443399999999999744e-05
9.443399999999999744e-05
9.443399999999999744e-05
9.443399999999999744e-05
9.443399999999999744e-05
9.443399999999999744e-05
9.443399999999999744e-05
9.443399999999999744e-05
9.443399999999999744e-05
9.443399999999999744e-05
9.443399999999999744e-05
9.443399999999999744e-05
9.443399999999999744e-05
9.443399999999999744e-05
9.443399999999999744e-05
9.443399999999999744e-05
9.443399999999999744e-05
9.443399999999999744e-05
9.443399999999999744e-05
9.443399999999999744e-05
9.443399999999999744e-05
9.443399999999999744e-05
9.443399999999999744e-05
9.443399999999999744e-05
9.443399999999999744e-05
9.443399999999999744e-05
9.443399999999999744e-05
9.443399999999999744e-05
9.443399999999999744e-05
9.443399999999999744e-05
9.443399999999999744e-05
9.443399999999999744e-05
9.443399999999999744e-05
9.443399999999999744e-05
9.443399999999999744e-05
9.443399999999999744e-05
9.443399999999999744e-05
9.443399999999999744e-05
9.443399999999999744e-05
9.443399999999999744e-05
9.443399999999999744e-05
9.443399999999999744e-05
9.443399999999999744e-05
9.443399999999999744e-05
9.443399999999999744e-05
9.443399999999999744e-05
9.443399999999999744e-05
9.443399999999999744e-05
9.443399999999999744e-05
9.443399999999999744e-05
9.443399999999999744e-05
9.443399999999999744e-05
9.443399999999999744e-05
9.443399999999999744e-05
9.443399999999999744e-05
9.443399999999999744e-05
9.443399999999999744e-05
9.443399999999999744e-05
9.443399999999999744e-05
9.443399999999999744e-05
9.443399999999999744e-05
9.443399999999999744e-05
9.443399999999999744e-05
9.443399999999999744e-05
9.443399999999999744e-05
9.443399999999999744e-05
9.443399999999999744e-05
9.443399999999999744e-05
9.443399999999999744e-05
9.443399999999999744e-05
9.443399999999999744e-05
9.443399999999999744e-05
9.443399999999999744e-05
9.443399999999999744e-05
9.443399999999999744e-05
9.443399999999999744e-05
9.443399999999999744e-05
9.443399999999999744e-05
9.443399999999999744e-05
9.443399999999999744e-05
9.443399999999999744e-05
9.443399999999999744e-05
9.443399999999999744e-05
9.443399999999999744e-05
9.443399999999999744e-05
9.443399999999999744e-05
9.443399999999999744e-05
9.443399999999999744e-05
9.443399999999999744e-05
9.443399999999999744e-05
9.443399999999999744e-05
9.997729999999998890e-05
9.443399999999999744e-05
9.443399999999999744e-05
9.443399999999999744e-05
9.443399999999999744e-05
9.443399999999999744e-05
9.443399999999999744e-05
9.443399999999999744e-05
9.443399999999999744e-05
9.443399999999999744e-05
9.997729999999998890e-05
9.443399999999999744e-05
9.443399999999999744e-05
9.443399999999999744e-05
9.443399999999999744e-05
9.443399999999999744e-05
9.443399999999999744e-05
9.443399999999999744e-05
9.443399999999999744e-05
9.443399999999999744e-05
9.443399999999999744e-05
9.443399999999999744e-05
9.443399999999999744e-05
9.443399999999999744e-05
9.443399999999999744e-05
9.443399999999999744e-05
9.443399999999999744e-05
9.443399999999999744e-05
9.443399999999999744e-05
9.443399999999999744e-05
9.443399999999999744e-05
9.443399999999999744e-05
9.443399999999999744e-05
9.443399999999999744e-05
9.443399999999999744e-05
9.443399999999999744e-05
9.443399999999999744e-05
9.443399999999999744e-05
9.443399999999999744e-05
9.443399999999999744e-05
9.443399999999999744e-05
9.443399999999999744e-05
9.443399999999999744e-05
9.443399999999999744e-05
9.443399999999999744e-05
9.443399999999999744e-05
9.443399999999999744e-05
9.443399999999999744e-05
9.443399999999999744e-05
9.443399999999999744e-05
9.443399999999999744e-05
9.443399999999999744e-05
9.443399999999999744e-05
9.443399999999999744e-05
9.443399999999999744e-05
9.443399999999999744e-05
9.443399999999999744e-05
9.443399999999999744e-05
9.443399999999999744e-05
9.443399999999999744e-05
9.443399999999999744e-05
9.443399999999999744e-05
9.443399999999999744e-05
9.443399999999999744e-05
9.443399999999999744e-05
9.443399999999999744e-05
9.443399999999999744e-05
9.443399999999999744e-05
9.443399999999999744e-05
9.443399999999999744e-05
9.443399999999999744e-05
9.443399999999999744e-05
9.443399999999999744e-05
9.443399999999999744e-05
9.997729999999998890e-05
9.443399999999999744e-05
9.443399999999999744e-05
9.443399999999999744e-05
9.443399999999999744e-05
9.443399999999999744e-05
9.443399999999999744e-05
9.997729999999998890e-05
9.443399999999999744e-05
9.443399999999999744e-05
9.443399999999999744e-05
9.443399999999999744e-05
9.443399999999999744e-05
1.888679999999999949e-04
9.443399999999999744e-05
9.443399999999999744e-05
9.443399999999999744e-05
9.443399999999999744e-05
9.443399999999999744e-05
9.443399999999999744e-05
9.443399999999999744e-05
9.443399999999999744e-05
9.443399999999999744e-05
9.443399999999999744e-05
9.443399999999999744e-05
9.443399999999999744e-05
9.443399999999999744e-05
9.443399999999999744e-05
9.443399999999999744e-05
9.443399999999999744e-05
9.443399999999999744e-05
9.443399999999999744e-05
9.443399999999999744e-05
9.997729999999998890e-05
9.997729999999998890e-05
9.443399999999999744e-05
9.443399999999999744e-05
9.443399999999999744e-05
9.443399999999999744e-05
9.443399999999999744e-05
9.443399999999999744e-05
9.443399999999999744e-05
9.443399999999999744e-05
9.443399999999999744e-05
9.443399999999999744e-05
9.443399999999999744e-05
9.443399999999999744e-05
9.443399999999999744e-05
9.443399999999999744e-05
9.443399999999999744e-05
9.443399999999999744e-05
9.443399999999999744e-05
9.443399999999999744e-05
9.443399999999999744e-05
9.443399999999999744e-05
9.443399999999999744e-05
9.443399999999999744e-05
9.443399999999999744e-05
9.443399999999999744e-05
9.443399999999999744e-05
9.443399999999999744e-05
9.443399999999999744e-05
9.997729999999998890e-05
9.443399999999999744e-05
9.443399999999999744e-05
9.443399999999999744e-05
9.443399999999999744e-05
9.443399999999999744e-05
9.443399999999999744e-05
9.443399999999999744e-05
9.443399999999999744e-05
9.443399999999999744e-05
9.443399999999999744e-05
9.443399999999999744e-05
9.443399999999999744e-05
9.443399999999999744e-05
9.443399999999999744e-05
9.443399999999999744e-05
9.443399999999999744e-05
9.443399999999999744e-05
9.997729999999998890e-05
9.443399999999999744e-05
9.443399999999999744e-05
9.443399999999999744e-05
9.443399999999999744e-05
9.443399999999999744e-05
9.443399999999999744e-05
9.443399999999999744e-05
9.443399999999999744e-05
9.443399999999999744e-05
9.443399999999999744e-05
9.443399999999999744e-05
9.443399999999999744e-05
9.443399999999999744e-05
9.443399999999999744e-05
9.443399999999999744e-05
9.443399999999999744e-05
9.443399999999999744e-05
9.443399999999999744e-05
9.443399999999999744e-05
9.443399999999999744e-05
9.443399999999999744e-05
9.443399999999999744e-05
9.443399999999999744e-05
9.443399999999999744e-05
9.443399999999999744e-05
9.997729999999998890e-05
9.443399999999999744e-05
9.443399999999999744e-05
9.443399999999999744e-05
9.443399999999999744e-05
9.443399999999999744e-05
9.443399999999999744e-05
9.443399999999999744e-05
9.443399999999999744e-05
9.443399999999999744e-05
9.443399999999999744e-05
9.443399999999999744e-05
9.443399999999999744e-05
9.443399999999999744e-05
9.443399999999999744e-05
9.443399999999999744e-05
9.997729999999998890e-05
9.443399999999999744e-05
9.443399999999999744e-05
9.443399999999999744e-05
9.443399999999999744e-05
9.443399999999999744e-05
9.443399999999999744e-05
9.443399999999999744e-05
9.443399999999999744e-05
9.443399999999999744e-05
9.443399999999999744e-05
9.443399999999999744e-05
9.443399999999999744e-05
9.443399999999999744e-05
9.443399999999999744e-05
9.443399999999999744e-05
9.443399999999999744e-05
9.443399999999999744e-05
9.443399999999999744e-05
9.443399999999999744e-05
9.443399999999999744e-05
9.443399999999999744e-05
9.443399999999999744e-05
9.997729999999998890e-05
9.443399999999999744e-05
9.443399999999999744e-05
9.443399999999999744e-05
9.443399999999999744e-05
9.443399999999999744e-05
9.443399999999999744e-05
9.443399999999999744e-05
9.443399999999999744e-05
9.443399999999999744e-05
9.443399999999999744e-05
9.443399999999999744e-05
9.443399999999999744e-05
9.443399999999999744e-05
9.443399999999999744e-05
9.443399999999999744e-05
9.443399999999999744e-05
9.443399999999999744e-05
9.443399999999999744e-05
9.443399999999999744e-05
9.443399999999999744e-05
9.443399999999999744e-05
9.443399999999999744e-05
9.443399999999999744e-05
9.443399999999999744e-05
9.443399999999999744e-05
9.443399999999999744e-05
9.443399999999999744e-05
9.443399999999999744e-05
9.443399999999999744e-05
9.443399999999999744e-05
9.443399999999999744e-05
9.443399999999999744e-05
9.443399999999999744e-05
9.443399999999999744e-05
9.443399999999999744e-05
9.997729999999998890e-05
9.443399999999999744e-05
9.443399999999999744e-05
9.443399999999999744e-05
9.443399999999999744e-05
9.443399999999999744e-05
9.443399999999999744e-05
9.443399999999999744e-05
9.443399999999999744e-05
9.443399999999999744e-05
9.443399999999999744e-05
9.443399999999999744e-05
9.997729999999998890e-05
9.997729999999998890e-05
9.443399999999999744e-05
9.443399999999999744e-05
9.443399999999999744e-05
9.443399999999999744e-05
9.443399999999999744e-05
9.443399999999999744e-05
9.443399999999999744e-05
9.443399999999999744e-05
9.443399999999999744e-05
9.443399999999999744e-05
9.443399999999999744e-05
9.443399999999999744e-05
9.443399999999999744e-05
9.443399999999999744e-05
9.443399999999999744e-05
9.443399999999999744e-05
9.443399999999999744e-05
9.443399999999999744e-05
9.443399999999999744e-05
9.443399999999999744e-05
9.443399999999999744e-05
9.443399999999999744e-05
9.443399999999999744e-05
9.443399999999999744e-05
9.443399999999999744e-05
9.443399999999999744e-05
9.443399999999999744e-05
9.443399999999999744e-05
9.443399999999999744e-05
9.443399999999999744e-05
9.443399999999999744e-05
9.443399999999999744e-05
9.443399999999999744e-05
9.443399999999999744e-05
9.443399999999999744e-05
9.443399999999999744e-05
9.443399999999999744e-05
9.443399999999999744e-05
9.443399999999999744e-05
9.443399999999999744e-05
9.443399999999999744e-05
9.443399999999999744e-05
9.443399999999999744e-05
9.443399999999999744e-05
9.443399999999999744e-05
9.443399999999999744e-05
9.443399999999999744e-05
9.443399999999999744e-05
9.443399999999999744e-05
9.443399999999999744e-05
9.443399999999999744e-05
9.443399999999999744e-05
9.443399999999999744e-05
9.443399999999999744e-05
9.443399999999999744e-05
9.443399999999999744e-05
9.443399999999999744e-05
9.443399999999999744e-05
9.443399999999999744e-05
9.443399999999999744e-05
9.443399999999999744e-05
9.443399999999999744e-05
9.443399999999999744e-05
9.443399999999999744e-05
9.443399999999999744e-05
9.443399999999999744e-05
9.443399999999999744e-05
9.443399999999999744e-05
9.443399999999999744e-05
9.443399999999999744e-05
9.443399999999999744e-05
9.443399999999999744e-05
9.443399999999999744e-05
9.443399999999999744e-05
9.443399999999999744e-05
9.443399999999999744e-05
9.443399999999999744e-05
9.443399999999999744e-05
9.443399999999999744e-05
9.443399999999999744e-05
9.443399999999999744e-05
9.443399999999999744e-05
9.443399999999999744e-05
9.443399999999999744e-05
9.443399999999999744e-05
9.443399999999999744e-05
9.443399999999999744e-05
9.443399999999999744e-05
9.443399999999999744e-05
9.443399999999999744e-05
9.443399999999999744e-05
9.443399999999999744e-05
9.443399999999999744e-05
9.443399999999999744e-05
9.443399999999999744e-05
9.443399999999999744e-05
9.443399999999999744e-05
9.443399999999999744e-05
9.443399999999999744e-05
9.443399999999999744e-05
9.443399999999999744e-05
9.443399999999999744e-05
9.443399999999999744e-05
9.443399999999999744e-05
9.443399999999999744e-05
