2.879330600000000115e-02
2.831081600000000253e-02
2.269122600000000184e-02
2.320209700000000139e-02
2.274798899999999971e-02
2.264865299999999776e-02
1.112565399999999871e-02
1.969694899999999832e-02
1.160814399999999906e-02
1.187777100000000051e-02
3.221330999999999587e-03
1.193453499999999959e-02
1.055801899999999835e-02
1.041610999999999926e-02
9.905238000000000237e-03
9.323411999999999672e-03
8.812540000000000651e-03
8.982830000000000675e-03
8.940258000000001273e-03
9.096356999999999360e-03
1.007549999999999933e-04
8.117186000000000193e-03
7.790796000000000006e-03
8.017849999999999977e-03
7.237351999999999848e-03
7.038678999999999943e-03
7.379260000000000333e-03
7.024488000000000607e-03
7.010296999999999536e-03
6.769051999999999361e-03
5.917598999999999949e-03
6.939343000000000594e-03
6.414279999999999635e-03
6.556189000000000461e-03
6.414279999999999635e-03
6.329134999999999622e-03
6.173035000000000327e-03
5.860835999999999477e-03
5.619591000000000169e-03
5.364154999999999791e-03
5.406726999999999193e-03
5.520254000000000480e-03
5.364154999999999791e-03
5.307390999999999845e-03
5.562826999999999356e-03
5.520254000000000480e-03
5.520254000000000480e-03
5.420918000000000264e-03
5.051955000000000334e-03
4.782327999999999753e-03
4.895855000000000172e-03
4.938427999999999915e-03
4.640419000000000661e-03
4.824900999999999496e-03
4.626228999999999932e-03
4.839091999999999699e-03
4.810710000000000160e-03
4.228884000000000462e-03
4.370792999999999554e-03
4.172119999999999648e-03
4.086974999999999636e-03
3.945065999999999677e-03
3.732202999999999909e-03
3.902492999999999934e-03
3.845729999999999895e-03
3.831539000000000125e-03
3.647057999999999897e-03
3.859920999999999665e-03
3.760584999999999883e-03
3.576102999999999747e-03
3.618675999999999924e-03
3.647057999999999897e-03
3.604485000000000154e-03
3.292284999999999830e-03
3.405812000000000249e-03
2.937512999999999670e-03
3.519340000000000142e-03
3.434194000000000222e-03
3.207139999999999817e-03
3.249712999999999994e-03
2.596932000000000147e-03
2.951704000000000307e-03
3.136185999999999575e-03
2.994277000000000050e-03
3.136185999999999575e-03
2.738840999999999672e-03
2.823985999999999684e-03
2.880750000000000064e-03
2.696267999999999929e-03
2.639504999999999890e-03
2.596932000000000147e-03
2.369877999999999742e-03
2.582740999999999943e-03
2.611122999999999916e-03
2.327304999999999999e-03
2.483405000000000161e-03
2.653695999999999659e-03
1.014150000000000039e-04
2.625314000000000120e-03
2.398260000000000149e-03
2.227968999999999783e-03
2.412450999999999918e-03
2.213778000000000013e-03
1.646142999999999868e-03
2.227968999999999783e-03
2.142823999999999771e-03
2.369877999999999742e-03
2.341496000000000202e-03
1.958342000000000069e-03
9.649800000000000478e-04
2.199587000000000243e-03
2.270541999999999960e-03
2.284732999999999729e-03
2.057677999999999851e-03
2.157014999999999974e-03
2.171204999999999836e-03
2.043487000000000081e-03
2.142823999999999771e-03
1.830623999999999880e-03
2.000914999999999812e-03
1.333942999999999978e-03
2.213778000000000013e-03
2.015106000000000015e-03
2.029297000000000219e-03
1.958342000000000069e-03
1.802242000000000123e-03
2.043487000000000081e-03
1.859006000000000070e-03
1.873197000000000056e-03
1.717097000000000111e-03
1.859006000000000070e-03
1.745478999999999867e-03
2.000914999999999812e-03
1.859006000000000070e-03
1.887387999999999826e-03
1.915770000000000016e-03
1.773861000000000058e-03
9.224079999999999953e-04
1.844815000000000083e-03
1.859006000000000070e-03
1.688714999999999921e-03
1.660333999999999855e-03
1.646142999999999868e-03
1.702906000000000124e-03
1.802242000000000123e-03
1.646142999999999868e-03
1.702906000000000124e-03
1.603569999999999909e-03
1.532616000000000100e-03
1.560997000000000166e-03
1.788052000000000044e-03
1.617761000000000112e-03
1.603569999999999909e-03
1.702906000000000124e-03
1.518424999999999896e-03
1.518424999999999896e-03
1.504233999999999910e-03
1.490042999999999923e-03
1.433278999999999977e-03
1.461660999999999950e-03
1.475852000000000153e-03
1.362324999999999951e-03
1.532616000000000100e-03
1.419088999999999897e-03
1.362324999999999951e-03
1.305561000000000004e-03
1.433278999999999977e-03
1.262988999999999952e-03
1.475852000000000153e-03
1.518424999999999896e-03
1.015190000000000016e-04
1.319752000000000208e-03
1.419088999999999897e-03
1.461660999999999950e-03
1.319752000000000208e-03
1.404897999999999911e-03
1.262988999999999952e-03
1.390707000000000141e-03
1.333942999999999978e-03
1.305561000000000004e-03
1.319752000000000208e-03
1.291371000000000142e-03
1.177843000000000032e-03
9.365980000000000746e-04
1.192034000000000019e-03
1.234606999999999979e-03
1.262988999999999952e-03
1.106889000000000007e-03
1.092698000000000020e-03
1.135270999999999980e-03
1.163652999999999953e-03
1.015329999999999916e-04
1.121079999999999993e-03
1.092698000000000020e-03
1.007553000000000008e-03
1.078507000000000033e-03
1.007553000000000008e-03
1.064316000000000047e-03
1.192034000000000019e-03
1.192034000000000019e-03
1.035934999999999981e-03
9.649800000000000478e-04
8.940260000000000221e-04
1.015329999999999916e-04
1.021743999999999994e-03
1.149461999999999966e-03
9.791710000000000344e-04
9.649800000000000478e-04
1.078507000000000033e-03
9.507889999999999528e-04
1.007553000000000008e-03
1.035934999999999981e-03
1.078507000000000033e-03
9.082170000000000087e-04
8.798350000000000354e-04
1.064316000000000047e-03
8.940260000000000221e-04
8.940260000000000221e-04
1.007553000000000008e-03
1.035934999999999981e-03
1.015440000000000022e-04
7.804989999999999281e-04
8.798350000000000354e-04
8.940260000000000221e-04
8.088799999999999940e-04
9.365980000000000746e-04
8.230710000000000890e-04
9.791710000000000344e-04
9.791710000000000344e-04
8.940260000000000221e-04
8.230710000000000890e-04
8.514530000000000622e-04
7.946900000000000231e-04
8.514530000000000622e-04
7.804989999999999281e-04
5.534449999999999570e-04
7.521169999999999549e-04
8.514530000000000622e-04
9.224079999999999953e-04
8.798350000000000354e-04
8.514530000000000622e-04
8.514530000000000622e-04
6.811620000000000218e-04
8.514530000000000622e-04
5.108719999999999971e-04
8.230710000000000890e-04
8.230710000000000890e-04
8.656439999999999404e-04
8.514530000000000622e-04
7.521169999999999549e-04
7.804989999999999281e-04
6.243989999999999827e-04
7.804989999999999281e-04
7.521169999999999549e-04
6.953530000000000084e-04
8.088799999999999940e-04
7.804989999999999281e-04
8.088799999999999940e-04
7.804989999999999281e-04
7.663080000000000499e-04
7.663080000000000499e-04
6.669719999999999425e-04
7.379260000000000767e-04
7.663080000000000499e-04
6.527809999999999559e-04
6.811620000000000218e-04
6.953530000000000084e-04
7.095439999999999950e-04
6.669719999999999425e-04
7.095439999999999950e-04
7.237349999999999816e-04
7.237349999999999816e-04
6.953530000000000084e-04
7.237349999999999816e-04
7.521169999999999549e-04
5.676350000000000362e-04
6.102079999999999961e-04
6.102079999999999961e-04
6.669719999999999425e-04
5.534449999999999570e-04
6.527809999999999559e-04
4.541080000000000507e-04
5.818260000000000228e-04
5.534449999999999570e-04
6.243989999999999827e-04
6.243989999999999827e-04
6.385899999999999693e-04
5.818260000000000228e-04
5.676350000000000362e-04
5.960170000000000095e-04
5.392539999999999703e-04
6.243989999999999827e-04
4.824900000000000239e-04
5.960170000000000095e-04
5.676350000000000362e-04
6.243989999999999827e-04
6.102079999999999961e-04
5.534449999999999570e-04
5.534449999999999570e-04
5.960170000000000095e-04
6.385899999999999693e-04
6.102079999999999961e-04
6.243989999999999827e-04
5.960170000000000095e-04
5.250629999999999837e-04
5.250629999999999837e-04
6.102079999999999961e-04
5.534449999999999570e-04
5.818260000000000228e-04
6.102079999999999961e-04
5.250629999999999837e-04
5.534449999999999570e-04
5.392539999999999703e-04
5.250629999999999837e-04
5.960170000000000095e-04
5.250629999999999837e-04
5.818260000000000228e-04
5.818260000000000228e-04
4.824900000000000239e-04
5.392539999999999703e-04
5.250629999999999837e-04
5.250629999999999837e-04
4.682990000000000373e-04
5.676350000000000362e-04
5.250629999999999837e-04
4.541080000000000507e-04
1.986719999999999979e-04
4.824900000000000239e-04
3.547719999999999975e-04
1.015939999999999899e-04
4.966810000000000105e-04
5.250629999999999837e-04
4.824900000000000239e-04
4.399169999999999556e-04
4.257269999999999848e-04
4.682990000000000373e-04
1.016000000000000030e-04
4.824900000000000239e-04
4.824900000000000239e-04
5.250629999999999837e-04
4.824900000000000239e-04
5.250629999999999837e-04
4.541080000000000507e-04
3.973450000000000116e-04
4.966810000000000105e-04
4.399169999999999556e-04
4.541080000000000507e-04
4.682990000000000373e-04
4.257269999999999848e-04
4.541080000000000507e-04
4.966810000000000105e-04
4.966810000000000105e-04
3.831540000000000249e-04
4.399169999999999556e-04
3.973450000000000116e-04
4.682990000000000373e-04
4.257269999999999848e-04
3.973450000000000116e-04
4.115359999999999982e-04
4.257269999999999848e-04
4.115359999999999982e-04
4.257269999999999848e-04
3.831540000000000249e-04
3.973450000000000116e-04
4.541080000000000507e-04
3.831540000000000249e-04
4.115359999999999982e-04
4.682990000000000373e-04
4.541080000000000507e-04
4.399169999999999556e-04
4.115359999999999982e-04
1.016010000000000052e-04
4.399169999999999556e-04
4.115359999999999982e-04
3.973450000000000116e-04
3.831540000000000249e-04
4.399169999999999556e-04
2.980090000000000126e-04
3.689630000000000383e-04
3.973450000000000116e-04
3.689630000000000383e-04
4.257269999999999848e-04
3.973450000000000116e-04
3.973450000000000116e-04
3.831540000000000249e-04
3.405810000000000109e-04
4.115359999999999982e-04
3.831540000000000249e-04
3.689630000000000383e-04
3.831540000000000249e-04
4.115359999999999982e-04
3.547719999999999975e-04
3.973450000000000116e-04
3.405810000000000109e-04
3.831540000000000249e-04
3.547719999999999975e-04
3.973450000000000116e-04
3.405810000000000109e-04
3.547719999999999975e-04
3.973450000000000116e-04
2.980090000000000126e-04
2.980090000000000126e-04
1.844819999999999999e-04
3.547719999999999975e-04
3.831540000000000249e-04
3.831540000000000249e-04
3.831540000000000249e-04
3.689630000000000383e-04
3.547719999999999975e-04
3.547719999999999975e-04
3.263900000000000243e-04
2.980090000000000126e-04
3.689630000000000383e-04
3.547719999999999975e-04
3.121990000000000377e-04
3.547719999999999975e-04
3.689630000000000383e-04
3.405810000000000109e-04
2.980090000000000126e-04
2.980090000000000126e-04
3.547719999999999975e-04
2.128629999999999845e-04
2.980090000000000126e-04
3.263900000000000243e-04
3.121990000000000377e-04
3.263900000000000243e-04
3.121990000000000377e-04
3.405810000000000109e-04
2.980090000000000126e-04
3.405810000000000109e-04
1.016149999999999953e-04
3.263900000000000243e-04
2.412450000000000119e-04
3.263900000000000243e-04
2.980090000000000126e-04
3.121990000000000377e-04
2.554359999999999986e-04
2.128629999999999845e-04
2.696269999999999852e-04
2.554359999999999986e-04
2.838179999999999718e-04
3.121990000000000377e-04
3.263900000000000243e-04
3.263900000000000243e-04
1.986719999999999979e-04
2.980090000000000126e-04
2.838179999999999718e-04
2.554359999999999986e-04
2.696269999999999852e-04
2.128629999999999845e-04
2.696269999999999852e-04
2.980090000000000126e-04
2.980090000000000126e-04
2.412450000000000119e-04
2.412450000000000119e-04
2.696269999999999852e-04
7.099999999999999107e-05
2.838179999999999718e-04
2.838179999999999718e-04
2.838179999999999718e-04
2.270540000000000253e-04
2.838179999999999718e-04
1.986719999999999979e-04
2.412450000000000119e-04
2.554359999999999986e-04
2.696269999999999852e-04
2.412450000000000119e-04
2.696269999999999852e-04
2.554359999999999986e-04
2.554359999999999986e-04
2.554359999999999986e-04
2.412450000000000119e-04
2.412450000000000119e-04
2.696269999999999852e-04
2.696269999999999852e-04
2.696269999999999852e-04
2.554359999999999986e-04
2.696269999999999852e-04
2.554359999999999986e-04
2.412450000000000119e-04
2.412450000000000119e-04
2.554359999999999986e-04
2.412450000000000119e-04
2.270540000000000253e-04
2.554359999999999986e-04
2.696269999999999852e-04
2.270540000000000253e-04
2.696269999999999852e-04
2.412450000000000119e-04
1.844819999999999999e-04
2.696269999999999852e-04
2.696269999999999852e-04
2.554359999999999986e-04
2.412450000000000119e-04
1.986719999999999979e-04
2.412450000000000119e-04
2.128629999999999845e-04
2.412450000000000119e-04
2.270540000000000253e-04
2.554359999999999986e-04
2.270540000000000253e-04
1.419089999999999859e-04
2.128629999999999845e-04
2.412450000000000119e-04
1.844819999999999999e-04
2.412450000000000119e-04
1.986719999999999979e-04
2.128629999999999845e-04
1.560999999999999996e-04
2.412450000000000119e-04
1.560999999999999996e-04
2.412450000000000119e-04
2.270540000000000253e-04
1.844819999999999999e-04
2.128629999999999845e-04
2.128629999999999845e-04
2.270540000000000253e-04
2.128629999999999845e-04
1.702909999999999862e-04
2.412450000000000119e-04
2.412450000000000119e-04
2.270540000000000253e-04
2.128629999999999845e-04
2.270540000000000253e-04
2.270540000000000253e-04
2.412450000000000119e-04
1.016240000000000014e-04
2.270540000000000253e-04
1.986719999999999979e-04
2.128629999999999845e-04
2.128629999999999845e-04
2.270540000000000253e-04
1.560999999999999996e-04
2.270540000000000253e-04
1.844819999999999999e-04
2.270540000000000253e-04
1.016210000000000084e-04
2.128629999999999845e-04
2.128629999999999845e-04
1.986719999999999979e-04
1.986719999999999979e-04
1.702909999999999862e-04
2.128629999999999845e-04
2.128629999999999845e-04
1.986719999999999979e-04
2.128629999999999845e-04
2.128629999999999845e-04
1.419999999999999957e-05
1.986719999999999979e-04
2.128629999999999845e-04
1.702909999999999862e-04
1.702909999999999862e-04
1.986719999999999979e-04
2.128629999999999845e-04
2.128629999999999845e-04
2.128629999999999845e-04
1.560999999999999996e-04
1.986719999999999979e-04
1.844819999999999999e-04
1.986719999999999979e-04
1.560999999999999996e-04
1.702909999999999862e-04
1.844819999999999999e-04
1.986719999999999979e-04
1.986719999999999979e-04
1.702909999999999862e-04
1.844819999999999999e-04
1.986719999999999979e-04
1.560999999999999996e-04
1.702909999999999862e-04
1.986719999999999979e-04
1.844819999999999999e-04
1.419999999999999957e-05
1.844819999999999999e-04
1.844819999999999999e-04
1.844819999999999999e-04
1.844819999999999999e-04
1.560999999999999996e-04
1.844819999999999999e-04
1.560999999999999996e-04
1.702909999999999862e-04
1.560999999999999996e-04
1.135270000000000127e-04
1.702909999999999862e-04
1.844819999999999999e-04
4.259999999999999871e-05
1.844819999999999999e-04
9.930000000000000133e-05
1.560999999999999996e-04
1.560999999999999996e-04
1.844819999999999999e-04
1.560999999999999996e-04
1.844819999999999999e-04
1.560999999999999996e-04
1.702909999999999862e-04
1.702909999999999862e-04
1.702909999999999862e-04
1.560999999999999996e-04
1.702909999999999862e-04
1.419089999999999859e-04
1.016250000000000036e-04
1.419089999999999859e-04
1.702909999999999862e-04
1.702909999999999862e-04
1.702909999999999862e-04
4.259999999999999871e-05
1.419089999999999859e-04
1.016310000000000032e-04
1.560999999999999996e-04
1.702909999999999862e-04
1.702909999999999862e-04
5.679999999999999828e-05
1.419089999999999859e-04
8.509999999999999498e-05
1.560999999999999996e-04
1.277179999999999993e-04
1.560999999999999996e-04
1.560999999999999996e-04
1.560999999999999996e-04
1.560999999999999996e-04
1.560999999999999996e-04
1.419089999999999859e-04
1.419089999999999859e-04
1.560999999999999996e-04
1.560999999999999996e-04
1.560999999999999996e-04
1.419089999999999859e-04
1.560999999999999996e-04
1.560999999999999996e-04
1.277179999999999993e-04
1.560999999999999996e-04
1.277179999999999993e-04
1.560999999999999996e-04
1.016289999999999989e-04
1.016270000000000080e-04
1.419089999999999859e-04
1.277179999999999993e-04
1.419089999999999859e-04
1.419089999999999859e-04
1.560999999999999996e-04
1.419089999999999859e-04
1.419089999999999859e-04
1.277179999999999993e-04
1.419089999999999859e-04
1.560999999999999996e-04
9.930000000000000133e-05
1.277179999999999993e-04
1.419089999999999859e-04
1.277179999999999993e-04
1.277179999999999993e-04
1.419089999999999859e-04
1.135270000000000127e-04
1.277179999999999993e-04
1.419089999999999859e-04
1.277179999999999993e-04
1.419089999999999859e-04
1.419089999999999859e-04
1.135270000000000127e-04
1.419089999999999859e-04
1.135270000000000127e-04
1.277179999999999993e-04
1.277179999999999993e-04
1.016279999999999967e-04
9.930000000000000133e-05
1.277179999999999993e-04
1.135270000000000127e-04
9.930000000000000133e-05
1.277179999999999993e-04
1.135270000000000127e-04
1.277179999999999993e-04
1.277179999999999993e-04
9.930000000000000133e-05
1.277179999999999993e-04
1.277179999999999993e-04
1.135270000000000127e-04
1.135270000000000127e-04
1.135270000000000127e-04
1.277179999999999993e-04
1.277179999999999993e-04
1.277179999999999993e-04
1.016289999999999989e-04
1.277179999999999993e-04
7.099999999999999107e-05
1.277179999999999993e-04
1.277179999999999993e-04
1.135270000000000127e-04
9.930000000000000133e-05
1.277179999999999993e-04
7.099999999999999107e-05
1.277179999999999993e-04
1.277179999999999993e-04
1.135270000000000127e-04
9.930000000000000133e-05
1.277179999999999993e-04
1.135270000000000127e-04
1.135270000000000127e-04
9.930000000000000133e-05
1.277179999999999993e-04
1.277179999999999993e-04
7.099999999999999107e-05
1.277179999999999993e-04
1.135270000000000127e-04
1.277179999999999993e-04
1.135270000000000127e-04
1.135270000000000127e-04
1.135270000000000127e-04
1.016310000000000032e-04
1.277179999999999993e-04
1.277179999999999993e-04
1.277179999999999993e-04
9.930000000000000133e-05
1.135270000000000127e-04
1.277179999999999993e-04
1.135270000000000127e-04
1.277179999999999993e-04
1.135270000000000127e-04
1.277179999999999993e-04
1.135270000000000127e-04
9.930000000000000133e-05
1.135270000000000127e-04
1.135270000000000127e-04
1.135270000000000127e-04
1.019999999999999992e-04
1.135270000000000127e-04
1.135270000000000127e-04
1.135270000000000127e-04
1.135270000000000127e-04
1.135270000000000127e-04
1.135270000000000127e-04
1.135270000000000127e-04
8.509999999999999498e-05
1.135270000000000127e-04
1.135270000000000127e-04
9.930000000000000133e-05
1.135270000000000127e-04
9.930000000000000133e-05
7.099999999999999107e-05
7.099999999999999107e-05
9.930000000000000133e-05
9.930000000000000133e-05
9.930000000000000133e-05
9.930000000000000133e-05
7.099999999999999107e-05
8.509999999999999498e-05
9.930000000000000133e-05
1.019999999999999992e-04
8.509999999999999498e-05
9.930000000000000133e-05
9.930000000000000133e-05
9.930000000000000133e-05
7.099999999999999107e-05
7.099999999999999107e-05
9.930000000000000133e-05
9.930000000000000133e-05
9.930000000000000133e-05
9.930000000000000133e-05
9.930000000000000133e-05
8.509999999999999498e-05
4.259999999999999871e-05
9.930000000000000133e-05
9.930000000000000133e-05
9.930000000000000133e-05
9.930000000000000133e-05
9.930000000000000133e-05
9.930000000000000133e-05
8.509999999999999498e-05
9.930000000000000133e-05
9.930000000000000133e-05
9.930000000000000133e-05
9.930000000000000133e-05
9.930000000000000133e-05
9.930000000000000133e-05
9.930000000000000133e-05
9.930000000000000133e-05
9.930000000000000133e-05
9.930000000000000133e-05
8.509999999999999498e-05
9.930000000000000133e-05
9.930000000000000133e-05
9.930000000000000133e-05
9.930000000000000133e-05
1.019999999999999992e-04
9.930000000000000133e-05
9.930000000000000133e-05
9.930000000000000133e-05
9.930000000000000133e-05
9.930000000000000133e-05
9.930000000000000133e-05
9.930000000000000133e-05
9.930000000000000133e-05
9.930000000000000133e-05
8.509999999999999498e-05
8.509999999999999498e-05
1.019999999999999992e-04
1.019999999999999992e-04
8.509999999999999498e-05
8.509999999999999498e-05
8.509999999999999498e-05
8.509999999999999498e-05
8.509999999999999498e-05
7.099999999999999107e-05
8.509999999999999498e-05
8.509999999999999498e-05
7.099999999999999107e-05
8.509999999999999498e-05
8.509999999999999498e-05
8.509999999999999498e-05
8.509999999999999498e-05
8.509999999999999498e-05
8.509999999999999498e-05
8.509999999999999498e-05
7.099999999999999107e-05
7.099999999999999107e-05
8.509999999999999498e-05
8.509999999999999498e-05
8.509999999999999498e-05
7.099999999999999107e-05
8.509999999999999498e-05
8.509999999999999498e-05
8.509999999999999498e-05
8.509999999999999498e-05
8.509999999999999498e-05
7.099999999999999107e-05
7.099999999999999107e-05
4.259999999999999871e-05
7.099999999999999107e-05
7.099999999999999107e-05
5.679999999999999828e-05
7.099999999999999107e-05
7.099999999999999107e-05
7.099999999999999107e-05
7.099999999999999107e-05
7.099999999999999107e-05
7.099999999999999107e-05
5.679999999999999828e-05
7.099999999999999107e-05
5.679999999999999828e-05
7.099999999999999107e-05
7.099999999999999107e-05
7.099999999999999107e-05
7.099999999999999107e-05
7.099999999999999107e-05
7.099999999999999107e-05
4.259999999999999871e-05
7.099999999999999107e-05
7.099999999999999107e-05
4.259999999999999871e-05
7.099999999999999107e-05
7.099999999999999107e-05
7.099999999999999107e-05
7.099999999999999107e-05
7.099999999999999107e-05
7.099999999999999107e-05
7.099999999999999107e-05
7.099999999999999107e-05
4.259999999999999871e-05
7.099999999999999107e-05
7.099999999999999107e-05
7.099999999999999107e-05
7.099999999999999107e-05
7.099999999999999107e-05
5.679999999999999828e-05
7.099999999999999107e-05
4.259999999999999871e-05
7.099999999999999107e-05
7.099999999999999107e-05
7.099999999999999107e-05
7.099999999999999107e-05
7.099999999999999107e-05
7.099999999999999107e-05
7.099999999999999107e-05
7.099999999999999107e-05
7.099999999999999107e-05
7.099999999999999107e-05
7.099999999999999107e-05
7.099999999999999107e-05
7.099999999999999107e-05
5.679999999999999828e-05
5.679999999999999828e-05
7.099999999999999107e-05
7.099999999999999107e-05
7.099999999999999107e-05
7.099999999999999107e-05
7.099999999999999107e-05
7.099999999999999107e-05
7.099999999999999107e-05
5.679999999999999828e-05
1.419999999999999957e-05
4.259999999999999871e-05
5.679999999999999828e-05
7.099999999999999107e-05
7.099999999999999107e-05
7.099999999999999107e-05
7.099999999999999107e-05
7.099999999999999107e-05
7.099999999999999107e-05
7.099999999999999107e-05
7.099999999999999107e-05
7.099999999999999107e-05
7.099999999999999107e-05
