1.170118899999999899e-02
1.207729699999999899e-02
9.887021999999998784e-03
9.831711999999999396e-03
9.599409999999999193e-03
9.748747000000000315e-03
8.802945999999998994e-03
8.587236999999999301e-03
7.481038000000000618e-03
6.137005999999999538e-03
5.484348000000000868e-03
5.368196999999999899e-03
5.301824999999999594e-03
5.589436999999999184e-03
4.914655000000000412e-03
4.488767999999999751e-03
4.721069999999999954e-03
4.156907999999999957e-03
4.477705999999999700e-03
3.874827999999999866e-03
4.024164000000000213e-03
1.013739999999999954e-04
3.808455999999999560e-03
3.830580000000000096e-03
3.830580000000000096e-03
3.393630999999999818e-03
3.603809000000000352e-03
3.520844000000000404e-03
3.565092000000000174e-03
3.166860000000000074e-03
3.050709000000000407e-03
3.089425999999999718e-03
3.161329000000000049e-03
3.000930000000000177e-03
3.216639000000000304e-03
3.177922000000000125e-03
2.807345000000000153e-03
2.868185999999999566e-03
3.045177999999999947e-03
3.000930000000000177e-03
2.945619999999999922e-03
2.790752000000000076e-03
2.895840999999999693e-03
2.735442000000000255e-03
2.630352999999999771e-03
2.691194000000000051e-03
2.785220999999999617e-03
5.129416999999999831e-03
2.680132000000000000e-03
2.580573999999999976e-03
2.425706000000000129e-03
2.652477000000000307e-03
2.702255999999999669e-03
2.624822000000000179e-03
2.619291000000000154e-03
2.619291000000000154e-03
2.613760000000000128e-03
2.508671000000000078e-03
1.015200000000000038e-04
2.586105000000000001e-03
2.398051000000000002e-03
2.182342000000000309e-03
2.276368999999999875e-03
2.320617000000000079e-03
2.232121000000000105e-03
2.243182999999999722e-03
2.292961999999999952e-03
2.182342000000000309e-03
2.115970000000000004e-03
1.938977999999999839e-03
1.999818999999999902e-03
1.872605999999999967e-03
1.988757000000000285e-03
2.066191000000000208e-03
1.889199000000000043e-03
1.579464000000000042e-03
1.938977999999999839e-03
1.911322999999999928e-03
1.955571000000000132e-03
1.773047999999999942e-03
1.905792000000000120e-03
1.844951000000000056e-03
1.916853999999999954e-03
1.867074999999999941e-03
1.905792000000000120e-03
1.695614000000000019e-03
1.811764999999999903e-03
1.822827000000000171e-03
1.784109999999999993e-03
1.883667999999999801e-03
1.734330999999999980e-03
1.734330999999999980e-03
1.690082999999999776e-03
1.513092000000000169e-03
1.706676000000000070e-03
1.734330999999999980e-03
1.739862000000000223e-03
1.269728000000000133e-03
1.568402000000000207e-03
1.607118999999999952e-03
1.667958999999999891e-03
1.618181000000000003e-03
1.396941000000000068e-03
1.551808999999999914e-03
1.557339999999999940e-03
1.590526000000000093e-03
1.551808999999999914e-03
1.485437000000000042e-03
1.430127000000000221e-03
1.513092000000000169e-03
1.507561000000000144e-03
1.457782000000000132e-03
3.707950999999999695e-03
1.441188999999999838e-03
1.203356000000000044e-03
1.186762999999999967e-03
1.385879000000000017e-03
1.446720000000000081e-03
1.286320999999999992e-03
1.341631000000000030e-03
1.280789999999999967e-03
1.396941000000000068e-03
1.264196999999999890e-03
1.396941000000000068e-03
1.396941000000000068e-03
1.402472000000000094e-03
1.269728000000000133e-03
1.308445000000000094e-03
1.159108000000000057e-03
1.236541999999999980e-03
1.286320999999999992e-03
1.313976000000000120e-03
1.065081000000000057e-03
1.347162000000000056e-03
1.347162000000000056e-03
1.275258999999999941e-03
1.347162000000000056e-03
1.242073000000000005e-03
1.313976000000000120e-03
1.208887000000000069e-03
1.247604000000000031e-03
1.297383000000000043e-03
1.297383000000000043e-03
1.280789999999999967e-03
1.164638999999999865e-03
1.275258999999999941e-03
1.247604000000000031e-03
1.164638999999999865e-03
1.253135000000000056e-03
1.253135000000000056e-03
1.219948999999999903e-03
1.026363999999999879e-03
1.197825000000000018e-03
1.192293999999999993e-03
1.214418000000000095e-03
1.131452999999999929e-03
1.153577000000000031e-03
1.164638999999999865e-03
1.142514999999999980e-03
1.114860000000000070e-03
1.016449999999999933e-04
1.098266999999999993e-03
1.175701000000000133e-03
1.164638999999999865e-03
1.197825000000000018e-03
1.181231999999999942e-03
1.170170000000000108e-03
1.114860000000000070e-03
1.131452999999999929e-03
1.109329000000000044e-03
1.103798000000000019e-03
3.586269000000000436e-03
1.076143000000000108e-03
1.087204999999999942e-03
1.114860000000000070e-03
1.125921999999999904e-03
1.125921999999999904e-03
1.125921999999999904e-03
1.081673999999999917e-03
1.048487999999999981e-03
1.114860000000000070e-03
1.070611999999999866e-03
9.710539999999999493e-04
1.076143000000000108e-03
1.016589999999999969e-04
1.070611999999999866e-03
1.092735999999999968e-03
1.065081000000000057e-03
1.059550000000000032e-03
1.065081000000000057e-03
1.054019000000000006e-03
1.081673999999999917e-03
1.087204999999999942e-03
1.037426000000000147e-03
1.037426000000000147e-03
8.825579999999999753e-04
9.268060000000000707e-04
1.026363999999999879e-03
1.015302000000000045e-03
1.037426000000000147e-03
1.009771000000000019e-03
1.037426000000000147e-03
9.931779999999999428e-04
9.765850000000000832e-04
9.323369999999999878e-04
1.016550000000000017e-04
1.004239999999999994e-03
9.765850000000000832e-04
9.212750000000000453e-04
9.931779999999999428e-04
9.323369999999999878e-04
9.046819999999999688e-04
9.765850000000000832e-04
9.765850000000000832e-04
8.604339999999999818e-04
8.770269999999999498e-04
9.599920000000000068e-04
9.433989999999999303e-04
9.323369999999999878e-04
9.378680000000000133e-04
9.378680000000000133e-04
9.323369999999999878e-04
9.268060000000000707e-04
9.212750000000000453e-04
9.489299999999999558e-04
9.544610000000000897e-04
9.489299999999999558e-04
8.770269999999999498e-04
9.102129999999999943e-04
9.157439999999999114e-04
9.157439999999999114e-04
9.378680000000000133e-04
8.659650000000000073e-04
9.323369999999999878e-04
9.046819999999999688e-04
9.323369999999999878e-04
8.991510000000000518e-04
9.268060000000000707e-04
9.268060000000000707e-04
8.327789999999999629e-04
8.991510000000000518e-04
7.221589999999999954e-04
9.157439999999999114e-04
9.046819999999999688e-04
9.157439999999999114e-04
8.991510000000000518e-04
8.825579999999999753e-04
8.438410000000000138e-04
8.714960000000000328e-04
8.714960000000000328e-04
8.659650000000000073e-04
8.272480000000000458e-04
8.770269999999999498e-04
8.604339999999999818e-04
1.016770000000000092e-04
8.770269999999999498e-04
8.770269999999999498e-04
8.604339999999999818e-04
7.940620000000000013e-04
8.383099999999999883e-04
8.217170000000000203e-04
8.549030000000000648e-04
8.549030000000000648e-04
8.438410000000000138e-04
8.327789999999999629e-04
8.383099999999999883e-04
8.327789999999999629e-04
8.438410000000000138e-04
8.106549999999999694e-04
8.438410000000000138e-04
8.106549999999999694e-04
7.995930000000000268e-04
8.272480000000000458e-04
8.161860000000001033e-04
7.664069999999999824e-04
8.217170000000000203e-04
8.106549999999999694e-04
7.332210000000000463e-04
8.161860000000001033e-04
8.161860000000001033e-04
8.272480000000000458e-04
7.498139999999999059e-04
7.830000000000000588e-04
8.051239999999999439e-04
7.995930000000000268e-04
7.608760000000000653e-04
8.051239999999999439e-04
8.161860000000001033e-04
8.106549999999999694e-04
1.016779999999999979e-04
7.830000000000000588e-04
7.885310000000000843e-04
7.221589999999999954e-04
7.940620000000000013e-04
7.719380000000000078e-04
7.830000000000000588e-04
7.830000000000000588e-04
9.891312699999998959e-02
7.664069999999999824e-04
7.774689999999999249e-04
7.498139999999999059e-04
7.553450000000000398e-04
7.332210000000000463e-04
7.774689999999999249e-04
7.166280000000000783e-04
7.110969999999999444e-04
7.608760000000000653e-04
7.719380000000000078e-04
7.498139999999999059e-04
7.553450000000000398e-04
7.553450000000000398e-04
7.442829999999999889e-04
7.332210000000000463e-04
7.553450000000000398e-04
7.608760000000000653e-04
7.332210000000000463e-04
7.000350000000000019e-04
7.442829999999999889e-04
1.016810000000000045e-04
7.387519999999999634e-04
7.442829999999999889e-04
7.110969999999999444e-04
7.332210000000000463e-04
7.276900000000000208e-04
7.442829999999999889e-04
6.889730000000000593e-04
7.332210000000000463e-04
7.221589999999999954e-04
7.332210000000000463e-04
7.442829999999999889e-04
7.442829999999999889e-04
7.332210000000000463e-04
7.055660000000000273e-04
7.221589999999999954e-04
7.332210000000000463e-04
7.276900000000000208e-04
7.221589999999999954e-04
7.221589999999999954e-04
7.332210000000000463e-04
7.110969999999999444e-04
6.945039999999999764e-04
7.221589999999999954e-04
6.779110000000000084e-04
7.221589999999999954e-04
6.889730000000000593e-04
6.945039999999999764e-04
6.557870000000000149e-04
7.221589999999999954e-04
7.110969999999999444e-04
7.110969999999999444e-04
6.557870000000000149e-04
7.000350000000000019e-04
6.723799999999999829e-04
7.110969999999999444e-04
6.889730000000000593e-04
6.945039999999999764e-04
7.110969999999999444e-04
7.166280000000000783e-04
7.166280000000000783e-04
6.834419999999999254e-04
6.834419999999999254e-04
7.166280000000000783e-04
7.110969999999999444e-04
6.834419999999999254e-04
7.000350000000000019e-04
7.110969999999999444e-04
6.668489999999999574e-04
6.889730000000000593e-04
7.110969999999999444e-04
7.000350000000000019e-04
7.000350000000000019e-04
7.055660000000000273e-04
6.945039999999999764e-04
7.055660000000000273e-04
6.889730000000000593e-04
6.834419999999999254e-04
6.557870000000000149e-04
6.945039999999999764e-04
6.834419999999999254e-04
1.016870000000000041e-04
6.723799999999999829e-04
7.000350000000000019e-04
6.889730000000000593e-04
6.447249999999999639e-04
7.000350000000000019e-04
6.945039999999999764e-04
6.557870000000000149e-04
6.889730000000000593e-04
6.945039999999999764e-04
6.447249999999999639e-04
6.889730000000000593e-04
6.889730000000000593e-04
6.834419999999999254e-04
6.779110000000000084e-04
6.226009999999999704e-04
6.779110000000000084e-04
6.889730000000000593e-04
6.889730000000000593e-04
6.889730000000000593e-04
6.834419999999999254e-04
6.723799999999999829e-04
6.834419999999999254e-04
6.834419999999999254e-04
6.557870000000000149e-04
6.723799999999999829e-04
6.834419999999999254e-04
6.613180000000000404e-04
6.834419999999999254e-04
6.834419999999999254e-04
6.668489999999999574e-04
6.723799999999999829e-04
6.723799999999999829e-04
6.779110000000000084e-04
5.894150000000000344e-04
6.668489999999999574e-04
6.668489999999999574e-04
6.779110000000000084e-04
6.613180000000000404e-04
6.447249999999999639e-04
6.502559999999999894e-04
6.502559999999999894e-04
6.613180000000000404e-04
6.668489999999999574e-04
6.447249999999999639e-04
6.557870000000000149e-04
6.668489999999999574e-04
1.016899999999999971e-04
6.668489999999999574e-04
6.557870000000000149e-04
6.391940000000000469e-04
6.502559999999999894e-04
6.336630000000000214e-04
6.502559999999999894e-04
6.613180000000000404e-04
6.557870000000000149e-04
1.016920000000000015e-04
6.226009999999999704e-04
6.557870000000000149e-04
6.281319999999999959e-04
6.447249999999999639e-04
6.502559999999999894e-04
6.391940000000000469e-04
6.391940000000000469e-04
6.502559999999999894e-04
6.502559999999999894e-04
6.391940000000000469e-04
6.336630000000000214e-04
6.115390000000000279e-04
6.391940000000000469e-04
6.447249999999999639e-04
6.281319999999999959e-04
6.004769999999999769e-04
6.391940000000000469e-04
5.894150000000000344e-04
6.447249999999999639e-04
6.170700000000000534e-04
6.391940000000000469e-04
5.894150000000000344e-04
6.391940000000000469e-04
6.226009999999999704e-04
6.281319999999999959e-04
6.447249999999999639e-04
6.170700000000000534e-04
6.336630000000000214e-04
6.391940000000000469e-04
6.391940000000000469e-04
6.115390000000000279e-04
6.115390000000000279e-04
6.281319999999999959e-04
6.336630000000000214e-04
6.115390000000000279e-04
6.226009999999999704e-04
6.170700000000000534e-04
6.336630000000000214e-04
6.336630000000000214e-04
6.281319999999999959e-04
6.281319999999999959e-04
6.281319999999999959e-04
6.115390000000000279e-04
6.281319999999999959e-04
7.776870999999999437e-03
6.115390000000000279e-04
6.281319999999999959e-04
6.170700000000000534e-04
6.170700000000000534e-04
6.226009999999999704e-04
5.783529999999999834e-04
6.115390000000000279e-04
6.281319999999999959e-04
6.281319999999999959e-04
5.672909999999999325e-04
5.783529999999999834e-04
5.783529999999999834e-04
6.170700000000000534e-04
5.894150000000000344e-04
6.060080000000000024e-04
6.060080000000000024e-04
6.170700000000000534e-04
6.170700000000000534e-04
1.016960000000000102e-04
6.170700000000000534e-04
6.004769999999999769e-04
6.170700000000000534e-04
5.894150000000000344e-04
5.949459999999999514e-04
6.060080000000000024e-04
6.170700000000000534e-04
5.894150000000000344e-04
6.115390000000000279e-04
6.060080000000000024e-04
5.949459999999999514e-04
5.396360000000000219e-04
6.060080000000000024e-04
4.898570000000000094e-04
6.115390000000000279e-04
6.115390000000000279e-04
5.838840000000000089e-04
6.115390000000000279e-04
6.060080000000000024e-04
5.838840000000000089e-04
5.949459999999999514e-04
5.617600000000000154e-04
5.894150000000000344e-04
6.004769999999999769e-04
6.004769999999999769e-04
6.004769999999999769e-04
6.004769999999999769e-04
5.949459999999999514e-04
6.004769999999999769e-04
5.339999999999999695e-04
5.949459999999999514e-04
5.230000000000000274e-04
5.838840000000000089e-04
6.004769999999999769e-04
5.838840000000000089e-04
5.562289999999999899e-04
5.783529999999999834e-04
5.838840000000000089e-04
1.016989999999999897e-04
5.180000000000000143e-04
5.396360000000000219e-04
5.949459999999999514e-04
5.838840000000000089e-04
5.949459999999999514e-04
5.949459999999999514e-04
5.783529999999999834e-04
5.894150000000000344e-04
5.894150000000000344e-04
5.617600000000000154e-04
5.672909999999999325e-04
5.617600000000000154e-04
5.783529999999999834e-04
5.894150000000000344e-04
5.783529999999999834e-04
5.617600000000000154e-04
5.838840000000000089e-04
5.783529999999999834e-04
5.894150000000000344e-04
5.894150000000000344e-04
5.838840000000000089e-04
5.894150000000000344e-04
5.119999999999999768e-04
5.728219999999999579e-04
5.894150000000000344e-04
5.838840000000000089e-04
5.894150000000000344e-04
5.894150000000000344e-04
5.894150000000000344e-04
5.894150000000000344e-04
5.783529999999999834e-04
5.838840000000000089e-04
5.562289999999999899e-04
5.838840000000000089e-04
5.783529999999999834e-04
5.728219999999999579e-04
5.838840000000000089e-04
5.838840000000000089e-04
5.783529999999999834e-04
1.016989999999999897e-04
5.838840000000000089e-04
5.672909999999999325e-04
5.562289999999999899e-04
5.783529999999999834e-04
5.783529999999999834e-04
5.562289999999999899e-04
5.672909999999999325e-04
5.783529999999999834e-04
5.783529999999999834e-04
1.017000000000000190e-04
5.562289999999999899e-04
5.783529999999999834e-04
5.783529999999999834e-04
5.672909999999999325e-04
5.728219999999999579e-04
5.783529999999999834e-04
5.783529999999999834e-04
1.017010000000000076e-04
5.783529999999999834e-04
5.728219999999999579e-04
5.728219999999999579e-04
5.617600000000000154e-04
5.783529999999999834e-04
5.783529999999999834e-04
5.783529999999999834e-04
5.672909999999999325e-04
5.728219999999999579e-04
5.728219999999999579e-04
5.728219999999999579e-04
5.728219999999999579e-04
5.672909999999999325e-04
5.617600000000000154e-04
5.728219999999999579e-04
5.728219999999999579e-04
5.728219999999999579e-04
5.728219999999999579e-04
5.672909999999999325e-04
5.617600000000000154e-04
5.672909999999999325e-04
5.672909999999999325e-04
5.672909999999999325e-04
5.672909999999999325e-04
5.672909999999999325e-04
5.617600000000000154e-04
5.451669999999999390e-04
5.396360000000000219e-04
5.672909999999999325e-04
5.451669999999999390e-04
5.562289999999999899e-04
5.672909999999999325e-04
5.672909999999999325e-04
5.672909999999999325e-04
5.672909999999999325e-04
5.672909999999999325e-04
5.672909999999999325e-04
5.617600000000000154e-04
5.562289999999999899e-04
5.506980000000000729e-04
5.451669999999999390e-04
5.617600000000000154e-04
5.617600000000000154e-04
5.506980000000000729e-04
5.617600000000000154e-04
5.289999999999999564e-04
5.617600000000000154e-04
5.617600000000000154e-04
5.506980000000000729e-04
5.617600000000000154e-04
5.119999999999999768e-04
5.617600000000000154e-04
5.562289999999999899e-04
5.451669999999999390e-04
5.451669999999999390e-04
5.289999999999999564e-04
5.451669999999999390e-04
5.339999999999999695e-04
5.562289999999999899e-04
5.562289999999999899e-04
5.562289999999999899e-04
5.562289999999999899e-04
5.562289999999999899e-04
5.451669999999999390e-04
4.898570000000000094e-04
5.562289999999999899e-04
5.339999999999999695e-04
5.396360000000000219e-04
5.562289999999999899e-04
5.230000000000000274e-04
5.562289999999999899e-04
5.396360000000000219e-04
5.009999999999999263e-04
5.562289999999999899e-04
5.396360000000000219e-04
5.451669999999999390e-04
5.562289999999999899e-04
5.451669999999999390e-04
5.451669999999999390e-04
5.506980000000000729e-04
5.451669999999999390e-04
5.451669999999999390e-04
5.506980000000000729e-04
5.451669999999999390e-04
5.451669999999999390e-04
5.506980000000000729e-04
5.396360000000000219e-04
5.506980000000000729e-04
5.506980000000000729e-04
5.506980000000000729e-04
5.506980000000000729e-04
5.506980000000000729e-04
5.451669999999999390e-04
5.451669999999999390e-04
5.506980000000000729e-04
5.451669999999999390e-04
5.009999999999999263e-04
5.451669999999999390e-04
5.451669999999999390e-04
5.451669999999999390e-04
5.396360000000000219e-04
5.396360000000000219e-04
5.451669999999999390e-04
1.017020000000000098e-04
5.451669999999999390e-04
5.396360000000000219e-04
5.451669999999999390e-04
5.451669999999999390e-04
5.230000000000000274e-04
5.451669999999999390e-04
5.396360000000000219e-04
5.451669999999999390e-04
5.339999999999999695e-04
5.451669999999999390e-04
5.396360000000000219e-04
5.451669999999999390e-04
5.339999999999999695e-04
5.451669999999999390e-04
5.451669999999999390e-04
5.339999999999999695e-04
5.451669999999999390e-04
4.898570000000000094e-04
5.451669999999999390e-04
5.396360000000000219e-04
4.848790999999999865e-03
5.451669999999999390e-04
5.396360000000000219e-04
5.396360000000000219e-04
5.396360000000000219e-04
5.339999999999999695e-04
5.451669999999999390e-04
5.339999999999999695e-04
5.339999999999999695e-04
5.396360000000000219e-04
5.339999999999999695e-04
5.396360000000000219e-04
5.289999999999999564e-04
5.339999999999999695e-04
5.396360000000000219e-04
5.396360000000000219e-04
5.396360000000000219e-04
5.396360000000000219e-04
5.396360000000000219e-04
5.289999999999999564e-04
1.019999999999999992e-04
5.396360000000000219e-04
5.339999999999999695e-04
5.339999999999999695e-04
5.339999999999999695e-04
5.119999999999999768e-04
5.230000000000000274e-04
5.339999999999999695e-04
5.289999999999999564e-04
5.339999999999999695e-04
5.230000000000000274e-04
5.339999999999999695e-04
5.339999999999999695e-04
5.230000000000000274e-04
5.230000000000000274e-04
5.339999999999999695e-04
1.019999999999999992e-04
5.230000000000000274e-04
5.289999999999999564e-04
1.019999999999999992e-04
5.119999999999999768e-04
5.289999999999999564e-04
5.339999999999999695e-04
5.339999999999999695e-04
5.339999999999999695e-04
5.339999999999999695e-04
5.180000000000000143e-04
5.230000000000000274e-04
5.339999999999999695e-04
5.230000000000000274e-04
5.230000000000000274e-04
4.898570000000000094e-04
5.339999999999999695e-04
5.339999999999999695e-04
5.339999999999999695e-04
5.289999999999999564e-04
5.339999999999999695e-04
5.339999999999999695e-04
5.289999999999999564e-04
5.339999999999999695e-04
4.898570000000000094e-04
5.289999999999999564e-04
5.289999999999999564e-04
5.339999999999999695e-04
5.230000000000000274e-04
5.339999999999999695e-04
5.339999999999999695e-04
5.339999999999999695e-04
5.339999999999999695e-04
5.339999999999999695e-04
5.339999999999999695e-04
5.339999999999999695e-04
5.339999999999999695e-04
5.339999999999999695e-04
5.339999999999999695e-04
5.339999999999999695e-04
5.339999999999999695e-04
5.289999999999999564e-04
5.119999999999999768e-04
5.230000000000000274e-04
5.230000000000000274e-04
5.289999999999999564e-04
5.289999999999999564e-04
5.289999999999999564e-04
5.180000000000000143e-04
5.289999999999999564e-04
5.289999999999999564e-04
5.230000000000000274e-04
5.180000000000000143e-04
5.289999999999999564e-04
5.289999999999999564e-04
5.289999999999999564e-04
5.289999999999999564e-04
5.230000000000000274e-04
5.289999999999999564e-04
5.289999999999999564e-04
5.230000000000000274e-04
5.230000000000000274e-04
5.230000000000000274e-04
5.230000000000000274e-04
5.230000000000000274e-04
5.230000000000000274e-04
5.230000000000000274e-04
5.230000000000000274e-04
5.230000000000000274e-04
5.230000000000000274e-04
5.230000000000000274e-04
5.230000000000000274e-04
5.230000000000000274e-04
5.230000000000000274e-04
5.230000000000000274e-04
5.230000000000000274e-04
5.230000000000000274e-04
5.230000000000000274e-04
5.009999999999999263e-04
5.180000000000000143e-04
5.230000000000000274e-04
5.230000000000000274e-04
5.230000000000000274e-04
5.180000000000000143e-04
5.180000000000000143e-04
5.119999999999999768e-04
5.230000000000000274e-04
5.180000000000000143e-04
5.180000000000000143e-04
5.059999999999999394e-04
5.230000000000000274e-04
5.230000000000000274e-04
5.230000000000000274e-04
5.230000000000000274e-04
5.230000000000000274e-04
5.230000000000000274e-04
5.230000000000000274e-04
1.019999999999999992e-04
5.230000000000000274e-04
5.180000000000000143e-04
5.230000000000000274e-04
5.230000000000000274e-04
5.230000000000000274e-04
5.009999999999999263e-04
5.119999999999999768e-04
5.119999999999999768e-04
5.230000000000000274e-04
5.230000000000000274e-04
5.230000000000000274e-04
4.898570000000000094e-04
5.230000000000000274e-04
5.230000000000000274e-04
5.230000000000000274e-04
4.898570000000000094e-04
5.230000000000000274e-04
5.119999999999999768e-04
5.180000000000000143e-04
5.230000000000000274e-04
5.230000000000000274e-04
5.230000000000000274e-04
5.230000000000000274e-04
5.230000000000000274e-04
5.230000000000000274e-04
5.230000000000000274e-04
5.230000000000000274e-04
5.230000000000000274e-04
5.119999999999999768e-04
5.230000000000000274e-04
4.949999999999999973e-04
4.898570000000000094e-04
5.180000000000000143e-04
5.180000000000000143e-04
5.119999999999999768e-04
5.180000000000000143e-04
5.180000000000000143e-04
5.180000000000000143e-04
5.180000000000000143e-04
5.180000000000000143e-04
5.180000000000000143e-04
5.180000000000000143e-04
5.180000000000000143e-04
5.119999999999999768e-04
5.180000000000000143e-04
