3.391074574280680820e-02
2.340640699419325316e-02
2.259085274352450046e-02
1.435375481177007979e-03
5.317413714360279264e-03
1.419064396163632891e-02
7.666209956286292124e-04
1.784432700463234669e-02
1.596855222809421410e-02
1.547921967769295970e-02
1.560970835779996145e-02
1.223331376003131653e-02
1.427219938670320348e-02
1.631108501337509006e-05
7.796698636393292574e-03
1.123833757421543664e-02
3.800482808116395841e-03
6.149279050042409135e-03
1.061851634370718396e-02
1.092842695896130943e-02
9.949761858158804109e-03
8.889541332289424211e-03
9.541984732824427759e-03
9.476740392770927751e-03
9.281007372610425993e-03
5.284791544333529260e-03
7.747765381353168002e-03
8.873230247276049643e-03
9.183140862530175114e-03
8.269720101781169799e-03
8.155542506687544352e-03
6.426567495269785470e-03
6.361323155216284594e-03
5.415280224440530144e-03
7.731454296339792566e-03
7.633587786259541687e-03
4.534481633718274833e-03
7.356299341032165352e-03
1.141775950936256236e-04
7.372610426045540788e-03
7.568343446206041679e-03
7.079010895804789018e-03
5.969857114895282812e-03
7.062699810791413582e-03
1.631108501337509006e-05
5.855679519801657365e-03
3.930971488223396725e-03
5.154302864226528377e-03
6.638611600443661796e-03
6.132967965029033700e-03
6.116656880015658264e-03
6.035101454948782820e-03
5.986168199908658248e-03
4.681281398838651152e-03
5.676257584654531042e-03
5.725190839694656482e-03
5.659946499641156474e-03
2.789195537287140515e-03
2.381418411952763298e-03
8.807985907222548767e-04
5.284791544333529260e-03
4.469237293664774825e-03
5.105369609186402938e-03
9.297318457623800995e-04
4.844392248972402039e-03
4.355059698571149378e-03
9.949761858158805410e-04
4.387681868597899382e-03
4.828081163959026603e-03
4.713903568865401156e-03
4.616037058785150277e-03
4.355059698571149378e-03
1.174398120963006430e-03
2.984928557447641406e-03
1.761597181444509753e-03
4.273504273504273934e-03
4.126704508383897615e-03
4.175637763424023055e-03
2.316174071899262856e-03
1.190709205976381649e-03
2.935995302407515967e-03
3.262217002675018012e-05
2.528218177073138749e-03
3.849416063156521281e-03
1.500619821230508204e-03
3.914660403210021289e-03
3.898349318196646287e-03
9.786651008025054035e-05
3.262217002675018012e-05
3.702616298036145396e-03
3.686305213022770394e-03
3.686305213022770394e-03
1.027598355842630545e-03
3.621060872969269952e-03
3.490572192862269069e-03
1.304886801070007096e-03
3.311150257715143180e-03
3.474261107848894067e-03
3.539505447902394509e-03
3.082795067527891852e-03
3.523194362889019507e-03
3.278528087688393176e-03
3.262217002675017741e-03
3.115417237554642289e-03
2.560840347099889187e-03
3.066483982514516850e-03
3.017550727474391410e-03
3.066483982514516850e-03
1.631108501337509006e-05
1.892085861551510420e-03
2.935995302407515967e-03
9.949761858158805410e-04
2.870750962354015959e-03
1.353820056110132536e-03
2.104129966725386530e-03
2.805506622300515517e-03
2.838128792327265521e-03
2.756573367260390078e-03
2.577151432113264189e-03
2.593462517126639191e-03
4.893325504012527018e-05
2.593462517126639191e-03
1.631108501337509006e-05
1.631108501337509006e-05
1.631108501337509006e-05
1.892085861551510420e-03
2.593462517126639191e-03
2.593462517126639191e-03
1.941019116591635642e-03
1.941019116591635642e-03
2.381418411952763298e-03
2.397729496966138300e-03
2.234618646832387413e-03
2.201996476805636975e-03
2.348796241926012860e-03
2.316174071899262856e-03
2.299862986885887854e-03
2.299862986885887854e-03
2.087818881712011528e-03
9.623540157891303203e-04
2.348796241926012860e-03
2.185685391792261973e-03
2.136752136752136967e-03
3.914660403210021614e-04
2.153063221765511969e-03
2.218307561819012411e-03
2.120441051738761531e-03
2.038885626671886088e-03
1.092842695896130987e-03
2.071507796698636526e-03
2.006263456645136084e-03
2.038885626671886088e-03
2.038885626671886088e-03
2.153063221765511969e-03
1.631108501337509006e-05
1.957330201605010644e-03
2.022574541658511086e-03
2.006263456645136084e-03
6.361323155216285462e-04
1.631108501337509006e-05
1.402753311150257759e-03
1.631108501337509006e-05
1.892085861551510420e-03
1.892085861551510420e-03
1.631108501337509006e-05
1.859463691524760199e-03
1.777908266457884755e-03
1.892085861551510420e-03
5.545768904547531027e-04
8.644875057088797663e-04
1.663730671364259091e-03
1.810530436484634976e-03
1.761597181444509753e-03
8.807985907222548767e-04
2.609773602140014409e-04
1.712663926404384314e-03
1.696352841391009312e-03
1.663730671364259091e-03
1.647419586350884089e-03
1.647419586350884089e-03
1.663730671364259091e-03
1.370131141123507538e-03
1.598486331310758866e-03
1.614797416324133868e-03
1.647419586350884089e-03
1.533241991257258425e-03
1.565864161284008646e-03
1.011287270829255543e-03
1.582175246297383648e-03
1.500619821230508204e-03
1.500619821230508204e-03
1.549553076270633427e-03
1.516930906243883423e-03
1.533241991257258425e-03
1.435375481177007979e-03
4.893325504012527018e-05
1.451686566190382981e-03
7.013766555751288793e-04
1.043909440856005764e-03
1.353820056110132536e-03
1.451686566190382981e-03
9.297318457623800995e-04
1.402753311150257759e-03
9.460429307757552099e-04
1.304886801070007096e-03
1.631108501337509006e-05
1.386442226136882540e-03
1.386442226136882540e-03
1.321197886083382315e-03
1.337508971096757317e-03
1.304886801070007096e-03
1.255953546029881874e-03
1.631108501337509006e-05
1.207020290989756651e-03
1.321197886083382315e-03
1.304886801070007096e-03
1.631108501337509006e-05
1.190709205976381649e-03
1.190709205976381649e-03
1.321197886083382315e-03
1.207020290989756651e-03
1.255953546029881874e-03
1.141775950936256209e-03
1.304886801070007096e-03
1.272264631043257092e-03
1.631108501337509006e-05
1.304886801070007096e-03
1.043909440856005764e-03
1.125464865922881207e-03
1.109153780909506205e-03
1.223331376003131653e-03
1.109153780909506205e-03
7.503099106152541021e-04
3.914660403210021614e-04
1.043909440856005764e-03
1.109153780909506205e-03
5.382658054413779923e-04
1.011287270829255543e-03
8.971096757356299871e-04
1.060220525869380766e-03
1.631108501337509006e-05
1.631108501337509006e-05
8.807985907222548767e-04
9.623540157891303203e-04
8.971096757356299871e-04
1.027598355842630545e-03
1.060220525869380766e-03
1.043909440856005764e-03
1.043909440856005764e-03
9.460429307757552099e-04
1.304886801070007205e-04
9.786651008025053222e-04
1.027598355842630545e-03
9.786651008025053222e-04
9.134207607490049891e-04
9.786651008025053222e-04
8.807985907222548767e-04
3.262217002675018012e-05
8.971096757356299871e-04
9.297318457623800995e-04
1.011287270829255543e-03
9.623540157891303203e-04
9.297318457623800995e-04
9.297318457623800995e-04
7.992431656553794332e-04
8.971096757356299871e-04
1.631108501337509006e-05
8.807985907222548767e-04
9.297318457623800995e-04
1.631108501337509006e-05
1.141775950936256236e-04
8.807985907222548767e-04
9.134207607490049891e-04
8.155542506687544352e-05
3.425327852808768845e-04
7.339988256018789917e-04
9.297318457623800995e-04
8.644875057088797663e-04
7.829320806420043228e-04
8.481764206955046560e-04
8.807985907222548767e-04
7.992431656553794332e-04
8.807985907222548767e-04
1.631108501337509006e-05
8.318653356821295456e-04
7.666209956286292124e-04
7.829320806420043228e-04
2.446662752006263306e-04
8.155542506687544352e-04
7.666209956286292124e-04
7.992431656553794332e-04
1.957330201605010807e-04
7.666209956286292124e-04
7.339988256018789917e-04
1.631108501337509006e-05
1.631108501337509006e-05
1.631108501337509006e-05
7.503099106152541021e-04
7.829320806420043228e-04
1.631108501337509006e-05
7.503099106152541021e-04
7.666209956286292124e-04
6.687544855483786585e-04
1.631108501337509006e-05
4.893325504012527018e-05
7.013766555751288793e-04
5.708879754681281046e-04
7.176877405885039897e-04
6.361323155216285462e-04
7.339988256018789917e-04
7.339988256018789917e-04
7.339988256018789917e-04
1.141775950936256236e-04
6.687544855483786585e-04
1.304886801070007205e-04
1.794219351471259974e-04
6.198212305082534358e-04
6.361323155216285462e-04
6.687544855483786585e-04
6.361323155216285462e-04
6.850655705617537689e-04
1.304886801070007205e-04
6.361323155216285462e-04
1.304886801070007205e-04
6.198212305082534358e-04
4.893325504012527018e-05
6.850655705617537689e-04
1.631108501337509006e-05
8.155542506687544352e-05
6.687544855483786585e-04
4.403992953611274384e-04
6.850655705617537689e-04
6.687544855483786585e-04
6.687544855483786585e-04
6.361323155216285462e-04
1.631108501337509006e-05
1.467997651203758038e-04
5.871990604815032150e-04
5.708879754681281046e-04
6.198212305082534358e-04
6.198212305082534358e-04
9.786651008025054035e-05
6.035101454948783254e-04
6.524434005350035481e-04
5.871990604815032150e-04
5.545768904547531027e-04
6.524434005350036024e-05
1.631108501337509006e-05
5.219547204280028819e-04
5.871990604815032150e-04
1.631108501337509006e-05
6.198212305082534358e-04
5.545768904547531027e-04
5.871990604815032150e-04
5.382658054413779923e-04
5.708879754681281046e-04
1.141775950936256236e-04
6.035101454948783254e-04
5.871990604815032150e-04
1.631108501337509006e-05
4.893325504012527018e-05
4.730214653878776049e-04
4.077771253343772176e-04
4.893325504012526611e-04
5.545768904547531027e-04
5.382658054413779923e-04
5.382658054413779923e-04
5.871990604815032150e-04
6.524434005350036024e-05
5.382658054413779923e-04
1.631108501337509006e-05
5.382658054413779923e-04
1.631108501337509006e-05
1.631108501337509006e-05
1.631108501337509006e-05
4.893325504012526611e-04
1.631108501337509006e-05
1.631108501337509006e-05
1.631108501337509006e-05
5.545768904547531027e-04
1.631108501337509006e-05
5.382658054413779923e-04
5.219547204280028819e-04
5.219547204280028819e-04
4.730214653878776049e-04
4.567103803745024945e-04
5.219547204280028819e-04
5.056436354146277715e-04
4.077771253343772176e-04
4.893325504012526611e-04
5.056436354146277715e-04
5.056436354146277715e-04
5.056436354146277715e-04
5.382658054413779923e-04
5.219547204280028819e-04
5.056436354146277715e-04
5.219547204280028819e-04
5.056436354146277715e-04
5.056436354146277715e-04
1.631108501337509006e-05
1.631108501337509006e-05
5.056436354146277715e-04
1.631108501337509006e-05
4.893325504012526611e-04
4.730214653878776049e-04
5.219547204280028819e-04
5.056436354146277715e-04
4.240882103477523280e-04
4.240882103477523280e-04
4.730214653878776049e-04
4.893325504012526611e-04
4.403992953611274384e-04
4.403992953611274384e-04
4.403992953611274384e-04
1.631108501337509006e-05
1.141775950936256236e-04
4.403992953611274384e-04
4.403992953611274384e-04
1.631108501337509006e-05
4.730214653878776049e-04
4.403992953611274384e-04
4.077771253343772176e-04
3.914660403210021614e-04
1.957330201605010807e-04
3.751549553076270510e-04
4.730214653878776049e-04
4.730214653878776049e-04
6.524434005350036024e-05
3.914660403210021614e-04
4.240882103477523280e-04
4.403992953611274384e-04
4.240882103477523280e-04
4.240882103477523280e-04
3.751549553076270510e-04
4.077771253343772176e-04
3.751549553076270510e-04
4.240882103477523280e-04
4.077771253343772176e-04
3.588438702942519948e-04
3.588438702942519948e-04
4.240882103477523280e-04
3.588438702942519948e-04
3.425327852808768845e-04
3.751549553076270510e-04
3.588438702942519948e-04
1.631108501337509006e-05
1.631108501337509006e-05
3.588438702942519948e-04
3.262217002675017741e-04
1.631108501337509006e-05
1.631108501337509006e-05
1.631108501337509006e-05
3.751549553076270510e-04
3.751549553076270510e-04
1.957330201605010807e-04
3.751549553076270510e-04
1.304886801070007205e-04
3.914660403210021614e-04
4.077771253343772176e-04
3.914660403210021614e-04
3.588438702942519948e-04
3.751549553076270510e-04
1.631108501337509006e-05
1.631108501337509006e-05
1.631108501337509006e-05
3.588438702942519948e-04
3.914660403210021614e-04
1.631108501337509006e-05
3.914660403210021614e-04
3.588438702942519948e-04
3.588438702942519948e-04
2.283551901872512473e-04
3.751549553076270510e-04
3.262217002675017741e-04
3.425327852808768845e-04
3.425327852808768845e-04
2.283551901872512473e-04
2.609773602140014409e-04
2.935995302407516075e-04
3.588438702942519948e-04
3.099106152541267179e-04
1.631108501337509006e-05
3.099106152541267179e-04
3.425327852808768845e-04
3.588438702942519948e-04
3.588438702942519948e-04
3.099106152541267179e-04
1.304886801070007205e-04
2.935995302407516075e-04
3.262217002675017741e-04
1.631108501337509006e-05
1.631108501337509006e-05
3.425327852808768845e-04
3.262217002675017741e-04
3.099106152541267179e-04
3.262217002675017741e-04
3.262217002675017741e-04
3.262217002675017741e-04
3.099106152541267179e-04
2.283551901872512473e-04
3.099106152541267179e-04
2.772884452273765513e-04
2.935995302407516075e-04
2.772884452273765513e-04
1.631108501337509006e-05
2.772884452273765513e-04
3.099106152541267179e-04
2.772884452273765513e-04
2.935995302407516075e-04
2.935995302407516075e-04
2.935995302407516075e-04
2.772884452273765513e-04
2.609773602140014409e-04
2.772884452273765513e-04
3.099106152541267179e-04
3.099106152541267179e-04
2.446662752006263306e-04
2.935995302407516075e-04
3.099106152541267179e-04
2.772884452273765513e-04
2.935995302407516075e-04
2.772884452273765513e-04
2.609773602140014409e-04
2.609773602140014409e-04
2.772884452273765513e-04
1.631108501337509006e-05
2.446662752006263306e-04
2.772884452273765513e-04
2.772884452273765513e-04
2.446662752006263306e-04
2.609773602140014409e-04
2.120441051738761640e-04
2.935995302407516075e-04
2.772884452273765513e-04
2.609773602140014409e-04
2.120441051738761640e-04
2.609773602140014409e-04
2.609773602140014409e-04
2.120441051738761640e-04
2.609773602140014409e-04
2.283551901872512473e-04
1.141775950936256236e-04
2.609773602140014409e-04
2.120441051738761640e-04
2.772884452273765513e-04
2.283551901872512473e-04
2.772884452273765513e-04
9.786651008025054035e-05
2.283551901872512473e-04
2.772884452273765513e-04
2.609773602140014409e-04
1.631108501337508870e-04
2.446662752006263306e-04
2.609773602140014409e-04
2.609773602140014409e-04
2.609773602140014409e-04
2.609773602140014409e-04
2.120441051738761640e-04
2.446662752006263306e-04
2.446662752006263306e-04
2.283551901872512473e-04
2.120441051738761640e-04
2.283551901872512473e-04
2.609773602140014409e-04
2.446662752006263306e-04
2.446662752006263306e-04
2.283551901872512473e-04
2.446662752006263306e-04
1.631108501337509006e-05
2.283551901872512473e-04
2.609773602140014409e-04
2.120441051738761640e-04
6.524434005350036024e-05
2.446662752006263306e-04
2.283551901872512473e-04
2.120441051738761640e-04
2.120441051738761640e-04
1.957330201605010807e-04
1.957330201605010807e-04
2.120441051738761640e-04
2.446662752006263306e-04
1.957330201605010807e-04
2.283551901872512473e-04
2.283551901872512473e-04
2.446662752006263306e-04
2.120441051738761640e-04
2.283551901872512473e-04
2.120441051738761640e-04
2.283551901872512473e-04
1.957330201605010807e-04
2.120441051738761640e-04
1.631108501337509006e-05
2.120441051738761640e-04
1.957330201605010807e-04
2.120441051738761640e-04
9.786651008025054035e-05
2.120441051738761640e-04
1.957330201605010807e-04
2.120441051738761640e-04
2.283551901872512473e-04
1.794219351471259974e-04
2.283551901872512473e-04
1.957330201605010807e-04
2.283551901872512473e-04
1.794219351471259974e-04
1.957330201605010807e-04
1.957330201605010807e-04
1.957330201605010807e-04
1.957330201605010807e-04
2.120441051738761640e-04
1.957330201605010807e-04
2.120441051738761640e-04
2.120441051738761640e-04
1.794219351471259974e-04
1.304886801070007205e-04
2.120441051738761640e-04
1.957330201605010807e-04
1.957330201605010807e-04
1.957330201605010807e-04
2.120441051738761640e-04
4.893325504012527018e-05
1.957330201605010807e-04
1.794219351471259974e-04
2.120441051738761640e-04
2.120441051738761640e-04
1.794219351471259974e-04
1.794219351471259974e-04
1.794219351471259974e-04
1.957330201605010807e-04
1.631108501337508870e-04
1.957330201605010807e-04
1.794219351471259974e-04
1.631108501337509006e-05
1.141775950936256236e-04
1.631108501337508870e-04
1.794219351471259974e-04
1.957330201605010807e-04
1.467997651203758038e-04
1.141775950936256236e-04
1.957330201605010807e-04
1.957330201605010807e-04
1.794219351471259974e-04
1.794219351471259974e-04
1.467997651203758038e-04
1.794219351471259974e-04
1.631108501337508870e-04
1.794219351471259974e-04
1.631108501337509006e-05
1.794219351471259974e-04
1.794219351471259974e-04
1.631108501337509006e-05
1.631108501337509006e-05
1.794219351471259974e-04
4.893325504012527018e-05
1.631108501337508870e-04
1.631108501337509006e-05
1.794219351471259974e-04
1.794219351471259974e-04
1.794219351471259974e-04
1.467997651203758038e-04
1.794219351471259974e-04
1.467997651203758038e-04
1.631108501337508870e-04
1.794219351471259974e-04
1.631108501337509006e-05
1.794219351471259974e-04
1.631108501337509006e-05
1.304886801070007205e-04
1.794219351471259974e-04
1.631108501337509006e-05
1.631108501337509006e-05
1.794219351471259974e-04
1.631108501337508870e-04
1.631108501337509006e-05
1.467997651203758038e-04
1.631108501337508870e-04
1.304886801070007205e-04
1.467997651203758038e-04
1.467997651203758038e-04
1.631108501337508870e-04
1.631108501337508870e-04
1.467997651203758038e-04
1.631108501337508870e-04
1.631108501337508870e-04
1.467997651203758038e-04
1.631108501337508870e-04
1.304886801070007205e-04
1.631108501337508870e-04
1.141775950936256236e-04
1.141775950936256236e-04
1.304886801070007205e-04
1.631108501337509006e-05
1.467997651203758038e-04
1.304886801070007205e-04
1.141775950936256236e-04
1.467997651203758038e-04
1.467997651203758038e-04
1.141775950936256236e-04
9.786651008025054035e-05
1.304886801070007205e-04
1.304886801070007205e-04
1.304886801070007205e-04
1.467997651203758038e-04
1.304886801070007205e-04
1.304886801070007205e-04
1.467997651203758038e-04
1.304886801070007205e-04
1.467997651203758038e-04
1.304886801070007205e-04
1.304886801070007205e-04
1.467997651203758038e-04
1.467997651203758038e-04
1.631108501337509006e-05
1.304886801070007205e-04
1.304886801070007205e-04
1.304886801070007205e-04
1.467997651203758038e-04
1.304886801070007205e-04
1.304886801070007205e-04
8.155542506687544352e-05
1.467997651203758038e-04
1.304886801070007205e-04
1.304886801070007205e-04
1.304886801070007205e-04
1.304886801070007205e-04
1.304886801070007205e-04
1.467997651203758038e-04
1.304886801070007205e-04
1.467997651203758038e-04
1.141775950936256236e-04
1.467997651203758038e-04
1.467997651203758038e-04
1.304886801070007205e-04
1.141775950936256236e-04
4.893325504012527018e-05
1.304886801070007205e-04
3.262217002675018012e-05
1.141775950936256236e-04
1.304886801070007205e-04
9.786651008025054035e-05
1.631108501337509006e-05
1.304886801070007205e-04
1.141775950936256236e-04
8.155542506687544352e-05
1.141775950936256236e-04
1.141775950936256236e-04
9.786651008025054035e-05
1.141775950936256236e-04
1.141775950936256236e-04
1.141775950936256236e-04
9.786651008025054035e-05
9.786651008025054035e-05
1.631108501337509006e-05
1.141775950936256236e-04
1.141775950936256236e-04
1.141775950936256236e-04
9.786651008025054035e-05
1.631108501337509006e-05
1.631108501337509006e-05
8.155542506687544352e-05
1.141775950936256236e-04
1.141775950936256236e-04
1.631108501337509006e-05
9.786651008025054035e-05
9.786651008025054035e-05
9.786651008025054035e-05
1.141775950936256236e-04
1.631108501337509006e-05
9.786651008025054035e-05
1.141775950936256236e-04
1.141775950936256236e-04
1.631108501337509006e-05
9.786651008025054035e-05
8.155542506687544352e-05
1.141775950936256236e-04
1.631108501337509006e-05
1.141775950936256236e-04
9.786651008025054035e-05
1.631108501337509006e-05
1.141775950936256236e-04
1.141775950936256236e-04
9.786651008025054035e-05
9.786651008025054035e-05
8.155542506687544352e-05
4.893325504012527018e-05
1.141775950936256236e-04
1.141775950936256236e-04
8.155542506687544352e-05
1.141775950936256236e-04
1.141775950936256236e-04
9.786651008025054035e-05
1.631108501337509006e-05
1.141775950936256236e-04
8.155542506687544352e-05
1.631108501337509006e-05
1.631108501337509006e-05
1.141775950936256236e-04
1.141775950936256236e-04
1.631108501337509006e-05
9.786651008025054035e-05
9.786651008025054035e-05
1.631108501337509006e-05
9.786651008025054035e-05
1.141775950936256236e-04
1.631108501337509006e-05
1.631108501337509006e-05
8.155542506687544352e-05
1.631108501337509006e-05
1.631108501337509006e-05
3.262217002675018012e-05
1.631108501337509006e-05
9.786651008025054035e-05
9.786651008025054035e-05
8.155542506687544352e-05
9.786651008025054035e-05
9.786651008025054035e-05
1.631108501337509006e-05
1.631108501337509006e-05
1.631108501337509006e-05
1.631108501337509006e-05
1.631108501337509006e-05
1.631108501337509006e-05
9.786651008025054035e-05
1.631108501337509006e-05
1.631108501337509006e-05
1.631108501337509006e-05
8.155542506687544352e-05
8.155542506687544352e-05
1.631108501337509006e-05
9.786651008025054035e-05
9.786651008025054035e-05
9.786651008025054035e-05
1.631108501337509006e-05
1.631108501337509006e-05
1.631108501337509006e-05
9.786651008025054035e-05
8.155542506687544352e-05
9.786651008025054035e-05
1.631108501337509006e-05
1.631108501337509006e-05
8.155542506687544352e-05
1.631108501337509006e-05
1.631108501337509006e-05
8.155542506687544352e-05
9.786651008025054035e-05
8.155542506687544352e-05
6.524434005350036024e-05
6.524434005350036024e-05
6.524434005350036024e-05
6.524434005350036024e-05
8.155542506687544352e-05
8.155542506687544352e-05
8.155542506687544352e-05
8.155542506687544352e-05
6.524434005350036024e-05
1.631108501337509006e-05
8.155542506687544352e-05
6.524434005350036024e-05
8.155542506687544352e-05
8.155542506687544352e-05
8.155542506687544352e-05
6.524434005350036024e-05
8.155542506687544352e-05
6.524434005350036024e-05
6.524434005350036024e-05
6.524434005350036024e-05
8.155542506687544352e-05
6.524434005350036024e-05
1.631108501337509006e-05
8.155542506687544352e-05
6.524434005350036024e-05
8.155542506687544352e-05
8.155542506687544352e-05
8.155542506687544352e-05
8.155542506687544352e-05
8.155542506687544352e-05
8.155542506687544352e-05
8.155542506687544352e-05
8.155542506687544352e-05
6.524434005350036024e-05
6.524434005350036024e-05
8.155542506687544352e-05
8.155542506687544352e-05
8.155542506687544352e-05
4.893325504012527018e-05
8.155542506687544352e-05
8.155542506687544352e-05
6.524434005350036024e-05
8.155542506687544352e-05
4.893325504012527018e-05
6.524434005350036024e-05
8.155542506687544352e-05
8.155542506687544352e-05
6.524434005350036024e-05
4.893325504012527018e-05
4.893325504012527018e-05
8.155542506687544352e-05
1.631108501337509006e-05
8.155542506687544352e-05
8.155542506687544352e-05
