0 3 1
0 38 1
0 316 1
1 174 1
2 81 1
2 88 1
3 10 1
3 19 1
3 28 1
3 36 1
3 403 1
4 5 1
4 33 1
4 38 1
4 87 1
4 111 1
4 123 1
4 373 1
5 46 1
5 129 1
5 346 1
7 351 1
7 738 1
8 93 4
8 361 1
9 4 1
9 113 2
9 143 1
9 153 1
9 668 1
10 11 1
10 14 1
11 14 1
11 26 1
11 28 1
11 35 1
11 39 1
11 49 1
11 110 1
11 113 2
11 314 1
11 668 1
12 14 1
12 26 1
12 28 1
12 35 1
12 39 1
12 49 1
12 110 1
12 202 1
13 10 1
13 14 1
13 19 1
13 26 1
13 39 1
13 49 1
13 110 1
13 113 2
13 306 1
14 0 1
14 11 2
14 24 1
14 39 1
14 52 1
14 55 1
14 56 1
14 113 4
14 160 1
14 265 1
14 296 1
14 356 1
14 872 1
15 0 1
15 7 1
15 39 1
15 53 1
15 55 1
15 110 1
15 113 4
15 115 1
15 179 1
15 187 1
15 236 1
15 244 1
15 295 1
15 475 1
15 660 1
16 0 1
16 39 1
16 67 1
16 98 1
16 110 1
16 113 4
16 119 1
16 140 1
16 227 1
16 660 1
17 39 1
17 52 1
17 56 1
17 110 1
17 113 4
17 155 1
17 660 1
17 716 1
18 62 1
18 113 4
18 230 1
18 388 1
18 428 1
18 487 1
18 589 1
18 660 1
19 0 1
19 33 1
19 98 1
19 101 1
19 113 4
19 155 1
19 176 1
19 227 1
19 396 1
19 660 1
20 45 1
20 52 1
20 56 1
20 113 4
20 168 1
20 660 1
20 741 1
21 10 1
21 19 1
21 28 1
21 35 1
21 36 1
21 660 1
22 50 2
22 52 1
22 53 1
22 56 1
22 66 1
22 148 1
22 195 1
22 200 1
22 203 1
22 241 1
22 253 1
22 383 1
22 542 4
23 10 1
23 66 1
23 200 1
23 216 1
23 241 1
23 253 1
23 416 1
23 439 1
23 542 4
25 1 1
25 148 1
26 1 2
26 9 1
26 15 2
26 20 1
26 21 1
26 37 1
26 41 2
26 47 1
26 113 2
26 133 1
26 165 1
26 204 1
26 575 1
27 0 1
27 1 3
27 15 1
27 18 1
27 21 1
27 37 1
27 43 1
27 80 1
27 113 2
27 341 1
28 1 2
28 18 1
28 21 1
28 37 1
28 43 1
28 67 1
28 80 1
28 113 2
28 221 1
28 228 1
28 341 1
29 0 1
29 1 3
29 9 1
29 18 1
29 21 1
29 24 1
29 37 1
29 43 1
29 80 1
29 113 2
29 221 1
29 227 1
29 228 1
30 0 2
30 1 2
30 24 1
30 29 1
30 39 1
30 47 1
30 67 1
30 77 1
30 100 1
30 113 4
30 222 1
30 311 1
30 395 1
30 397 1
32 17 1
33 10 1
33 89 1
33 113 3
33 134 2
33 442 1
33 668 1
34 22 1
34 41 1
34 113 3
34 134 2
34 659 1
34 668 1
35 15 2
35 22 1
35 41 1
35 47 2
35 90 1
35 113 3
35 668 1
36 0 1
36 20 1
36 24 1
36 33 1
36 61 2
36 83 1
36 106 1
36 113 4
36 138 1
36 142 1
36 146 1
37 22 1
37 33 1
37 41 1
37 48 1
37 61 2
37 83 1
37 106 1
37 113 4
37 132 1
37 134 1
38 10 1
38 22 1
38 24 1
38 34 1
38 41 1
38 101 1
38 113 4
38 120 1
38 126 1
38 141 1
38 144 1
38 308 4
39 22 1
39 24 1
39 27 2
39 41 1
39 52 1
39 56 1
39 68 1
39 113 4
39 120 1
39 130 1
39 141 1
39 144 1
39 215 1
39 308 4
40 27 1
40 52 1
40 56 1
40 113 4
40 120 1
40 129 1
40 141 1
40 144 1
40 151 1
40 308 4
41 10 1
41 34 1
41 54 1
41 83 1
41 100 1
41 101 1
41 103 2
41 113 4
41 173 1
41 180 1
41 358 1
41 382 1
41 668 1
42 22 1
42 29 1
42 30 1
42 41 1
42 45 2
42 103 1
42 113 3
42 129 1
42 668 1
43 20 1
43 24 1
43 48 1
43 61 1
43 90 1
43 113 4
43 138 1
43 142 2
43 146 2
43 369 1
44 2 2
44 24 1
44 35 2
44 116 1
44 118 1
44 171 1
44 403 1
45 2 3
45 23 1
45 25 2
45 35 1
45 189 1
45 307 1
46 2 2
46 5 1
46 9 1
46 12 1
46 41 1
46 54 1
46 70 1
46 113 4
46 138 1
46 157 1
46 178 1
47 5 1
47 8 1
47 23 1
47 24 1
47 39 1
47 48 1
47 51 1
47 118 1
47 219 1
48 2 2
48 12 1
48 20 1
48 41 1
48 67 2
48 102 1
48 363 2
48 715 1
49 8 1
49 23 1
49 70 1
49 74 1
49 79 1
49 113 2
49 116 1
49 138 1
49 199 1
49 234 1
49 313 1
49 539 1
50 2 1
50 9 1
50 51 1
50 76 1
50 79 1
50 116 1
50 171 1
50 199 1
50 243 1
53 71 1
53 241 6
54 71 1
54 241 6
55 23 1
55 54 1
55 55 1
55 70 1
55 102 1
55 119 1
55 170 1
55 231 1
55 234 1
55 254 4
55 257 1
56 12 1
56 23 1
56 39 1
56 60 3
56 149 1
56 186 1
56 208 1
56 241 4
56 250 1
56 252 1
57 12 1
57 20 1
57 39 1
57 41 1
57 54 1
57 60 2
57 75 1
57 132 1
57 149 1
57 241 4
57 249 1
59 233 1
59 287 1
60 11 1
60 99 1
60 169 2
60 326 1
60 359 1
60 378 1
61 128 1
61 169 1
62 0 1
62 1 2
62 15 1
62 20 1
62 21 1
62 65 1
62 67 1
62 80 2
62 104 1
62 274 1
62 341 1
63 209 1
63 312 1
63 347 1
63 375 1
64 45 1
64 61 1
64 160 1
64 185 1
64 321 1
65 8 1
65 200 1
65 381 1
66 14 1
66 73 1
66 93 2
66 235 1
66 333 1
66 370 1
