3.447029302938799805e-02
2.477352953685195425e-02
2.273210564368647116e-02
1.826649087738697885e-02
1.635265597754433781e-02
1.624633181644196886e-02
1.482158805767022462e-02
1.469399906434738258e-02
1.411984859439458992e-02
1.290775315782758531e-02
1.118530174796920906e-02
1.141921490239442005e-02
9.569174499213201762e-03
9.696763492536043805e-03
9.973206311402202720e-03
9.441585505890357985e-03
9.590439331433674858e-03
9.080083358142304953e-03
9.058818525921830123e-03
8.442138391528091271e-03
8.420873559307616441e-03
7.570280270488665732e-03
7.867987921575298610e-03
7.697869263811508642e-03
7.974312082677667557e-03
7.634074767150086753e-03
7.485220941606770748e-03
7.889252753795771705e-03
7.102453961638242885e-03
7.506485773827244710e-03
7.591545102709139695e-03
6.570833156126398150e-03
7.102453961638242885e-03
6.379449666142134219e-03
6.230595840598817346e-03
6.379449666142134219e-03
6.188066176157870288e-03
6.443244162803555240e-03
6.294390337260239235e-03
6.124271679496448399e-03
5.677710202866499516e-03
6.081742015055501341e-03
5.847828860630289484e-03
5.358737719559392675e-03
5.869093692850763447e-03
5.613915706205077627e-03
5.613915706205077627e-03
5.316208055118444749e-03
5.103559732913707722e-03
5.337472887338918712e-03
5.146089397354654781e-03
4.742057585165652955e-03
5.124824565134180818e-03
4.827116914047547939e-03
4.720792752945178992e-03
4.827116914047547939e-03
4.763322417386126918e-03
4.678263088504231934e-03
4.146642282992387199e-03
4.465614766299494040e-03
4.380555437417599056e-03
4.508144430740441098e-03
3.912729128567175342e-03
3.933993960787649305e-03
3.955258793008123268e-03
3.806404967464806829e-03
3.848934631905754321e-03
3.976523625228597231e-03
3.891464296346701813e-03
3.678815974141963919e-03
3.721345638582911411e-03
3.615021477480542464e-03
3.700080806362437882e-03
3.657551141921490390e-03
3.657551141921490390e-03
3.806404967464806829e-03
3.423637987496278533e-03
3.381108323055331041e-03
3.381108323055331041e-03
3.210989665291540639e-03
3.125930336409645655e-03
3.083400671968698162e-03
2.955811678645855686e-03
3.296048994173436057e-03
3.062135839748224200e-03
2.977076510866329215e-03
3.104665504189172125e-03
2.913282014204907761e-03
2.806957853102538814e-03
2.806957853102538814e-03
2.679368859779696337e-03
2.700633692000170300e-03
2.700633692000170300e-03
2.892017181984434231e-03
2.551779866456853861e-03
2.700633692000170300e-03
2.913282014204907761e-03
2.339131544252115967e-03
2.636839195338748845e-03
2.424190873134010951e-03
2.360396376472589496e-03
2.445455705354484914e-03
2.360396376472589496e-03
2.487985369795432406e-03
2.679368859779696337e-03
2.402926040913536988e-03
1.913834899842640179e-03
2.083953557606430581e-03
2.381661208693063459e-03
2.169012886488325565e-03
2.487985369795432406e-03
2.105218389826904110e-03
2.317866712031642004e-03
2.083953557606430581e-03
2.275337047590694512e-03
2.275337047590694512e-03
1.935099732063113925e-03
2.232807383149747020e-03
1.892570067622166433e-03
2.169012886488325565e-03
2.190277718708799528e-03
1.977629396504061634e-03
2.105218389826904110e-03
1.956364564283587671e-03
2.147748054267852036e-03
1.935099732063113925e-03
1.913834899842640179e-03
1.828775570960745195e-03
1.956364564283587671e-03
1.807510738740271232e-03
1.701186577637902502e-03
1.786245906519797486e-03
1.977629396504061634e-03
1.764981074299323740e-03
1.722451409858376248e-03
1.743716242078849994e-03
1.743716242078849994e-03
1.679921745417428756e-03
1.573597584315059809e-03
1.722451409858376248e-03
1.764981074299323740e-03
1.616127248756007301e-03
1.679921745417428756e-03
1.722451409858376248e-03
1.594862416535533555e-03
1.488538255433164608e-03
1.488538255433164608e-03
1.594862416535533555e-03
1.637392080976481047e-03
1.573597584315059809e-03
1.467273423212690862e-03
1.467273423212690862e-03
1.573597584315059809e-03
1.297154765448900677e-03
1.573597584315059809e-03
1.424743758771743370e-03
1.446008590992217116e-03
1.318419597669374423e-03
1.382214094330795661e-03
1.190830604346531730e-03
1.360949262110321915e-03
1.446008590992217116e-03
1.488538255433164608e-03
1.275889933228426931e-03
1.275889933228426931e-03
1.318419597669374423e-03
1.360949262110321915e-03
1.382214094330795661e-03
1.297154765448900677e-03
1.318419597669374423e-03
1.318419597669374423e-03
1.318419597669374423e-03
1.105771275464636529e-03
1.424743758771743370e-03
1.233360268787479222e-03
1.233360268787479222e-03
1.169565772126057984e-03
1.190830604346531730e-03
1.212095436567005476e-03
1.169565772126057984e-03
1.254625101007952968e-03
1.360949262110321915e-03
1.148300939905584237e-03
1.212095436567005476e-03
1.212095436567005476e-03
1.041976778803215290e-03
1.233360268787479222e-03
1.084506443244162783e-03
1.190830604346531730e-03
1.105771275464636529e-03
1.233360268787479222e-03
9.994471143622675816e-04
1.063241611023689037e-03
9.143877854803725974e-04
1.084506443244162783e-03
1.190830604346531730e-03
9.994471143622675816e-04
1.105771275464636529e-03
1.041976778803215290e-03
1.020711946582741544e-03
1.084506443244162783e-03
1.041976778803215290e-03
1.020711946582741544e-03
9.356526177008463434e-04
9.569174499213200895e-04
9.994471143622675816e-04
9.569174499213200895e-04
1.041976778803215290e-03
1.020711946582741544e-03
1.041976778803215290e-03
1.041976778803215290e-03
9.356526177008463434e-04
1.041976778803215290e-03
1.020711946582741544e-03
8.293284565984773964e-04
1.020711946582741544e-03
8.505932888189512509e-04
9.994471143622675816e-04
9.781822821417938355e-04
9.143877854803725974e-04
7.867987921575299044e-04
9.569174499213200895e-04
7.442691277165823039e-04
8.505932888189512509e-04
9.994471143622675816e-04
8.293284565984773964e-04
9.356526177008463434e-04
8.505932888189512509e-04
8.505932888189512509e-04
7.230042954961085578e-04
8.080636243780036504e-04
7.442691277165823039e-04
8.718581210394249969e-04
9.356526177008463434e-04
8.080636243780036504e-04
9.143877854803725974e-04
7.867987921575299044e-04
6.592097988346872113e-04
7.867987921575299044e-04
7.655339599370560499e-04
7.442691277165823039e-04
7.867987921575299044e-04
8.505932888189512509e-04
7.867987921575299044e-04
7.230042954961085578e-04
7.655339599370560499e-04
8.080636243780036504e-04
7.867987921575299044e-04
8.293284565984773964e-04
8.080636243780036504e-04
7.017394632756347034e-04
5.741504699527921187e-04
6.379449666142134653e-04
8.505932888189512509e-04
7.655339599370560499e-04
5.954153021732658648e-04
6.592097988346872113e-04
7.867987921575299044e-04
6.166801343937396108e-04
6.804746310551609573e-04
7.867987921575299044e-04
6.379449666142134653e-04
6.592097988346872113e-04
7.230042954961085578e-04
6.379449666142134653e-04
6.592097988346872113e-04
7.442691277165823039e-04
5.528856377323182643e-04
5.741504699527921187e-04
5.528856377323182643e-04
5.954153021732658648e-04
7.442691277165823039e-04
7.230042954961085578e-04
5.741504699527921187e-04
5.741504699527921187e-04
5.741504699527921187e-04
6.592097988346872113e-04
7.867987921575299044e-04
6.592097988346872113e-04
6.592097988346872113e-04
7.017394632756347034e-04
6.592097988346872113e-04
6.592097988346872113e-04
6.379449666142134653e-04
5.741504699527921187e-04
5.741504699527921187e-04
5.316208055118445183e-04
5.954153021732658648e-04
5.103559732913707722e-04
5.741504699527921187e-04
6.166801343937396108e-04
5.954153021732658648e-04
5.741504699527921187e-04
4.890911410708969178e-04
5.103559732913707722e-04
4.465614766299493715e-04
5.954153021732658648e-04
5.528856377323182643e-04
4.465614766299493715e-04
5.103559732913707722e-04
5.528856377323182643e-04
4.252966444094756254e-04
4.890911410708969178e-04
5.954153021732658648e-04
4.678263088504231717e-04
5.103559732913707722e-04
4.252966444094756254e-04
4.678263088504231717e-04
5.103559732913707722e-04
3.189724833071067326e-04
4.252966444094756254e-04
4.890911410708969178e-04
5.103559732913707722e-04
3.827669799685280250e-04
3.827669799685280250e-04
4.465614766299493715e-04
5.103559732913707722e-04
6.166801343937396108e-04
5.316208055118445183e-04
4.040318121890018252e-04
5.528856377323182643e-04
4.678263088504231717e-04
3.827669799685280250e-04
5.741504699527921187e-04
4.678263088504231717e-04
4.040318121890018252e-04
4.465614766299493715e-04
4.890911410708969178e-04
3.615021477480542789e-04
3.827669799685280250e-04
4.678263088504231717e-04
4.678263088504231717e-04
3.402373155275804787e-04
4.465614766299493715e-04
5.103559732913707722e-04
4.252966444094756254e-04
4.678263088504231717e-04
4.252966444094756254e-04
3.402373155275804787e-04
5.103559732913707722e-04
3.827669799685280250e-04
4.678263088504231717e-04
4.465614766299493715e-04
5.103559732913707722e-04
4.465614766299493715e-04
4.252966444094756254e-04
3.827669799685280250e-04
5.103559732913707722e-04
4.252966444094756254e-04
4.252966444094756254e-04
4.252966444094756254e-04
2.764428188661591321e-04
4.252966444094756254e-04
4.252966444094756254e-04
3.827669799685280250e-04
3.615021477480542789e-04
5.103559732913707722e-04
4.678263088504231717e-04
4.040318121890018252e-04
4.465614766299493715e-04
3.189724833071067326e-04
3.402373155275804787e-04
4.040318121890018252e-04
3.827669799685280250e-04
3.827669799685280250e-04
4.465614766299493715e-04
3.189724833071067326e-04
3.827669799685280250e-04
2.126483222047378127e-04
3.615021477480542789e-04
2.551779866456853861e-04
2.977076510866329324e-04
3.402373155275804787e-04
3.827669799685280250e-04
3.189724833071067326e-04
3.402373155275804787e-04
3.827669799685280250e-04
2.126483222047378127e-04
4.252966444094756254e-04
3.827669799685280250e-04
3.189724833071067326e-04
3.827669799685280250e-04
3.615021477480542789e-04
2.551779866456853861e-04
3.615021477480542789e-04
2.551779866456853861e-04
2.764428188661591321e-04
2.764428188661591321e-04
3.615021477480542789e-04
2.764428188661591321e-04
3.189724833071067326e-04
3.189724833071067326e-04
3.189724833071067326e-04
2.551779866456853861e-04
3.402373155275804787e-04
2.126483222047378127e-04
3.189724833071067326e-04
2.126483222047378127e-04
3.615021477480542789e-04
3.615021477480542789e-04
3.189724833071067326e-04
3.189724833071067326e-04
3.402373155275804787e-04
3.189724833071067326e-04
2.977076510866329324e-04
2.977076510866329324e-04
2.764428188661591321e-04
2.764428188661591321e-04
3.615021477480542789e-04
1.913834899842640125e-04
2.764428188661591321e-04
2.764428188661591321e-04
2.339131544252115859e-04
2.551779866456853861e-04
2.764428188661591321e-04
3.189724833071067326e-04
2.126483222047378127e-04
3.189724833071067326e-04
3.189724833071067326e-04
2.764428188661591321e-04
2.764428188661591321e-04
2.126483222047378127e-04
3.402373155275804787e-04
2.126483222047378127e-04
2.339131544252115859e-04
2.339131544252115859e-04
2.126483222047378127e-04
2.764428188661591321e-04
2.764428188661591321e-04
2.977076510866329324e-04
2.764428188661591321e-04
3.189724833071067326e-04
2.977076510866329324e-04
2.977076510866329324e-04
2.764428188661591321e-04
2.764428188661591321e-04
2.764428188661591321e-04
1.701186577637902393e-04
2.764428188661591321e-04
2.764428188661591321e-04
1.913834899842640125e-04
1.488538255433164662e-04
2.764428188661591321e-04
2.126483222047378127e-04
2.339131544252115859e-04
2.551779866456853861e-04
2.339131544252115859e-04
2.551779866456853861e-04
2.764428188661591321e-04
2.339131544252115859e-04
2.126483222047378127e-04
2.551779866456853861e-04
2.126483222047378127e-04
2.551779866456853861e-04
2.551779866456853861e-04
2.764428188661591321e-04
2.764428188661591321e-04
2.126483222047378127e-04
2.126483222047378127e-04
2.551779866456853861e-04
2.126483222047378127e-04
1.913834899842640125e-04
1.913834899842640125e-04
2.339131544252115859e-04
1.913834899842640125e-04
2.764428188661591321e-04
2.551779866456853861e-04
2.764428188661591321e-04
1.488538255433164662e-04
2.977076510866329324e-04
2.551779866456853861e-04
2.126483222047378127e-04
2.339131544252115859e-04
1.913834899842640125e-04
1.913834899842640125e-04
2.339131544252115859e-04
2.126483222047378127e-04
1.913834899842640125e-04
2.126483222047378127e-04
2.339131544252115859e-04
1.063241611023689064e-04
1.488538255433164662e-04
1.701186577637902393e-04
2.126483222047378127e-04
1.913834899842640125e-04
2.339131544252115859e-04
1.913834899842640125e-04
2.126483222047378127e-04
1.913834899842640125e-04
1.913834899842640125e-04
1.913834899842640125e-04
1.913834899842640125e-04
2.126483222047378127e-04
1.488538255433164662e-04
1.913834899842640125e-04
2.126483222047378127e-04
1.701186577637902393e-04
1.701186577637902393e-04
1.913834899842640125e-04
1.913834899842640125e-04
1.913834899842640125e-04
2.339131544252115859e-04
1.913834899842640125e-04
2.126483222047378127e-04
1.913834899842640125e-04
2.126483222047378127e-04
1.913834899842640125e-04
1.488538255433164662e-04
1.913834899842640125e-04
1.913834899842640125e-04
1.701186577637902393e-04
2.126483222047378127e-04
2.126483222047378127e-04
1.275889933228426931e-04
1.275889933228426931e-04
2.126483222047378127e-04
2.126483222047378127e-04
1.913834899842640125e-04
2.339131544252115859e-04
1.488538255433164662e-04
8.505932888189511967e-05
2.126483222047378127e-04
1.701186577637902393e-04
1.701186577637902393e-04
1.913834899842640125e-04
1.701186577637902393e-04
2.339131544252115859e-04
1.701186577637902393e-04
2.126483222047378127e-04
1.701186577637902393e-04
1.063241611023689064e-04
1.913834899842640125e-04
1.275889933228426931e-04
1.701186577637902393e-04
1.701186577637902393e-04
1.488538255433164662e-04
1.913834899842640125e-04
1.275889933228426931e-04
1.701186577637902393e-04
1.488538255433164662e-04
1.913834899842640125e-04
1.488538255433164662e-04
1.488538255433164662e-04
1.701186577637902393e-04
1.488538255433164662e-04
1.063241611023689064e-04
1.701186577637902393e-04
1.488538255433164662e-04
1.488538255433164662e-04
1.488538255433164662e-04
1.275889933228426931e-04
1.701186577637902393e-04
1.701186577637902393e-04
1.275889933228426931e-04
1.913834899842640125e-04
1.275889933228426931e-04
1.275889933228426931e-04
1.488538255433164662e-04
1.701186577637902393e-04
1.701186577637902393e-04
1.488538255433164662e-04
1.701186577637902393e-04
1.275889933228426931e-04
8.505932888189511967e-05
2.126483222047378127e-04
1.275889933228426931e-04
1.063241611023689064e-04
8.505932888189511967e-05
1.275889933228426931e-04
1.275889933228426931e-04
1.488538255433164662e-04
1.275889933228426931e-04
8.505932888189511967e-05
1.275889933228426931e-04
1.488538255433164662e-04
1.063241611023689064e-04
1.063241611023689064e-04
1.275889933228426931e-04
8.505932888189511967e-05
1.488538255433164662e-04
8.505932888189511967e-05
1.063241611023689064e-04
1.063241611023689064e-04
8.505932888189511967e-05
8.505932888189511967e-05
1.488538255433164662e-04
1.488538255433164662e-04
8.505932888189511967e-05
1.488538255433164662e-04
4.252966444094755983e-05
1.275889933228426931e-04
1.063241611023689064e-04
1.063241611023689064e-04
1.488538255433164662e-04
1.488538255433164662e-04
1.488538255433164662e-04
1.701186577637902393e-04
6.379449666142134653e-05
1.063241611023689064e-04
1.063241611023689064e-04
1.063241611023689064e-04
8.505932888189511967e-05
1.063241611023689064e-04
1.488538255433164662e-04
6.379449666142134653e-05
4.252966444094755983e-05
1.275889933228426931e-04
1.063241611023689064e-04
1.488538255433164662e-04
1.275889933228426931e-04
1.063241611023689064e-04
1.275889933228426931e-04
8.505932888189511967e-05
8.505932888189511967e-05
1.275889933228426931e-04
1.488538255433164662e-04
1.701186577637902393e-04
1.275889933228426931e-04
1.488538255433164662e-04
1.275889933228426931e-04
1.488538255433164662e-04
6.379449666142134653e-05
4.252966444094755983e-05
6.379449666142134653e-05
1.063241611023689064e-04
1.275889933228426931e-04
8.505932888189511967e-05
8.505932888189511967e-05
1.275889933228426931e-04
1.488538255433164662e-04
1.063241611023689064e-04
1.063241611023689064e-04
4.252966444094755983e-05
8.505932888189511967e-05
8.505932888189511967e-05
6.379449666142134653e-05
1.275889933228426931e-04
1.275889933228426931e-04
1.275889933228426931e-04
1.275889933228426931e-04
1.063241611023689064e-04
6.379449666142134653e-05
1.275889933228426931e-04
8.505932888189511967e-05
1.063241611023689064e-04
8.505932888189511967e-05
6.379449666142134653e-05
1.063241611023689064e-04
8.505932888189511967e-05
1.275889933228426931e-04
1.275889933228426931e-04
1.063241611023689064e-04
1.275889933228426931e-04
8.505932888189511967e-05
8.505932888189511967e-05
8.505932888189511967e-05
8.505932888189511967e-05
8.505932888189511967e-05
8.505932888189511967e-05
6.379449666142134653e-05
1.275889933228426931e-04
8.505932888189511967e-05
6.379449666142134653e-05
1.063241611023689064e-04
6.379449666142134653e-05
8.505932888189511967e-05
1.275889933228426931e-04
8.505932888189511967e-05
6.379449666142134653e-05
6.379449666142134653e-05
1.063241611023689064e-04
6.379449666142134653e-05
1.063241611023689064e-04
1.275889933228426931e-04
1.063241611023689064e-04
6.379449666142134653e-05
1.063241611023689064e-04
1.275889933228426931e-04
8.505932888189511967e-05
6.379449666142134653e-05
8.505932888189511967e-05
8.505932888189511967e-05
6.379449666142134653e-05
8.505932888189511967e-05
1.275889933228426931e-04
8.505932888189511967e-05
1.063241611023689064e-04
6.379449666142134653e-05
8.505932888189511967e-05
8.505932888189511967e-05
6.379449666142134653e-05
8.505932888189511967e-05
8.505932888189511967e-05
8.505932888189511967e-05
6.379449666142134653e-05
6.379449666142134653e-05
6.379449666142134653e-05
4.252966444094755983e-05
8.505932888189511967e-05
1.063241611023689064e-04
4.252966444094755983e-05
6.379449666142134653e-05
6.379449666142134653e-05
8.505932888189511967e-05
8.505932888189511967e-05
1.063241611023689064e-04
8.505932888189511967e-05
6.379449666142134653e-05
6.379449666142134653e-05
6.379449666142134653e-05
8.505932888189511967e-05
1.063241611023689064e-04
8.505932888189511967e-05
8.505932888189511967e-05
1.063241611023689064e-04
6.379449666142134653e-05
4.252966444094755983e-05
6.379449666142134653e-05
6.379449666142134653e-05
8.505932888189511967e-05
8.505932888189511967e-05
2.126483222047377992e-05
8.505932888189511967e-05
6.379449666142134653e-05
2.126483222047377992e-05
8.505932888189511967e-05
2.126483222047377992e-05
4.252966444094755983e-05
8.505932888189511967e-05
4.252966444094755983e-05
4.252966444094755983e-05
8.505932888189511967e-05
8.505932888189511967e-05
4.252966444094755983e-05
8.505932888189511967e-05
6.379449666142134653e-05
8.505932888189511967e-05
6.379449666142134653e-05
8.505932888189511967e-05
6.379449666142134653e-05
6.379449666142134653e-05
4.252966444094755983e-05
2.126483222047377992e-05
6.379449666142134653e-05
6.379449666142134653e-05
4.252966444094755983e-05
6.379449666142134653e-05
8.505932888189511967e-05
6.379449666142134653e-05
6.379449666142134653e-05
6.379449666142134653e-05
8.505932888189511967e-05
8.505932888189511967e-05
4.252966444094755983e-05
6.379449666142134653e-05
4.252966444094755983e-05
6.379449666142134653e-05
4.252966444094755983e-05
4.252966444094755983e-05
8.505932888189511967e-05
6.379449666142134653e-05
8.505932888189511967e-05
4.252966444094755983e-05
6.379449666142134653e-05
8.505932888189511967e-05
6.379449666142134653e-05
0.000000000000000000e+00
6.379449666142134653e-05
4.252966444094755983e-05
8.505932888189511967e-05
4.252966444094755983e-05
4.252966444094755983e-05
8.505932888189511967e-05
4.252966444094755983e-05
6.379449666142134653e-05
6.379449666142134653e-05
4.252966444094755983e-05
8.505932888189511967e-05
4.252966444094755983e-05
4.252966444094755983e-05
8.505932888189511967e-05
6.379449666142134653e-05
6.379449666142134653e-05
4.252966444094755983e-05
4.252966444094755983e-05
8.505932888189511967e-05
6.379449666142134653e-05
8.505932888189511967e-05
6.379449666142134653e-05
2.126483222047377992e-05
6.379449666142134653e-05
8.505932888189511967e-05
6.379449666142134653e-05
4.252966444094755983e-05
6.379449666142134653e-05
6.379449666142134653e-05
6.379449666142134653e-05
4.252966444094755983e-05
4.252966444094755983e-05
4.252966444094755983e-05
6.379449666142134653e-05
4.252966444094755983e-05
6.379449666142134653e-05
2.126483222047377992e-05
6.379449666142134653e-05
2.126483222047377992e-05
4.252966444094755983e-05
6.379449666142134653e-05
4.252966444094755983e-05
4.252966444094755983e-05
4.252966444094755983e-05
8.505932888189511967e-05
8.505932888189511967e-05
4.252966444094755983e-05
4.252966444094755983e-05
6.379449666142134653e-05
6.379449666142134653e-05
6.379449666142134653e-05
6.379449666142134653e-05
4.252966444094755983e-05
4.252966444094755983e-05
6.379449666142134653e-05
8.505932888189511967e-05
6.379449666142134653e-05
2.126483222047377992e-05
4.252966444094755983e-05
4.252966444094755983e-05
6.379449666142134653e-05
6.379449666142134653e-05
4.252966444094755983e-05
2.126483222047377992e-05
4.252966444094755983e-05
4.252966444094755983e-05
6.379449666142134653e-05
6.379449666142134653e-05
6.379449666142134653e-05
0.000000000000000000e+00
4.252966444094755983e-05
4.252966444094755983e-05
2.126483222047377992e-05
4.252966444094755983e-05
6.379449666142134653e-05
6.379449666142134653e-05
6.379449666142134653e-05
4.252966444094755983e-05
2.126483222047377992e-05
2.126483222047377992e-05
6.379449666142134653e-05
4.252966444094755983e-05
4.252966444094755983e-05
0.000000000000000000e+00
2.126483222047377992e-05
2.126483222047377992e-05
0.000000000000000000e+00
2.126483222047377992e-05
4.252966444094755983e-05
2.126483222047377992e-05
4.252966444094755983e-05
4.252966444094755983e-05
4.252966444094755983e-05
4.252966444094755983e-05
0.000000000000000000e+00
2.126483222047377992e-05
2.126483222047377992e-05
4.252966444094755983e-05
2.126483222047377992e-05
2.126483222047377992e-05
2.126483222047377992e-05
4.252966444094755983e-05
2.126483222047377992e-05
4.252966444094755983e-05
2.126483222047377992e-05
4.252966444094755983e-05
4.252966444094755983e-05
4.252966444094755983e-05
2.126483222047377992e-05
4.252966444094755983e-05
0.000000000000000000e+00
0.000000000000000000e+00
4.252966444094755983e-05
4.252966444094755983e-05
2.126483222047377992e-05
0.000000000000000000e+00
2.126483222047377992e-05
2.126483222047377992e-05
4.252966444094755983e-05
4.252966444094755983e-05
4.252966444094755983e-05
4.252966444094755983e-05
4.252966444094755983e-05
2.126483222047377992e-05
2.126483222047377992e-05
2.126483222047377992e-05
2.126483222047377992e-05
2.126483222047377992e-05
2.126483222047377992e-05
2.126483222047377992e-05
4.252966444094755983e-05
4.252966444094755983e-05
4.252966444094755983e-05
