3.183286443680316546e-02
3.011357715952902095e-02
2.763884547254350302e-02
1.839116390538710066e-02
1.966760445972699778e-02
1.576013337501302319e-02
1.526518703761592204e-02
1.651557778472439314e-02
1.289465457955611162e-02
6.590601229550901476e-03
1.135771595290194919e-02
1.401479629050745093e-02
1.127956653120766942e-02
1.117536730228196364e-02
1.187871209753047809e-02
9.273731374387830101e-03
1.177451286860477231e-02
1.114931749505053589e-02
5.444409711368136152e-03
1.036782327810774167e-02
1.023757424195060987e-02
9.299781181619256112e-03
3.360425132854017068e-03
2.318432843596957525e-03
9.794727519016359005e-03
5.027612795665312162e-03
4.741064916119620831e-03
9.482129832239241662e-03
8.388037928519328362e-03
1.458789204959883316e-03
3.699072626862561289e-03
7.971241012816505239e-03
8.231739085130770558e-03
7.840991976659373447e-03
7.658643326039387030e-03
7.840991976659373447e-03
7.033447952485152128e-04
7.919141398353651481e-03
4.715015108888193952e-03
6.694800458476607256e-03
4.949463373971032393e-03
4.063769928102532389e-03
7.163696988642284137e-03
4.558716265499635281e-03
2.214233614671251311e-03
6.903198916328018818e-03
6.903198916328018818e-03
4.662915494425341062e-03
6.278003542773783266e-03
5.418359904136709274e-03
2.448681879754089751e-03
4.376367614879649731e-03
6.304053350005210145e-03
3.464624361779722848e-03
5.678857976450974593e-03
3.152026675002605072e-03
2.735229759299781082e-03
4.949463373971032393e-03
5.001562988433885283e-03
3.855371470251119960e-03
5.392310096905283262e-03
5.548608940293841933e-03
4.011670313639679498e-03
4.845264145045326612e-03
4.558716265499635281e-03
4.636865687193915050e-03
2.162134000208398420e-03
4.897363759508179502e-03
4.793164530582473722e-03
4.532666458268208402e-03
3.881421277482546839e-03
4.272168385953943950e-03
2.761279566531207527e-03
4.506616651036782391e-03
1.719287277274148202e-03
7.814942169427946568e-04
4.037720120871105510e-03
3.933520891945399729e-03
4.167969157028238170e-03
3.777222048556840624e-03
3.594873397936855074e-03
3.594873397936855074e-03
3.646973012399708398e-03
5.209961446285297170e-05
3.334375325622590189e-03
3.568823590705428629e-03
2.604980723142648585e-05
2.839428988225487296e-03
1.927685735125559980e-03
2.604980723142648585e-05
3.125976867771178627e-03
3.334375325622590189e-03
2.083984578514119085e-03
3.282275711159737298e-03
3.152026675002605072e-03
1.146191518182765540e-03
3.412524747316869958e-03
2.891528602688340187e-03
3.256225903928310853e-03
1.562988433885589151e-04
2.552881108679795966e-03
3.021777638845472413e-03
2.917578409919766632e-03
2.604980723142648585e-05
3.125976867771178627e-03
2.891528602688340187e-03
2.370532458059810416e-03
2.578930915911222411e-03
2.500781494216942642e-03
2.344482650828383970e-03
1.719287277274148202e-03
2.604980723142648856e-03
2.865478795456913742e-03
2.578930915911222411e-03
1.927685735125559980e-03
2.813379180994060851e-03
2.370532458059810416e-03
2.761279566531207527e-03
2.344482650828383970e-03
2.683130144836928192e-03
2.709179952068354637e-03
2.448681879754089751e-03
2.110034385745545530e-03
8.335938314056475472e-04
2.240283421902677756e-03
2.604980723142648585e-05
2.214233614671251311e-03
2.266333229134104201e-03
2.292383036365531080e-03
2.240283421902677756e-03
2.110034385745545530e-03
2.214233614671251311e-03
2.266333229134104201e-03
2.110034385745545530e-03
1.745337084505574647e-03
1.615088048348442204e-03
2.083984578514119085e-03
1.693237470042721756e-03
1.797436698968427537e-03
1.562988433885589314e-03
1.562988433885589151e-04
1.693237470042721756e-03
1.979785349588412870e-03
2.865478795456913850e-04
1.198291132645618430e-03
1.849536313431280644e-03
1.849536313431280644e-03
5.991455663228092152e-04
2.031884964051266194e-03
1.953735542356986425e-03
1.823486506199854199e-03
1.823486506199854199e-03
1.953735542356986425e-03
1.615088048348442204e-03
1.953735542356986425e-03
1.771386891737001092e-03
1.406689590497030426e-03
1.354589976034177318e-03
1.458789204959883316e-03
2.604980723142648585e-05
1.380639783265603764e-03
1.797436698968427537e-03
7.554444097113681032e-04
1.536938626654162652e-03
1.458789204959883316e-03
1.641137855579868649e-03
4.688965301656767724e-04
1.719287277274148202e-03
1.615088048348442204e-03
1.172241325414191985e-03
1.641137855579868649e-03
1.823486506199854145e-04
1.380639783265603764e-03
1.771386891737001092e-03
1.276440554339897983e-03
1.536938626654162652e-03
1.458789204959883316e-03
1.484839012191309761e-03
1.510888819422736206e-03
7.814942169427945755e-05
1.562988433885589314e-03
1.198291132645618430e-03
1.432739397728456871e-03
9.898926747942064352e-04
1.510888819422736206e-03
1.224340939877044876e-03
1.536938626654162652e-03
1.041992289257059542e-03
1.484839012191309761e-03
7.033447952485152128e-04
1.536938626654162652e-03
1.172241325414191985e-03
1.041992289257059542e-03
1.146191518182765540e-03
1.302490361571324428e-03
7.033447952485152128e-04
1.198291132645618430e-03
1.380639783265603764e-03
1.302490361571324428e-03
1.823486506199854145e-04
1.354589976034177318e-03
1.302490361571324428e-03
1.276440554339897983e-03
8.856934458685005460e-04
1.015942482025633097e-03
1.250390747108471321e-03
2.604980723142648585e-05
1.302490361571324428e-03
1.276440554339897983e-03
1.302490361571324428e-03
1.302490361571324428e-03
1.172241325414191985e-03
9.898926747942064352e-04
2.604980723142648585e-05
1.015942482025633097e-03
4.949463373971032176e-04
3.646973012399708290e-04
1.250390747108471321e-03
1.224340939877044876e-03
1.146191518182765540e-03
3.386474940085443296e-04
9.898926747942064352e-04
2.344482650828383862e-04
2.604980723142648585e-05
1.250390747108471321e-03
7.554444097113681032e-04
1.015942482025633097e-03
1.015942482025633097e-03
1.068042096488485988e-03
9.117432530999270996e-04
1.015942482025633097e-03
9.377930603313535448e-04
1.094091903719912433e-03
9.638428675627799900e-04
1.015942482025633097e-03
1.041992289257059542e-03
9.898926747942064352e-04
1.562988433885589151e-04
9.377930603313535448e-04
5.991455663228092152e-04
9.377930603313535448e-04
7.033447952485152128e-04
2.604980723142648856e-04
9.898926747942064352e-04
9.117432530999270996e-04
9.638428675627799900e-04
1.015942482025633097e-03
9.898926747942064352e-04
1.041992289257059542e-03
2.604980723142648585e-05
4.167969157028237736e-04
2.604980723142648585e-05
8.075440241742211020e-04
1.068042096488485988e-03
9.638428675627799900e-04
3.646973012399708290e-04
5.991455663228092152e-04
2.604980723142648585e-05
7.814942169427946568e-04
8.596436386370741008e-04
9.898926747942064352e-04
8.075440241742211020e-04
2.604980723142648585e-05
9.117432530999270996e-04
7.814942169427946568e-04
5.470459518599562164e-04
9.377930603313535448e-04
7.033447952485152128e-04
7.293946024799416580e-04
7.033447952485152128e-04
6.772949880170886592e-04
5.209961446285297712e-04
7.814942169427946568e-04
7.293946024799416580e-04
7.293946024799416580e-04
7.293946024799416580e-04
5.470459518599562164e-04
9.898926747942064352e-04
4.688965301656767724e-04
8.335938314056475472e-04
8.856934458685005460e-04
7.033447952485152128e-04
8.335938314056475472e-04
8.075440241742211020e-04
7.293946024799416580e-04
4.428467229342502730e-04
5.470459518599562164e-04
7.554444097113681032e-04
6.512451807856622140e-04
5.730957590913827700e-04
5.991455663228092152e-04
3.907471084713973284e-04
2.604980723142648585e-05
6.251953735542356604e-04
6.512451807856622140e-04
2.604980723142648856e-04
7.554444097113681032e-04
7.033447952485152128e-04
5.730957590913827700e-04
4.167969157028237736e-04
7.033447952485152128e-04
5.470459518599562164e-04
5.991455663228092152e-04
4.428467229342502730e-04
5.991455663228092152e-04
6.512451807856622140e-04
5.470459518599562164e-04
2.604980723142648585e-05
5.991455663228092152e-04
4.167969157028237736e-04
5.470459518599562164e-04
6.251953735542356604e-04
6.512451807856622140e-04
4.688965301656767724e-04
3.907471084713973284e-04
4.949463373971032176e-04
5.470459518599562164e-04
4.688965301656767724e-04
6.772949880170886592e-04
5.209961446285297712e-04
1.302490361571324428e-04
5.991455663228092152e-04
1.302490361571324428e-04
1.823486506199854145e-04
5.991455663228092152e-04
5.209961446285297712e-04
4.167969157028237736e-04
6.251953735542356604e-04
4.688965301656767724e-04
1.823486506199854145e-04
2.604980723142648585e-05
5.991455663228092152e-04
4.428467229342502730e-04
5.730957590913827700e-04
2.604980723142648585e-05
5.209961446285297170e-05
2.083984578514118868e-04
2.604980723142648856e-04
4.428467229342502730e-04
5.991455663228092152e-04
4.949463373971032176e-04
5.991455663228092152e-04
5.730957590913827700e-04
6.512451807856622140e-04
5.470459518599562164e-04
5.470459518599562164e-04
3.386474940085443296e-04
6.512451807856622140e-04
5.470459518599562164e-04
5.470459518599562164e-04
5.470459518599562164e-04
3.646973012399708290e-04
2.604980723142648585e-05
2.604980723142648585e-05
4.949463373971032176e-04
4.688965301656767724e-04
3.125976867771178302e-04
2.604980723142648585e-05
3.646973012399708290e-04
5.730957590913827700e-04
4.167969157028237736e-04
4.428467229342502730e-04
5.209961446285297712e-04
4.949463373971032176e-04
2.604980723142648585e-05
5.730957590913827700e-04
2.604980723142648585e-05
4.949463373971032176e-04
2.865478795456913850e-04
4.688965301656767724e-04
3.125976867771178302e-04
3.907471084713973284e-04
4.428467229342502730e-04
4.949463373971032176e-04
3.386474940085443296e-04
4.428467229342502730e-04
3.125976867771178302e-04
2.865478795456913850e-04
4.167969157028237736e-04
4.428467229342502730e-04
4.167969157028237736e-04
4.949463373971032176e-04
1.823486506199854145e-04
3.386474940085443296e-04
4.688965301656767724e-04
3.386474940085443296e-04
2.604980723142648585e-05
3.646973012399708290e-04
2.604980723142648585e-05
3.646973012399708290e-04
4.167969157028237736e-04
2.604980723142648585e-05
4.167969157028237736e-04
3.125976867771178302e-04
2.083984578514118868e-04
2.865478795456913850e-04
3.907471084713973284e-04
2.865478795456913850e-04
4.688965301656767724e-04
4.688965301656767724e-04
4.167969157028237736e-04
2.604980723142648585e-05
4.428467229342502730e-04
4.167969157028237736e-04
3.386474940085443296e-04
3.125976867771178302e-04
3.646973012399708290e-04
3.125976867771178302e-04
4.688965301656767724e-04
2.604980723142648856e-04
2.604980723142648856e-04
3.646973012399708290e-04
3.125976867771178302e-04
1.823486506199854145e-04
3.646973012399708290e-04
4.167969157028237736e-04
2.865478795456913850e-04
4.167969157028237736e-04
4.167969157028237736e-04
3.646973012399708290e-04
3.646973012399708290e-04
2.865478795456913850e-04
4.428467229342502730e-04
2.865478795456913850e-04
3.125976867771178302e-04
3.125976867771178302e-04
2.865478795456913850e-04
3.125976867771178302e-04
2.604980723142648585e-05
7.814942169427945755e-05
1.823486506199854145e-04
7.814942169427945755e-05
3.907471084713973284e-04
3.907471084713973284e-04
2.604980723142648585e-05
1.302490361571324428e-04
3.646973012399708290e-04
2.344482650828383862e-04
2.604980723142648856e-04
3.646973012399708290e-04
7.814942169427945755e-05
2.083984578514118868e-04
3.646973012399708290e-04
2.865478795456913850e-04
3.125976867771178302e-04
3.386474940085443296e-04
3.125976867771178302e-04
2.604980723142648585e-05
3.646973012399708290e-04
1.302490361571324428e-04
2.865478795456913850e-04
3.386474940085443296e-04
2.865478795456913850e-04
3.386474940085443296e-04
2.604980723142648585e-05
3.646973012399708290e-04
3.646973012399708290e-04
2.865478795456913850e-04
1.302490361571324428e-04
3.386474940085443296e-04
2.865478795456913850e-04
2.604980723142648856e-04
2.344482650828383862e-04
3.125976867771178302e-04
2.604980723142648856e-04
2.604980723142648585e-05
2.604980723142648856e-04
7.814942169427945755e-05
1.562988433885589151e-04
3.907471084713973284e-04
3.386474940085443296e-04
2.865478795456913850e-04
5.209961446285297170e-05
2.604980723142648856e-04
7.814942169427945755e-05
3.125976867771178302e-04
2.604980723142648585e-05
2.604980723142648856e-04
2.865478795456913850e-04
2.865478795456913850e-04
1.562988433885589151e-04
2.083984578514118868e-04
2.344482650828383862e-04
2.344482650828383862e-04
2.604980723142648856e-04
2.604980723142648585e-05
2.083984578514118868e-04
2.865478795456913850e-04
2.604980723142648585e-05
2.604980723142648856e-04
2.604980723142648856e-04
1.041992289257059434e-04
2.865478795456913850e-04
2.083984578514118868e-04
2.604980723142648585e-05
2.865478795456913850e-04
2.604980723142648585e-05
1.823486506199854145e-04
2.604980723142648856e-04
2.604980723142648585e-05
2.344482650828383862e-04
3.125976867771178302e-04
2.604980723142648585e-05
2.865478795456913850e-04
2.604980723142648856e-04
2.083984578514118868e-04
2.604980723142648585e-05
2.083984578514118868e-04
2.604980723142648585e-05
2.604980723142648856e-04
5.209961446285297170e-05
2.865478795456913850e-04
2.865478795456913850e-04
1.823486506199854145e-04
1.823486506199854145e-04
2.604980723142648585e-05
2.865478795456913850e-04
2.604980723142648856e-04
3.125976867771178302e-04
2.083984578514118868e-04
1.302490361571324428e-04
2.865478795456913850e-04
2.344482650828383862e-04
2.344482650828383862e-04
2.604980723142648856e-04
2.604980723142648585e-05
2.604980723142648585e-05
2.344482650828383862e-04
2.865478795456913850e-04
2.604980723142648585e-05
1.562988433885589151e-04
2.604980723142648856e-04
2.604980723142648585e-05
2.344482650828383862e-04
1.041992289257059434e-04
2.083984578514118868e-04
2.604980723142648585e-05
2.604980723142648585e-05
2.604980723142648585e-05
2.604980723142648585e-05
2.604980723142648856e-04
2.604980723142648585e-05
2.083984578514118868e-04
2.344482650828383862e-04
2.083984578514118868e-04
1.562988433885589151e-04
2.344482650828383862e-04
2.604980723142648585e-05
5.209961446285297170e-05
1.302490361571324428e-04
1.823486506199854145e-04
2.344482650828383862e-04
2.604980723142648585e-05
1.823486506199854145e-04
2.604980723142648585e-05
1.823486506199854145e-04
2.604980723142648585e-05
2.604980723142648585e-05
2.344482650828383862e-04
2.344482650828383862e-04
2.083984578514118868e-04
2.344482650828383862e-04
2.604980723142648585e-05
1.302490361571324428e-04
2.865478795456913850e-04
2.604980723142648585e-05
1.562988433885589151e-04
1.302490361571324428e-04
1.823486506199854145e-04
1.823486506199854145e-04
2.083984578514118868e-04
1.823486506199854145e-04
1.302490361571324428e-04
2.604980723142648585e-05
1.041992289257059434e-04
1.562988433885589151e-04
1.562988433885589151e-04
5.209961446285297170e-05
1.302490361571324428e-04
2.604980723142648585e-05
1.302490361571324428e-04
2.604980723142648585e-05
1.562988433885589151e-04
1.302490361571324428e-04
5.209961446285297170e-05
5.209961446285297170e-05
2.083984578514118868e-04
1.302490361571324428e-04
1.302490361571324428e-04
7.814942169427945755e-05
1.823486506199854145e-04
1.562988433885589151e-04
2.604980723142648585e-05
2.083984578514118868e-04
2.083984578514118868e-04
2.604980723142648585e-05
2.344482650828383862e-04
2.604980723142648585e-05
1.562988433885589151e-04
5.209961446285297170e-05
1.562988433885589151e-04
1.302490361571324428e-04
1.562988433885589151e-04
2.083984578514118868e-04
1.041992289257059434e-04
7.814942169427945755e-05
1.823486506199854145e-04
1.302490361571324428e-04
2.083984578514118868e-04
1.823486506199854145e-04
2.604980723142648585e-05
1.823486506199854145e-04
1.041992289257059434e-04
1.041992289257059434e-04
1.823486506199854145e-04
2.083984578514118868e-04
2.344482650828383862e-04
1.823486506199854145e-04
2.083984578514118868e-04
1.823486506199854145e-04
2.083984578514118868e-04
1.041992289257059434e-04
7.814942169427945755e-05
2.604980723142648585e-05
1.562988433885589151e-04
1.823486506199854145e-04
1.302490361571324428e-04
2.604980723142648585e-05
1.823486506199854145e-04
1.562988433885589151e-04
2.604980723142648585e-05
2.604980723142648585e-05
7.814942169427945755e-05
1.302490361571324428e-04
1.302490361571324428e-04
1.041992289257059434e-04
2.604980723142648585e-05
1.823486506199854145e-04
5.209961446285297170e-05
2.604980723142648585e-05
1.302490361571324428e-04
1.041992289257059434e-04
1.823486506199854145e-04
2.604980723142648585e-05
1.562988433885589151e-04
1.302490361571324428e-04
2.604980723142648585e-05
1.562988433885589151e-04
2.604980723142648585e-05
1.302490361571324428e-04
1.823486506199854145e-04
1.562988433885589151e-04
1.823486506199854145e-04
2.604980723142648585e-05
1.302490361571324428e-04
2.604980723142648585e-05
5.209961446285297170e-05
2.604980723142648585e-05
1.302490361571324428e-04
1.041992289257059434e-04
2.604980723142648585e-05
5.209961446285297170e-05
1.041992289257059434e-04
2.604980723142648585e-05
1.041992289257059434e-04
1.302490361571324428e-04
1.823486506199854145e-04
1.302490361571324428e-04
2.604980723142648585e-05
1.041992289257059434e-04
1.562988433885589151e-04
1.041992289257059434e-04
1.562988433885589151e-04
2.604980723142648585e-05
2.604980723142648585e-05
1.041992289257059434e-04
2.604980723142648585e-05
1.823486506199854145e-04
2.604980723142648585e-05
1.041992289257059434e-04
2.604980723142648585e-05
2.604980723142648585e-05
1.041992289257059434e-04
7.814942169427945755e-05
2.604980723142648585e-05
1.302490361571324428e-04
1.562988433885589151e-04
1.041992289257059434e-04
2.604980723142648585e-05
1.302490361571324428e-04
1.041992289257059434e-04
2.604980723142648585e-05
1.302490361571324428e-04
2.604980723142648585e-05
7.814942169427945755e-05
5.209961446285297170e-05
1.041992289257059434e-04
7.814942169427945755e-05
2.604980723142648585e-05
5.209961446285297170e-05
7.814942169427945755e-05
1.041992289257059434e-04
1.041992289257059434e-04
2.604980723142648585e-05
1.302490361571324428e-04
1.562988433885589151e-04
2.604980723142648585e-05
2.604980723142648585e-05
1.041992289257059434e-04
1.041992289257059434e-04
5.209961446285297170e-05
1.562988433885589151e-04
1.302490361571324428e-04
2.604980723142648585e-05
2.604980723142648585e-05
1.041992289257059434e-04
7.814942169427945755e-05
2.604980723142648585e-05
1.041992289257059434e-04
1.302490361571324428e-04
1.302490361571324428e-04
5.209961446285297170e-05
1.302490361571324428e-04
1.041992289257059434e-04
5.209961446285297170e-05
2.604980723142648585e-05
2.604980723142648585e-05
7.814942169427945755e-05
1.302490361571324428e-04
7.814942169427945755e-05
2.604980723142648585e-05
1.302490361571324428e-04
2.604980723142648585e-05
7.814942169427945755e-05
7.814942169427945755e-05
1.041992289257059434e-04
1.302490361571324428e-04
1.041992289257059434e-04
1.302490361571324428e-04
5.209961446285297170e-05
1.041992289257059434e-04
2.604980723142648585e-05
5.209961446285297170e-05
1.041992289257059434e-04
1.041992289257059434e-04
7.814942169427945755e-05
1.041992289257059434e-04
1.302490361571324428e-04
2.604980723142648585e-05
2.604980723142648585e-05
1.041992289257059434e-04
1.302490361571324428e-04
1.302490361571324428e-04
7.814942169427945755e-05
2.604980723142648585e-05
7.814942169427945755e-05
1.041992289257059434e-04
7.814942169427945755e-05
2.604980723142648585e-05
1.302490361571324428e-04
2.604980723142648585e-05
1.302490361571324428e-04
7.814942169427945755e-05
1.041992289257059434e-04
1.302490361571324428e-04
1.041992289257059434e-04
2.604980723142648585e-05
1.041992289257059434e-04
2.604980723142648585e-05
1.302490361571324428e-04
7.814942169427945755e-05
2.604980723142648585e-05
1.302490361571324428e-04
7.814942169427945755e-05
1.041992289257059434e-04
1.041992289257059434e-04
2.604980723142648585e-05
1.302490361571324428e-04
7.814942169427945755e-05
7.814942169427945755e-05
1.302490361571324428e-04
1.041992289257059434e-04
5.209961446285297170e-05
7.814942169427945755e-05
2.604980723142648585e-05
1.302490361571324428e-04
1.041992289257059434e-04
1.302490361571324428e-04
1.041992289257059434e-04
5.209961446285297170e-05
1.041992289257059434e-04
1.302490361571324428e-04
1.041992289257059434e-04
7.814942169427945755e-05
1.041992289257059434e-04
1.041992289257059434e-04
1.041992289257059434e-04
7.814942169427945755e-05
7.814942169427945755e-05
7.814942169427945755e-05
1.041992289257059434e-04
2.604980723142648585e-05
5.209961446285297170e-05
5.209961446285297170e-05
7.814942169427945755e-05
2.604980723142648585e-05
7.814942169427945755e-05
1.041992289257059434e-04
7.814942169427945755e-05
7.814942169427945755e-05
7.814942169427945755e-05
1.302490361571324428e-04
1.302490361571324428e-04
7.814942169427945755e-05
7.814942169427945755e-05
1.041992289257059434e-04
5.209961446285297170e-05
1.041992289257059434e-04
2.604980723142648585e-05
7.814942169427945755e-05
7.814942169427945755e-05
1.041992289257059434e-04
1.302490361571324428e-04
2.604980723142648585e-05
5.209961446285297170e-05
7.814942169427945755e-05
2.604980723142648585e-05
1.041992289257059434e-04
1.041992289257059434e-04
7.814942169427945755e-05
5.209961446285297170e-05
2.604980723142648585e-05
2.604980723142648585e-05
1.041992289257059434e-04
1.041992289257059434e-04
2.604980723142648585e-05
2.604980723142648585e-05
7.814942169427945755e-05
7.814942169427945755e-05
5.209961446285297170e-05
7.814942169427945755e-05
1.041992289257059434e-04
2.604980723142648585e-05
1.041992289257059434e-04
2.604980723142648585e-05
2.604980723142648585e-05
5.209961446285297170e-05
1.041992289257059434e-04
7.814942169427945755e-05
7.814942169427945755e-05
2.604980723142648585e-05
2.604980723142648585e-05
5.209961446285297170e-05
2.604980723142648585e-05
5.209961446285297170e-05
2.604980723142648585e-05
5.209961446285297170e-05
7.814942169427945755e-05
2.604980723142648585e-05
7.814942169427945755e-05
7.814942169427945755e-05
2.604980723142648585e-05
5.209961446285297170e-05
5.209961446285297170e-05
7.814942169427945755e-05
5.209961446285297170e-05
5.209961446285297170e-05
5.209961446285297170e-05
2.604980723142648585e-05
5.209961446285297170e-05
7.814942169427945755e-05
2.604980723142648585e-05
7.814942169427945755e-05
7.814942169427945755e-05
7.814942169427945755e-05
2.604980723142648585e-05
2.604980723142648585e-05
2.604980723142648585e-05
2.604980723142648585e-05
7.814942169427945755e-05
7.814942169427945755e-05
5.209961446285297170e-05
2.604980723142648585e-05
5.209961446285297170e-05
5.209961446285297170e-05
7.814942169427945755e-05
2.604980723142648585e-05
2.604980723142648585e-05
7.814942169427945755e-05
7.814942169427945755e-05
5.209961446285297170e-05
5.209961446285297170e-05
5.209961446285297170e-05
5.209961446285297170e-05
5.209961446285297170e-05
5.209961446285297170e-05
5.209961446285297170e-05
7.814942169427945755e-05
7.814942169427945755e-05
7.814942169427945755e-05
