2.467395553239122921e-02
2.428305753307826234e-02
2.093081105412160359e-02
2.010163347982137083e-02
2.070574856966868327e-02
1.971073548050840396e-02
1.799315336231506468e-02
1.717582118193340668e-02
1.670200542519041306e-02
1.134788737399462268e-02
1.111097949562312760e-02
1.126496961656459940e-02
1.101621634427452957e-02
1.079115385982160752e-02
9.973821679439949517e-03
9.393397377429786588e-03
8.978808590279670210e-03
8.528683621373829571e-03
8.125940228142286212e-03
7.344144229516352471e-03
7.379680411272076732e-03
7.427061986946375746e-03
7.249381078167754441e-03
7.000627805877684615e-03
6.692647563994741020e-03
6.574193624808992616e-03
6.349131140356072296e-03
6.455739685623245079e-03
6.597884412646142123e-03
5.922696959287381165e-03
5.970078534961680179e-03
5.780552232264484121e-03
5.804243020101633628e-03
5.579180535648713309e-03
5.745016050508759860e-03
5.129055566742871802e-03
5.863469989694507396e-03
5.413345020788666757e-03
5.401499626870091136e-03
5.152746354580021310e-03
5.046137809312848527e-03
4.832920718778502961e-03
5.010601627557124266e-03
4.643394416081306902e-03
4.939529264045675744e-03
4.927683870127100990e-03
4.465713507302685598e-03
4.276187204605489539e-03
4.501249689058409859e-03
4.596012840407007888e-03
4.370950355954087568e-03
4.560476658651283627e-03
4.678930597837031163e-03
3.968206962722545077e-03
4.406486537709811829e-03
4.264341810686914785e-03
4.382795749872662322e-03
4.299877992442639046e-03
4.134042477582591628e-03
4.501249689058409859e-03
4.051124720152568352e-03
3.719453690432475250e-03
3.861598417455372294e-03
3.624690539083877221e-03
3.577308963409578206e-03
3.518081993816704438e-03
3.672072114758176235e-03
3.612845145165302467e-03
3.269328721526634177e-03
3.103493206666587626e-03
3.304864903282358438e-03
3.257483327608059424e-03
3.257483327608059424e-03
3.139029388422311887e-03
2.925812297887966321e-03
3.056111630992288612e-03
3.091647812748012873e-03
3.174565570178036148e-03
3.115338600585162380e-03
2.937657691806541075e-03
2.973193873562265336e-03
2.807358358702218785e-03
3.008730055317989597e-03
2.973193873562265336e-03
3.044266237073713858e-03
2.653368237760746554e-03
2.866585328295092553e-03
2.985039267480840090e-03
2.677059025597896061e-03
2.712595207353620756e-03
2.700749813435045568e-03
2.523068904656424263e-03
2.688904419516470815e-03
2.819203752620793538e-03
2.783667570865069277e-03
2.404614965470676727e-03
2.617832056005022293e-03
2.463841935063550495e-03
2.605986662086447539e-03
2.357233389796377712e-03
2.298006420203503944e-03
2.345387995877802959e-03
2.440151147226400988e-03
2.298006420203503944e-03
2.226934056692055422e-03
2.274315632366354437e-03
2.084789329669157944e-03
1.433292664147546277e-03
2.001871572239134669e-03
2.203243268854905915e-03
2.084789329669157944e-03
2.238779450610630176e-03
2.096634723587732698e-03
2.049253147913433683e-03
2.072943935750583191e-03
1.942644602646260901e-03
2.001871572239134669e-03
1.990026178320559915e-03
2.001871572239134669e-03
1.859726845216237625e-03
1.800499875623363857e-03
1.954489996564835654e-03
1.824190663460513364e-03
1.883417633053387132e-03
1.836036057379088118e-03
1.883417633053387132e-03
1.764963693867639596e-03
1.753118299949064842e-03
1.575437391170443320e-03
1.693891330356191074e-03
1.705736724274765827e-03
1.824190663460513364e-03
1.705736724274765827e-03
1.788654481704789103e-03
1.836036057379088118e-03
1.836036057379088118e-03
1.847881451297662871e-03
1.717582118193340581e-03
1.575437391170443320e-03
1.764963693867639596e-03
9.713223013231304503e-04
1.528055815496144306e-03
1.682045936437616320e-03
1.622818966844742335e-03
1.575437391170443320e-03
1.539901209414719059e-03
1.563591997251868567e-03
1.480674239821845291e-03
1.646509754681891842e-03
1.587282785089018074e-03
1.468828845903270537e-03
1.255611755368924755e-03
1.314838724961798523e-03
1.456983451984695784e-03
1.480674239821845291e-03
1.456983451984695784e-03
1.516210421577569552e-03
1.385911088473247262e-03
1.492519633740420045e-03
1.220075573613200494e-03
1.456983451984695784e-03
1.445138058066121030e-03
1.409601876310396769e-03
1.267457149287499509e-03
1.528055815496144306e-03
1.291147937124649016e-03
1.468828845903270537e-03
1.445138058066121030e-03
1.397756482391822016e-03
1.350374906717522784e-03
1.409601876310396769e-03
1.279302543206074262e-03
1.362220300636097755e-03
1.302993331043223769e-03
1.302993331043223769e-03
1.350374906717522784e-03
1.279302543206074262e-03
1.397756482391822016e-03
1.184539391857476233e-03
1.172693997938901479e-03
1.184539391857476233e-03
1.302993331043223769e-03
1.231920967531775248e-03
1.208230179694625740e-03
1.338529512798948030e-03
1.184539391857476233e-03
1.267457149287499509e-03
1.243766361450350001e-03
1.113467028346027711e-03
1.255611755368924755e-03
1.279302543206074262e-03
1.279302543206074262e-03
1.291147937124649016e-03
1.137157816183177218e-03
1.172693997938901479e-03
1.172693997938901479e-03
1.077930846590303450e-03
1.137157816183177218e-03
1.125312422264602465e-03
1.137157816183177218e-03
1.089776240508878204e-03
1.137157816183177218e-03
1.137157816183177218e-03
1.077930846590303450e-03
1.137157816183177218e-03
1.113467028346027711e-03
9.594769074045556966e-04
1.018703876997429465e-03
1.006858483078854711e-03
9.594769074045556966e-04
1.006858483078854711e-03
1.030549270916004219e-03
9.476315134859809430e-04
1.077930846590303450e-03
1.006858483078854711e-03
1.054240058753153943e-03
8.291775743002334064e-04
9.594769074045556966e-04
9.594769074045556966e-04
9.831676952417052039e-04
9.831676952417052039e-04
9.239407256488314357e-04
9.120953317302566820e-04
8.765591499745324210e-04
8.884045438931071747e-04
9.713223013231304503e-04
9.831676952417052039e-04
9.713223013231304503e-04
9.594769074045556966e-04
8.173321803816585443e-04
9.476315134859809430e-04
9.476315134859809430e-04
8.884045438931071747e-04
9.594769074045556966e-04
9.594769074045556966e-04
6.751874533587613920e-04
8.884045438931071747e-04
9.476315134859809430e-04
9.476315134859809430e-04
8.765591499745324210e-04
8.884045438931071747e-04
1.302993331043223715e-04
8.173321803816585443e-04
9.239407256488314357e-04
9.239407256488314357e-04
8.884045438931071747e-04
8.173321803816585443e-04
8.410229682188081601e-04
8.528683621373829137e-04
7.462598168702100224e-04
8.528683621373829137e-04
8.054867864630837907e-04
8.647137560559576674e-04
8.173321803816585443e-04
7.936413925445090370e-04
8.410229682188081601e-04
7.462598168702100224e-04
8.173321803816585443e-04
8.054867864630837907e-04
8.173321803816585443e-04
6.751874533587613920e-04
8.054867864630837907e-04
6.633420594401866384e-04
7.225690290330605151e-04
7.462598168702100224e-04
7.817959986259342834e-04
6.633420594401866384e-04
7.699506047073595297e-04
6.278058776844623774e-04
6.633420594401866384e-04
7.225690290330605151e-04
6.988782411959110078e-04
7.699506047073595297e-04
6.988782411959110078e-04
6.751874533587613920e-04
7.462598168702100224e-04
1.895263026971961940e-04
6.988782411959110078e-04
7.344144229516352687e-04
6.988782411959110078e-04
5.922696959287381165e-04
7.344144229516352687e-04
6.633420594401866384e-04
5.804243020101633628e-04
6.278058776844623774e-04
7.107236351144857614e-04
6.396512716030371311e-04
6.988782411959110078e-04
6.751874533587613920e-04
6.159604837658876238e-04
6.278058776844623774e-04
6.751874533587613920e-04
6.633420594401866384e-04
5.567335141730138555e-04
6.633420594401866384e-04
6.278058776844623774e-04
5.922696959287381165e-04
6.159604837658876238e-04
5.567335141730138555e-04
5.330427263358643482e-04
5.922696959287381165e-04
5.685789080915886091e-04
5.567335141730138555e-04
6.278058776844623774e-04
6.278058776844623774e-04
5.804243020101633628e-04
6.278058776844623774e-04
6.041150898473128701e-04
5.330427263358643482e-04
5.330427263358643482e-04
5.448881202544391018e-04
5.804243020101633628e-04
5.804243020101633628e-04
5.211973324172894861e-04
5.804243020101633628e-04
1.421447270228971523e-04
5.685789080915886091e-04
4.856611506615652251e-04
5.093519384987147324e-04
5.685789080915886091e-04
5.093519384987147324e-04
5.448881202544391018e-04
5.567335141730138555e-04
5.211973324172894861e-04
5.685789080915886091e-04
5.685789080915886091e-04
4.738157567429904715e-04
4.619703628244157178e-04
5.211973324172894861e-04
5.448881202544391018e-04
4.738157567429904715e-04
4.856611506615652251e-04
5.330427263358643482e-04
4.738157567429904715e-04
4.975065445801399788e-04
5.093519384987147324e-04
5.330427263358643482e-04
4.619703628244157178e-04
5.211973324172894861e-04
5.330427263358643482e-04
5.330427263358643482e-04
4.856611506615652251e-04
4.856611506615652251e-04
4.975065445801399788e-04
4.856611506615652251e-04
4.975065445801399788e-04
5.093519384987147324e-04
4.738157567429904715e-04
4.145887871501167032e-04
4.975065445801399788e-04
4.856611506615652251e-04
5.093519384987147324e-04
5.093519384987147324e-04
5.093519384987147324e-04
4.145887871501167032e-04
5.093519384987147324e-04
4.975065445801399788e-04
4.501249689058409642e-04
3.908979993129671417e-04
4.975065445801399788e-04
4.145887871501167032e-04
4.619703628244157178e-04
4.856611506615652251e-04
4.856611506615652251e-04
4.619703628244157178e-04
4.856611506615652251e-04
4.145887871501167032e-04
4.619703628244157178e-04
3.672072114758176344e-04
4.382795749872662105e-04
4.382795749872662105e-04
4.738157567429904715e-04
4.738157567429904715e-04
4.738157567429904715e-04
4.382795749872662105e-04
3.908979993129671417e-04
4.619703628244157178e-04
4.145887871501167032e-04
4.619703628244157178e-04
3.672072114758176344e-04
4.264341810686914569e-04
4.501249689058409642e-04
4.145887871501167032e-04
4.027433932315418953e-04
4.619703628244157178e-04
4.501249689058409642e-04
4.264341810686914569e-04
3.672072114758176344e-04
3.553618175572428807e-04
4.145887871501167032e-04
4.145887871501167032e-04
4.382795749872662105e-04
3.908979993129671417e-04
4.027433932315418953e-04
4.382795749872662105e-04
4.382795749872662105e-04
2.724440601272195509e-04
4.264341810686914569e-04
4.145887871501167032e-04
4.264341810686914569e-04
3.790526053943923880e-04
4.264341810686914569e-04
4.264341810686914569e-04
4.027433932315418953e-04
4.264341810686914569e-04
4.264341810686914569e-04
4.264341810686914569e-04
4.264341810686914569e-04
3.435164236386681271e-04
2.724440601272195509e-04
3.435164236386681271e-04
3.553618175572428807e-04
3.672072114758176344e-04
3.908979993129671417e-04
3.672072114758176344e-04
4.145887871501167032e-04
3.790526053943923880e-04
4.027433932315418953e-04
3.553618175572428807e-04
3.672072114758176344e-04
3.790526053943923880e-04
3.908979993129671417e-04
3.672072114758176344e-04
3.908979993129671417e-04
3.908979993129671417e-04
2.013716966157709477e-04
3.790526053943923880e-04
3.908979993129671417e-04
3.908979993129671417e-04
3.672072114758176344e-04
3.435164236386681271e-04
3.435164236386681271e-04
3.790526053943923880e-04
3.553618175572428807e-04
3.198256358015185655e-04
3.435164236386681271e-04
3.672072114758176344e-04
3.672072114758176344e-04
3.672072114758176344e-04
3.672072114758176344e-04
3.198256358015185655e-04
3.435164236386681271e-04
2.961348479643690582e-04
3.553618175572428807e-04
3.553618175572428807e-04
3.079802418829438119e-04
3.553618175572428807e-04
2.842894540457943046e-04
3.316710297200933192e-04
3.553618175572428807e-04
3.316710297200933192e-04
3.435164236386681271e-04
2.961348479643690582e-04
2.961348479643690582e-04
2.961348479643690582e-04
3.316710297200933192e-04
2.961348479643690582e-04
3.435164236386681271e-04
3.435164236386681271e-04
2.724440601272195509e-04
2.961348479643690582e-04
3.198256358015185655e-04
3.198256358015185655e-04
2.961348479643690582e-04
3.198256358015185655e-04
2.132170905343457284e-04
3.198256358015185655e-04
2.961348479643690582e-04
2.724440601272195509e-04
3.079802418829438119e-04
2.961348479643690582e-04
2.487532722900699894e-04
3.079802418829438119e-04
3.198256358015185655e-04
2.487532722900699894e-04
3.079802418829438119e-04
2.369078783714952425e-05
2.369078783714952357e-04
2.842894540457943046e-04
2.842894540457943046e-04
2.605986662086447431e-04
3.079802418829438119e-04
2.961348479643690582e-04
2.369078783714952425e-05
2.250624844529204821e-04
2.961348479643690582e-04
2.961348479643690582e-04
3.079802418829438119e-04
3.079802418829438119e-04
3.079802418829438119e-04
2.369078783714952357e-04
2.961348479643690582e-04
2.961348479643690582e-04
2.961348479643690582e-04
2.250624844529204821e-04
2.013716966157709477e-04
1.895263026971961940e-04
2.724440601272195509e-04
2.605986662086447431e-04
2.132170905343457284e-04
2.842894540457943046e-04
2.842894540457943046e-04
2.605986662086447431e-04
2.842894540457943046e-04
2.842894540457943046e-04
2.724440601272195509e-04
2.842894540457943046e-04
2.487532722900699894e-04
2.013716966157709477e-04
2.724440601272195509e-04
2.724440601272195509e-04
2.487532722900699894e-04
2.724440601272195509e-04
2.487532722900699894e-04
2.605986662086447431e-04
2.487532722900699894e-04
2.487532722900699894e-04
2.724440601272195509e-04
2.724440601272195509e-04
2.724440601272195509e-04
2.605986662086447431e-04
2.605986662086447431e-04
2.487532722900699894e-04
2.487532722900699894e-04
2.487532722900699894e-04
2.487532722900699894e-04
2.250624844529204821e-04
2.250624844529204821e-04
2.487532722900699894e-04
2.487532722900699894e-04
2.369078783714952357e-04
2.487532722900699894e-04
2.013716966157709477e-04
2.250624844529204821e-04
2.369078783714952357e-04
2.369078783714952357e-04
2.250624844529204821e-04
2.369078783714952357e-04
1.895263026971961940e-04
2.132170905343457284e-04
2.250624844529204821e-04
2.369078783714952357e-04
2.369078783714952357e-04
2.132170905343457284e-04
2.250624844529204821e-04
1.776809087786214404e-04
1.658355148600466596e-04
2.132170905343457284e-04
2.132170905343457284e-04
2.250624844529204821e-04
1.895263026971961940e-04
2.013716966157709477e-04
2.250624844529204821e-04
2.132170905343457284e-04
2.013716966157709477e-04
2.250624844529204821e-04
2.013716966157709477e-04
1.895263026971961940e-04
1.302993331043223715e-04
2.250624844529204821e-04
2.250624844529204821e-04
1.658355148600466596e-04
2.132170905343457284e-04
2.250624844529204821e-04
2.132170905343457284e-04
2.013716966157709477e-04
1.776809087786214404e-04
2.250624844529204821e-04
1.302993331043223715e-04
1.776809087786214404e-04
2.013716966157709477e-04
2.013716966157709477e-04
1.539901209414719059e-04
1.776809087786214404e-04
2.132170905343457284e-04
2.132170905343457284e-04
2.132170905343457284e-04
1.895263026971961940e-04
1.895263026971961940e-04
2.132170905343457284e-04
3.553618175572428807e-05
1.776809087786214404e-04
1.539901209414719059e-04
2.013716966157709477e-04
2.013716966157709477e-04
2.013716966157709477e-04
2.013716966157709477e-04
2.013716966157709477e-04
2.013716966157709477e-04
1.776809087786214404e-04
2.013716966157709477e-04
1.539901209414719059e-04
2.013716966157709477e-04
2.013716966157709477e-04
2.013716966157709477e-04
2.013716966157709477e-04
1.895263026971961940e-04
2.013716966157709477e-04
1.539901209414719059e-04
1.539901209414719059e-04
1.776809087786214404e-04
1.776809087786214404e-04
1.539901209414719059e-04
2.013716966157709477e-04
3.553618175572428807e-05
2.013716966157709477e-04
1.895263026971961940e-04
1.776809087786214404e-04
1.895263026971961940e-04
1.776809087786214404e-04
1.895263026971961940e-04
1.895263026971961940e-04
1.658355148600466596e-04
1.776809087786214404e-04
1.658355148600466596e-04
1.539901209414719059e-04
1.776809087786214404e-04
1.776809087786214404e-04
1.776809087786214404e-04
1.184539391857476213e-05
1.539901209414719059e-04
1.776809087786214404e-04
1.776809087786214404e-04
3.553618175572428807e-05
1.184539391857476213e-05
1.302993331043223715e-04
1.776809087786214404e-04
1.539901209414719059e-04
1.539901209414719059e-04
1.776809087786214404e-04
1.776809087786214404e-04
1.776809087786214404e-04
1.776809087786214404e-04
1.776809087786214404e-04
1.776809087786214404e-04
1.539901209414719059e-04
1.658355148600466596e-04
1.658355148600466596e-04
1.421447270228971523e-04
1.539901209414719059e-04
1.184539391857476179e-04
1.658355148600466596e-04
1.539901209414719059e-04
1.421447270228971523e-04
1.658355148600466596e-04
1.658355148600466596e-04
1.421447270228971523e-04
1.184539391857476179e-04
1.658355148600466596e-04
1.421447270228971523e-04
1.658355148600466596e-04
1.539901209414719059e-04
1.539901209414719059e-04
1.302993331043223715e-04
1.539901209414719059e-04
1.539901209414719059e-04
1.066085452671728642e-04
1.539901209414719059e-04
1.302993331043223715e-04
1.539901209414719059e-04
1.539901209414719059e-04
1.539901209414719059e-04
1.421447270228971523e-04
1.302993331043223715e-04
1.539901209414719059e-04
1.539901209414719059e-04
1.539901209414719059e-04
1.539901209414719059e-04
1.539901209414719059e-04
1.539901209414719059e-04
1.539901209414719059e-04
1.421447270228971523e-04
1.421447270228971523e-04
1.184539391857476179e-04
1.539901209414719059e-04
1.539901209414719059e-04
1.302993331043223715e-04
1.421447270228971523e-04
1.421447270228971523e-04
1.302993331043223715e-04
1.302993331043223715e-04
1.302993331043223715e-04
9.476315134859809701e-05
1.421447270228971523e-04
1.184539391857476179e-04
1.421447270228971523e-04
1.302993331043223715e-04
1.184539391857476179e-04
1.302993331043223715e-04
1.302993331043223715e-04
1.421447270228971523e-04
1.421447270228971523e-04
1.066085452671728642e-04
1.302993331043223715e-04
1.302993331043223715e-04
1.302993331043223715e-04
1.302993331043223715e-04
1.302993331043223715e-04
1.302993331043223715e-04
1.302993331043223715e-04
1.302993331043223715e-04
1.066085452671728642e-04
9.476315134859809701e-05
1.302993331043223715e-04
1.302993331043223715e-04
1.184539391857476179e-04
1.302993331043223715e-04
1.066085452671728642e-04
1.184539391857476179e-04
1.302993331043223715e-04
1.302993331043223715e-04
8.291775743002332980e-05
1.302993331043223715e-04
1.184539391857476213e-05
1.184539391857476179e-04
1.302993331043223715e-04
1.302993331043223715e-04
1.302993331043223715e-04
1.066085452671728642e-04
1.302993331043223715e-04
1.184539391857476179e-04
1.302993331043223715e-04
5.922696959287380894e-05
1.302993331043223715e-04
1.302993331043223715e-04
1.302993331043223715e-04
1.302993331043223715e-04
1.184539391857476179e-04
1.302993331043223715e-04
1.066085452671728642e-04
1.066085452671728642e-04
9.476315134859809701e-05
1.184539391857476179e-04
1.184539391857476179e-04
1.066085452671728642e-04
9.476315134859809701e-05
1.066085452671728642e-04
1.184539391857476179e-04
9.476315134859809701e-05
1.184539391857476179e-04
1.184539391857476179e-04
1.184539391857476179e-04
1.066085452671728642e-04
1.184539391857476179e-04
1.066085452671728642e-04
5.922696959287380894e-05
1.066085452671728642e-04
1.066085452671728642e-04
8.291775743002332980e-05
1.066085452671728642e-04
5.922696959287380894e-05
1.066085452671728642e-04
1.066085452671728642e-04
1.066085452671728642e-04
1.066085452671728642e-04
1.066085452671728642e-04
9.476315134859809701e-05
1.066085452671728642e-04
5.922696959287380894e-05
9.476315134859809701e-05
1.066085452671728642e-04
1.066085452671728642e-04
9.476315134859809701e-05
1.066085452671728642e-04
1.066085452671728642e-04
8.291775743002332980e-05
9.476315134859809701e-05
1.066085452671728642e-04
8.291775743002332980e-05
1.066085452671728642e-04
1.066085452671728642e-04
1.066085452671728642e-04
9.476315134859809701e-05
9.476315134859809701e-05
1.066085452671728642e-04
1.066085452671728642e-04
1.066085452671728642e-04
8.291775743002332980e-05
1.066085452671728642e-04
1.066085452671728642e-04
5.922696959287380894e-05
1.184539391857476213e-05
1.066085452671728642e-04
1.066085452671728642e-04
1.066085452671728642e-04
1.066085452671728642e-04
8.291775743002332980e-05
1.066085452671728642e-04
1.066085452671728642e-04
1.066085452671728642e-04
5.922696959287380894e-05
5.922696959287380894e-05
8.291775743002332980e-05
1.066085452671728642e-04
1.066085452671728642e-04
8.291775743002332980e-05
8.291775743002332980e-05
5.922696959287380894e-05
9.476315134859809701e-05
7.107236351144857614e-05
9.476315134859809701e-05
9.476315134859809701e-05
8.291775743002332980e-05
9.476315134859809701e-05
7.107236351144857614e-05
8.291775743002332980e-05
8.291775743002332980e-05
9.476315134859809701e-05
9.476315134859809701e-05
9.476315134859809701e-05
9.476315134859809701e-05
9.476315134859809701e-05
7.107236351144857614e-05
5.922696959287380894e-05
9.476315134859809701e-05
7.107236351144857614e-05
9.476315134859809701e-05
8.291775743002332980e-05
5.922696959287380894e-05
8.291775743002332980e-05
8.291775743002332980e-05
7.107236351144857614e-05
8.291775743002332980e-05
8.291775743002332980e-05
8.291775743002332980e-05
5.922696959287380894e-05
8.291775743002332980e-05
7.107236351144857614e-05
7.107236351144857614e-05
8.291775743002332980e-05
8.291775743002332980e-05
8.291775743002332980e-05
5.922696959287380894e-05
8.291775743002332980e-05
5.922696959287380894e-05
8.291775743002332980e-05
5.922696959287380894e-05
8.291775743002332980e-05
8.291775743002332980e-05
5.922696959287380894e-05
8.291775743002332980e-05
8.291775743002332980e-05
7.107236351144857614e-05
8.291775743002332980e-05
5.922696959287380894e-05
8.291775743002332980e-05
8.291775743002332980e-05
8.291775743002332980e-05
8.291775743002332980e-05
8.291775743002332980e-05
8.291775743002332980e-05
8.291775743002332980e-05
8.291775743002332980e-05
8.291775743002332980e-05
8.291775743002332980e-05
8.291775743002332980e-05
3.553618175572428807e-05
8.291775743002332980e-05
5.922696959287380894e-05
8.291775743002332980e-05
8.291775743002332980e-05
8.291775743002332980e-05
8.291775743002332980e-05
8.291775743002332980e-05
8.291775743002332980e-05
8.291775743002332980e-05
8.291775743002332980e-05
5.922696959287380894e-05
8.291775743002332980e-05
8.291775743002332980e-05
8.291775743002332980e-05
8.291775743002332980e-05
7.107236351144857614e-05
8.291775743002332980e-05
8.291775743002332980e-05
8.291775743002332980e-05
5.922696959287380894e-05
8.291775743002332980e-05
8.291775743002332980e-05
8.291775743002332980e-05
8.291775743002332980e-05
8.291775743002332980e-05
8.291775743002332980e-05
8.291775743002332980e-05
8.291775743002332980e-05
7.107236351144857614e-05
7.107236351144857614e-05
7.107236351144857614e-05
7.107236351144857614e-05
7.107236351144857614e-05
4.738157567429904850e-05
7.107236351144857614e-05
7.107236351144857614e-05
5.922696959287380894e-05
7.107236351144857614e-05
4.738157567429904850e-05
7.107236351144857614e-05
7.107236351144857614e-05
7.107236351144857614e-05
7.107236351144857614e-05
