2.612920329975215034e-02
2.156676572499599195e-02
2.083924189550784983e-02
1.843471398448771198e-02
1.749756464480806822e-02
1.675770990295571972e-02
1.392160005918837914e-02
1.363798907481164613e-02
1.239256692602685658e-02
1.217061050347115203e-02
1.196098499327965213e-02
1.162805035944609530e-02
1.120879933906309724e-02
9.272846097882782995e-03
9.075551500055489482e-03
9.149536974240724332e-03
8.274042196382110775e-03
8.545322268394639140e-03
8.249380371653698002e-03
7.719151139992847660e-03
8.126071248011641074e-03
8.052085773826406223e-03
7.793136614178083378e-03
7.793136614178083378e-03
7.817798438906495284e-03
7.287569207245644075e-03
7.102605521782556948e-03
6.892980011591057915e-03
6.510721728300677275e-03
6.917641836319468954e-03
6.818994537405823064e-03
6.560045377757500219e-03
6.461398078843853462e-03
6.325758042837589280e-03
6.066808883189267303e-03
4.550106662391950260e-03
5.869514285361973789e-03
6.103801620281884728e-03
5.894176110090385695e-03
5.733874249355709607e-03
5.758536074084121513e-03
5.659888775170474756e-03
5.598234213349445425e-03
5.388608703157946392e-03
5.474925089707387629e-03
5.598234213349445425e-03
5.302292316608506022e-03
5.154321368238036320e-03
5.265299579515888596e-03
4.352812064564656747e-03
4.611761224212979592e-03
4.772063084947655680e-03
4.587099399484567686e-03
4.587099399484567686e-03
4.315819327472039321e-03
4.402135714021480559e-03
4.389804801657275039e-03
4.352812064564656747e-03
4.402135714021480559e-03
4.118524729644746675e-03
4.241833853286804470e-03
4.007546518366894399e-03
4.155517466737364100e-03
3.970553781274276106e-03
4.081531992552129250e-03
3.723935533990160082e-03
3.871906482360629783e-03
3.871906482360629783e-03
3.736266446354365601e-03
3.649950059804924797e-03
3.637619147440719278e-03
3.686942796897542656e-03
3.526640936162866568e-03
3.612957322712307372e-03
3.514310023798661049e-03
3.292353601242956063e-03
3.329346338335573488e-03
3.317015425971367535e-03
3.218368127057721212e-03
3.329346338335573488e-03
3.033404441594633651e-03
3.218368127057721212e-03
2.934757142680986895e-03
2.934757142680986895e-03
2.860771668495752044e-03
3.008742616866221745e-03
2.564829771754812207e-03
2.922426230316780942e-03
2.885433493224163516e-03
2.762124369582105287e-03
2.860771668495752044e-03
2.799117106674722712e-03
2.860771668495752044e-03
2.749793457217899768e-03
2.823778931403134618e-03
2.712800720125281909e-03
2.811448019038928665e-03
2.749793457217899768e-03
2.663477070668458964e-03
2.700469807761076389e-03
2.577160684119018160e-03
2.651146158304253011e-03
2.416858823384342072e-03
2.527837034662194782e-03
2.527837034662194782e-03
2.478513385205371403e-03
2.392196998655930600e-03
2.256556962649666417e-03
2.367535173927518694e-03
2.453851560476959497e-03
2.367535173927518694e-03
2.392196998655930600e-03
2.342873349199107221e-03
2.170240576100225614e-03
2.145578751371814141e-03
2.046931452458167384e-03
2.182571488464431567e-03
2.046931452458167384e-03
2.108586014279196716e-03
2.009938715365549959e-03
2.059262364822373337e-03
2.046931452458167384e-03
1.997607803001344006e-03
1.972945978272932534e-03
1.997607803001344006e-03
1.923622328816109155e-03
1.985276890637138053e-03
1.923622328816109155e-03
2.046931452458167384e-03
1.960615065908726581e-03
1.800313205174050926e-03
2.071593277186578857e-03
1.923622328816109155e-03
1.874298679359285777e-03
1.849636854630874088e-03
1.849636854630874088e-03
1.800313205174050926e-03
1.775651380445639237e-03
1.763320468081433284e-03
1.689334993896198433e-03
1.738658643353021595e-03
1.689334993896198433e-03
1.701665906260404169e-03
1.664673169167786744e-03
1.627680432075169319e-03
1.677004081531992480e-03
1.553694957889934251e-03
1.590687694982551676e-03
1.529033133161522562e-03
1.627680432075169319e-03
1.640011344439375055e-03
1.640011344439375055e-03
1.492040396068905136e-03
1.467378571340493447e-03
1.541364045525728515e-03
1.504371308433110873e-03
1.467378571340493447e-03
1.504371308433110873e-03
1.492040396068905136e-03
1.467378571340493447e-03
1.504371308433110873e-03
1.516702220797316826e-03
1.455047658976287711e-03
1.418054921883670069e-03
1.442716746612081758e-03
1.418054921883670069e-03
1.467378571340493447e-03
1.344069447698435218e-03
1.393393097155258597e-03
1.356400360062640954e-03
1.245422148784788678e-03
1.381062184791052644e-03
1.245422148784788678e-03
1.368731272426846907e-03
1.344069447698435218e-03
1.331738535334229482e-03
1.307076710605817793e-03
1.356400360062640954e-03
1.294745798241611840e-03
1.257753061148994414e-03
1.331738535334229482e-03
1.233091236420582725e-03
1.270083973513200151e-03
1.257753061148994414e-03
1.220760324056376989e-03
1.220760324056376989e-03
1.245422148784788678e-03
1.220760324056376989e-03
1.257753061148994414e-03
1.159105762235347874e-03
1.183767586963759347e-03
1.146774849871141921e-03
1.109782112778524496e-03
1.183767586963759347e-03
1.171436674599553611e-03
1.220760324056376989e-03
1.134443937506936185e-03
1.048127550957495381e-03
1.183767586963759347e-03
1.109782112778524496e-03
1.072789375685907071e-03
1.146774849871141921e-03
1.097451200414318760e-03
1.097451200414318760e-03
1.060458463321701118e-03
1.134443937506936185e-03
1.134443937506936185e-03
1.048127550957495381e-03
1.072789375685907071e-03
1.035796638593289428e-03
1.060458463321701118e-03
9.988039015006720030e-04
9.988039015006720030e-04
1.048127550957495381e-03
9.988039015006720030e-04
1.060458463321701118e-03
9.988039015006720030e-04
1.011134813864877956e-03
1.011134813864877956e-03
9.741420767722604223e-04
9.741420767722604223e-04
9.864729891364662669e-04
1.023465726229083692e-03
9.864729891364662669e-04
1.011134813864877956e-03
9.618111644080545777e-04
9.741420767722604223e-04
9.494802520438487331e-04
9.124875149512311993e-04
9.618111644080545777e-04
9.248184273154370439e-04
8.631638654944079293e-04
9.248184273154370439e-04
8.878256902228196185e-04
6.412074429387030518e-04
9.001566025870254631e-04
8.385020407659962401e-04
9.371493396796428885e-04
8.754947778586137739e-04
7.891783913091729701e-04
7.151929171239380109e-04
8.015093036733788147e-04
7.151929171239380109e-04
8.385020407659962401e-04
8.015093036733788147e-04
8.015093036733788147e-04
7.891783913091729701e-04
8.015093036733788147e-04
7.645165665807612809e-04
7.645165665807612809e-04
7.398547418523497001e-04
7.521856542165554363e-04
6.412074429387030518e-04
7.645165665807612809e-04
7.398547418523497001e-04
7.768474789449671255e-04
7.891783913091729701e-04
7.398547418523497001e-04
6.905310923955263218e-04
6.905310923955263218e-04
7.645165665807612809e-04
7.645165665807612809e-04
7.028620047597321664e-04
6.782001800313204772e-04
7.275238294881438555e-04
6.905310923955263218e-04
7.151929171239380109e-04
7.151929171239380109e-04
6.535383553029088964e-04
6.905310923955263218e-04
6.412074429387030518e-04
7.028620047597321664e-04
6.165456182102913626e-04
6.165456182102913626e-04
6.905310923955263218e-04
6.658692676671147410e-04
6.782001800313204772e-04
6.658692676671147410e-04
6.412074429387030518e-04
6.658692676671147410e-04
6.042147058460855180e-04
6.042147058460855180e-04
6.165456182102913626e-04
6.535383553029088964e-04
5.918837934818796734e-04
5.918837934818796734e-04
6.165456182102913626e-04
6.042147058460855180e-04
5.302292316608505588e-04
5.795528811176739372e-04
6.042147058460855180e-04
5.918837934818796734e-04
1.849636854630874250e-04
6.042147058460855180e-04
5.795528811176739372e-04
5.302292316608505588e-04
5.548910563892622480e-04
5.918837934818796734e-04
5.918837934818796734e-04
5.918837934818796734e-04
5.918837934818796734e-04
5.918837934818796734e-04
5.918837934818796734e-04
5.425601440250564034e-04
5.672219687534680926e-04
5.795528811176739372e-04
5.548910563892622480e-04
5.548910563892622480e-04
4.685746698398214442e-04
5.425601440250564034e-04
5.178983192966447142e-04
5.178983192966447142e-04
5.425601440250564034e-04
4.685746698398214442e-04
5.548910563892622480e-04
4.809055822040272888e-04
5.055674069324389780e-04
4.932364945682331334e-04
5.178983192966447142e-04
5.055674069324389780e-04
5.425601440250564034e-04
5.302292316608505588e-04
4.932364945682331334e-04
5.178983192966447142e-04
4.562437574756155996e-04
5.425601440250564034e-04
4.809055822040272888e-04
5.178983192966447142e-04
5.055674069324389780e-04
4.932364945682331334e-04
4.932364945682331334e-04
4.439128451114098092e-04
5.055674069324389780e-04
4.562437574756155996e-04
4.932364945682331334e-04
4.932364945682331334e-04
4.932364945682331334e-04
4.685746698398214442e-04
4.439128451114098092e-04
4.685746698398214442e-04
4.809055822040272888e-04
4.809055822040272888e-04
4.809055822040272888e-04
4.809055822040272888e-04
4.562437574756155996e-04
4.932364945682331334e-04
4.562437574756155996e-04
4.439128451114098092e-04
4.809055822040272888e-04
4.562437574756155996e-04
4.685746698398214442e-04
4.562437574756155996e-04
4.685746698398214442e-04
4.685746698398214442e-04
4.439128451114098092e-04
4.562437574756155996e-04
4.315819327472039646e-04
4.809055822040272888e-04
4.069201080187923297e-04
4.069201080187923297e-04
4.439128451114098092e-04
4.069201080187923297e-04
3.082728091051456813e-04
4.562437574756155996e-04
3.575964585619690055e-04
9.864729891364662127e-05
4.315819327472039646e-04
4.315819327472039646e-04
3.699273709261748501e-04
3.329346338335573705e-04
4.069201080187923297e-04
3.452655461977631609e-04
3.699273709261748501e-04
3.945891956545864851e-04
4.192510203829981200e-04
3.945891956545864851e-04
3.452655461977631609e-04
4.069201080187923297e-04
4.192510203829981200e-04
4.192510203829981200e-04
3.699273709261748501e-04
4.192510203829981200e-04
3.082728091051456813e-04
3.822582832903806405e-04
4.069201080187923297e-04
4.439128451114098092e-04
3.699273709261748501e-04
3.945891956545864851e-04
4.069201080187923297e-04
3.206037214693515259e-04
3.822582832903806405e-04
3.945891956545864851e-04
3.452655461977631609e-04
3.822582832903806405e-04
4.069201080187923297e-04
3.945891956545864851e-04
4.192510203829981200e-04
3.945891956545864851e-04
3.699273709261748501e-04
3.575964585619690055e-04
3.452655461977631609e-04
3.822582832903806405e-04
3.822582832903806405e-04
3.699273709261748501e-04
3.699273709261748501e-04
3.822582832903806405e-04
3.452655461977631609e-04
3.452655461977631609e-04
3.822582832903806405e-04
3.452655461977631609e-04
3.822582832903806405e-04
3.329346338335573705e-04
3.452655461977631609e-04
3.329346338335573705e-04
3.575964585619690055e-04
3.699273709261748501e-04
3.329346338335573705e-04
2.589491596483223571e-04
3.329346338335573705e-04
3.452655461977631609e-04
3.329346338335573705e-04
3.329346338335573705e-04
3.329346338335573705e-04
3.329346338335573705e-04
2.959418967409398367e-04
3.452655461977631609e-04
3.329346338335573705e-04
2.959418967409398367e-04
3.575964585619690055e-04
2.466182472841165667e-04
3.575964585619690055e-04
3.082728091051456813e-04
3.452655461977631609e-04
3.082728091051456813e-04
3.452655461977631609e-04
3.329346338335573705e-04
3.329346338335573705e-04
3.082728091051456813e-04
2.959418967409398367e-04
2.959418967409398367e-04
3.329346338335573705e-04
3.082728091051456813e-04
3.082728091051456813e-04
3.082728091051456813e-04
3.206037214693515259e-04
3.329346338335573705e-04
2.959418967409398367e-04
3.082728091051456813e-04
3.329346338335573705e-04
3.082728091051456813e-04
2.959418967409398367e-04
2.959418967409398367e-04
2.836109843767340463e-04
2.836109843767340463e-04
2.959418967409398367e-04
2.959418967409398367e-04
2.836109843767340463e-04
2.836109843767340463e-04
2.712800720125282017e-04
2.836109843767340463e-04
3.082728091051456813e-04
2.836109843767340463e-04
2.836109843767340463e-04
2.342873349199107221e-04
2.836109843767340463e-04
2.959418967409398367e-04
2.466182472841165667e-04
1.726327730988815804e-04
2.836109843767340463e-04
2.712800720125282017e-04
2.836109843767340463e-04
2.836109843767340463e-04
2.712800720125282017e-04
2.589491596483223571e-04
2.836109843767340463e-04
2.836109843767340463e-04
2.836109843767340463e-04
2.836109843767340463e-04
2.712800720125282017e-04
2.712800720125282017e-04
2.836109843767340463e-04
2.466182472841165667e-04
2.836109843767340463e-04
2.342873349199107221e-04
2.342873349199107221e-04
2.466182472841165667e-04
2.096255101914990600e-04
2.466182472841165667e-04
2.466182472841165667e-04
2.219564225557049046e-04
2.589491596483223571e-04
2.342873349199107221e-04
2.589491596483223571e-04
2.712800720125282017e-04
2.466182472841165667e-04
2.342873349199107221e-04
2.466182472841165667e-04
2.466182472841165667e-04
2.219564225557049046e-04
2.589491596483223571e-04
2.466182472841165667e-04
2.342873349199107221e-04
2.466182472841165667e-04
2.466182472841165667e-04
1.972945978272932425e-04
1.726327730988815804e-04
2.342873349199107221e-04
2.466182472841165667e-04
2.219564225557049046e-04
2.219564225557049046e-04
2.096255101914990600e-04
2.219564225557049046e-04
2.219564225557049046e-04
2.219564225557049046e-04
2.342873349199107221e-04
1.972945978272932425e-04
1.972945978272932425e-04
1.603018607346757629e-04
2.219564225557049046e-04
1.972945978272932425e-04
2.096255101914990600e-04
2.342873349199107221e-04
2.096255101914990600e-04
2.096255101914990600e-04
1.849636854630874250e-04
2.342873349199107221e-04
2.219564225557049046e-04
2.096255101914990600e-04
1.972945978272932425e-04
2.219564225557049046e-04
2.219564225557049046e-04
1.972945978272932425e-04
2.096255101914990600e-04
1.972945978272932425e-04
2.096255101914990600e-04
2.096255101914990600e-04
8.631638654944079022e-05
1.849636854630874250e-04
1.849636854630874250e-04
1.972945978272932425e-04
2.096255101914990600e-04
1.972945978272932425e-04
1.972945978272932425e-04
1.849636854630874250e-04
1.972945978272932425e-04
1.726327730988815804e-04
1.233091236420582834e-04
1.603018607346757629e-04
1.726327730988815804e-04
1.726327730988815804e-04
1.726327730988815804e-04
1.972945978272932425e-04
2.096255101914990600e-04
1.972945978272932425e-04
1.726327730988815804e-04
1.849636854630874250e-04
1.603018607346757629e-04
1.849636854630874250e-04
1.849636854630874250e-04
1.972945978272932425e-04
1.972945978272932425e-04
1.849636854630874250e-04
1.726327730988815804e-04
1.726327730988815804e-04
3.699273709261747959e-05
1.726327730988815804e-04
1.726327730988815804e-04
1.849636854630874250e-04
8.631638654944079022e-05
1.972945978272932425e-04
1.849636854630874250e-04
1.726327730988815804e-04
1.849636854630874250e-04
1.726327730988815804e-04
1.972945978272932425e-04
1.972945978272932425e-04
1.849636854630874250e-04
1.356400360062641009e-04
1.972945978272932425e-04
1.726327730988815804e-04
1.603018607346757629e-04
1.726327730988815804e-04
1.849636854630874250e-04
1.726327730988815804e-04
1.726327730988815804e-04
1.849636854630874250e-04
1.849636854630874250e-04
1.726327730988815804e-04
1.849636854630874250e-04
1.726327730988815804e-04
1.356400360062641009e-04
1.849636854630874250e-04
1.726327730988815804e-04
1.726327730988815804e-04
1.603018607346757629e-04
1.603018607346757629e-04
1.603018607346757629e-04
1.726327730988815804e-04
1.233091236420582766e-05
1.233091236420582766e-05
1.849636854630874250e-04
1.233091236420582766e-05
1.603018607346757629e-04
1.603018607346757629e-04
1.479709483704699183e-04
1.233091236420582834e-04
1.356400360062641009e-04
1.109782112778524523e-04
1.479709483704699183e-04
1.233091236420582766e-05
1.603018607346757629e-04
9.864729891364662127e-05
1.356400360062641009e-04
1.356400360062641009e-04
1.356400360062641009e-04
1.356400360062641009e-04
1.479709483704699183e-04
1.479709483704699183e-04
1.603018607346757629e-04
1.356400360062641009e-04
1.233091236420582834e-04
1.356400360062641009e-04
1.479709483704699183e-04
1.479709483704699183e-04
1.109782112778524523e-04
1.479709483704699183e-04
1.356400360062641009e-04
1.479709483704699183e-04
1.603018607346757629e-04
1.479709483704699183e-04
1.603018607346757629e-04
1.356400360062641009e-04
1.603018607346757629e-04
1.233091236420582834e-04
1.479709483704699183e-04
1.109782112778524523e-04
1.356400360062641009e-04
1.109782112778524523e-04
1.109782112778524523e-04
1.109782112778524523e-04
1.479709483704699183e-04
1.356400360062641009e-04
1.233091236420582834e-04
1.356400360062641009e-04
1.233091236420582834e-04
1.356400360062641009e-04
1.233091236420582834e-04
1.479709483704699183e-04
1.356400360062641009e-04
1.479709483704699183e-04
1.109782112778524523e-04
1.356400360062641009e-04
9.864729891364662127e-05
1.356400360062641009e-04
1.356400360062641009e-04
1.109782112778524523e-04
9.864729891364662127e-05
1.109782112778524523e-04
1.109782112778524523e-04
1.109782112778524523e-04
1.109782112778524523e-04
1.356400360062641009e-04
1.233091236420582834e-04
1.356400360062641009e-04
1.356400360062641009e-04
9.864729891364662127e-05
1.356400360062641009e-04
1.109782112778524523e-04
1.109782112778524523e-04
1.356400360062641009e-04
1.356400360062641009e-04
1.233091236420582834e-04
1.233091236420582834e-04
1.356400360062641009e-04
1.356400360062641009e-04
1.233091236420582834e-04
6.165456182102914168e-05
1.356400360062641009e-04
1.356400360062641009e-04
1.356400360062641009e-04
1.356400360062641009e-04
1.233091236420582834e-04
1.233091236420582834e-04
1.233091236420582834e-04
1.233091236420582834e-04
9.864729891364662127e-05
9.864729891364662127e-05
1.109782112778524523e-04
1.233091236420582834e-04
1.233091236420582834e-04
1.109782112778524523e-04
9.864729891364662127e-05
1.233091236420582834e-04
1.109782112778524523e-04
1.109782112778524523e-04
1.109782112778524523e-04
1.109782112778524523e-04
1.109782112778524523e-04
1.109782112778524523e-04
7.398547418523495917e-05
1.109782112778524523e-04
9.864729891364662127e-05
9.864729891364662127e-05
9.864729891364662127e-05
9.864729891364662127e-05
9.864729891364662127e-05
8.631638654944079022e-05
9.864729891364662127e-05
8.631638654944079022e-05
1.109782112778524523e-04
9.864729891364662127e-05
9.864729891364662127e-05
7.398547418523495917e-05
1.109782112778524523e-04
1.109782112778524523e-04
9.864729891364662127e-05
9.864729891364662127e-05
1.109782112778524523e-04
9.864729891364662127e-05
1.109782112778524523e-04
9.864729891364662127e-05
9.864729891364662127e-05
1.109782112778524523e-04
8.631638654944079022e-05
1.109782112778524523e-04
9.864729891364662127e-05
9.864729891364662127e-05
9.864729891364662127e-05
1.109782112778524523e-04
1.109782112778524523e-04
1.109782112778524523e-04
6.165456182102914168e-05
9.864729891364662127e-05
7.398547418523495917e-05
9.864729891364662127e-05
9.864729891364662127e-05
1.109782112778524523e-04
9.864729891364662127e-05
1.109782112778524523e-04
9.864729891364662127e-05
1.109782112778524523e-04
9.864729891364662127e-05
1.109782112778524523e-04
7.398547418523495917e-05
9.864729891364662127e-05
9.864729891364662127e-05
6.165456182102914168e-05
9.864729891364662127e-05
7.398547418523495917e-05
9.864729891364662127e-05
7.398547418523495917e-05
7.398547418523495917e-05
8.631638654944079022e-05
9.864729891364662127e-05
9.864729891364662127e-05
8.631638654944079022e-05
9.864729891364662127e-05
8.631638654944079022e-05
8.631638654944079022e-05
7.398547418523495917e-05
8.631638654944079022e-05
7.398547418523495917e-05
6.165456182102914168e-05
1.233091236420582766e-05
8.631638654944079022e-05
8.631638654944079022e-05
8.631638654944079022e-05
7.398547418523495917e-05
7.398547418523495917e-05
6.165456182102914168e-05
7.398547418523495917e-05
8.631638654944079022e-05
6.165456182102914168e-05
8.631638654944079022e-05
8.631638654944079022e-05
2.466182472841165532e-05
6.165456182102914168e-05
6.165456182102914168e-05
7.398547418523495917e-05
8.631638654944079022e-05
7.398547418523495917e-05
8.631638654944079022e-05
7.398547418523495917e-05
8.631638654944079022e-05
7.398547418523495917e-05
6.165456182102914168e-05
7.398547418523495917e-05
6.165456182102914168e-05
4.932364945682331063e-05
6.165456182102914168e-05
7.398547418523495917e-05
6.165456182102914168e-05
7.398547418523495917e-05
8.631638654944079022e-05
8.631638654944079022e-05
7.398547418523495917e-05
3.699273709261747959e-05
7.398547418523495917e-05
7.398547418523495917e-05
8.631638654944079022e-05
7.398547418523495917e-05
8.631638654944079022e-05
8.631638654944079022e-05
8.631638654944079022e-05
7.398547418523495917e-05
6.165456182102914168e-05
7.398547418523495917e-05
8.631638654944079022e-05
1.233091236420582766e-05
6.165456182102914168e-05
7.398547418523495917e-05
7.398547418523495917e-05
8.631638654944079022e-05
8.631638654944079022e-05
8.631638654944079022e-05
7.398547418523495917e-05
6.165456182102914168e-05
4.932364945682331063e-05
6.165456182102914168e-05
8.631638654944079022e-05
6.165456182102914168e-05
7.398547418523495917e-05
6.165456182102914168e-05
1.233091236420582766e-05
7.398547418523495917e-05
6.165456182102914168e-05
6.165456182102914168e-05
6.165456182102914168e-05
6.165456182102914168e-05
7.398547418523495917e-05
6.165456182102914168e-05
6.165456182102914168e-05
6.165456182102914168e-05
7.398547418523495917e-05
7.398547418523495917e-05
7.398547418523495917e-05
7.398547418523495917e-05
7.398547418523495917e-05
7.398547418523495917e-05
4.932364945682331063e-05
7.398547418523495917e-05
6.165456182102914168e-05
4.932364945682331063e-05
4.932364945682331063e-05
6.165456182102914168e-05
6.165456182102914168e-05
6.165456182102914168e-05
7.398547418523495917e-05
7.398547418523495917e-05
7.398547418523495917e-05
6.165456182102914168e-05
6.165456182102914168e-05
7.398547418523495917e-05
7.398547418523495917e-05
7.398547418523495917e-05
6.165456182102914168e-05
6.165456182102914168e-05
7.398547418523495917e-05
6.165456182102914168e-05
4.932364945682331063e-05
6.165456182102914168e-05
4.932364945682331063e-05
6.165456182102914168e-05
6.165456182102914168e-05
6.165456182102914168e-05
6.165456182102914168e-05
6.165456182102914168e-05
6.165456182102914168e-05
6.165456182102914168e-05
6.165456182102914168e-05
6.165456182102914168e-05
4.932364945682331063e-05
6.165456182102914168e-05
6.165456182102914168e-05
6.165456182102914168e-05
4.932364945682331063e-05
4.932364945682331063e-05
6.165456182102914168e-05
6.165456182102914168e-05
4.932364945682331063e-05
6.165456182102914168e-05
4.932364945682331063e-05
6.165456182102914168e-05
3.699273709261747959e-05
4.932364945682331063e-05
6.165456182102914168e-05
3.699273709261747959e-05
4.932364945682331063e-05
6.165456182102914168e-05
6.165456182102914168e-05
6.165456182102914168e-05
6.165456182102914168e-05
6.165456182102914168e-05
6.165456182102914168e-05
4.932364945682331063e-05
4.932364945682331063e-05
4.932364945682331063e-05
6.165456182102914168e-05
6.165456182102914168e-05
4.932364945682331063e-05
