2.584744188350692959e-02
2.150031581685099558e-02
2.110399663128692191e-02
1.871369654335360358e-02
1.776005350309005013e-02
1.769812863034566502e-02
1.440372540034430202e-02
1.382163159654706958e-02
1.253359424346382929e-02
1.232304967613291613e-02
1.210012013425312491e-02
1.179049577053119073e-02
1.128271181402722145e-02
9.623125224477663622e-03
9.140111217071448732e-03
8.991491522484920673e-03
8.818101878800638227e-03
8.520862489627583844e-03
8.297932947747792623e-03
8.149313253161264564e-03
8.260778024101160175e-03
7.938768685830351404e-03
7.790148991243823345e-03
7.666299245755049674e-03
7.567219449364031257e-03
7.554834474815154063e-03
7.146130314702203203e-03
7.022280569213430398e-03
7.096590416506694428e-03
6.836505950980270759e-03
6.824120976431393565e-03
6.663116307295988312e-03
6.440186765416197091e-03
6.390646867220687449e-03
6.328721994476301481e-03
6.043867579852123424e-03
5.907632859814473426e-03
5.895247885265595365e-03
5.796168088874576949e-03
5.882862910716718172e-03
5.659933368836926951e-03
5.771398139776822561e-03
5.585623521543662921e-03
5.474158750603767311e-03
5.560853572445908534e-03
5.424618852408258536e-03
5.275999157821730477e-03
5.325539056017240119e-03
5.015914692295307675e-03
4.706290328573374364e-03
4.768215201317761200e-03
4.619595506731234008e-03
4.508130735791337530e-03
4.545285659437969979e-03
4.470975812144705949e-03
4.272816219362669116e-03
4.347126066655933145e-03
4.297586168460423503e-03
4.099426575678386669e-03
4.223276321167160341e-03
4.111811550227263863e-03
4.111811550227263863e-03
4.136581499325019118e-03
4.186121397520527893e-03
3.963191855640736672e-03
3.740262313760945017e-03
3.653567491918804228e-03
3.653567491918804228e-03
3.641182517369926600e-03
3.641182517369926600e-03
3.554487695527785811e-03
3.665952466467681421e-03
3.430637950039012573e-03
3.504947797332276602e-03
3.504947797332276602e-03
3.356328102745748977e-03
3.145783535414834516e-03
3.282018255452484948e-03
3.170553484512589337e-03
3.121013586317080129e-03
3.034318764474938906e-03
3.133398560865957323e-03
2.922853993535043295e-03
2.984778866279429697e-03
3.009548815377184518e-03
2.997163840828306891e-03
2.960008917181675310e-03
2.848544146241779266e-03
2.761849324399638476e-03
2.873314095339534087e-03
2.848544146241779266e-03
2.761849324399638476e-03
2.898084044437288474e-03
2.761849324399638476e-03
2.761849324399638476e-03
2.687539477106374447e-03
2.823774197144024879e-03
2.786619273497392864e-03
2.699924451655251641e-03
2.675154502557497253e-03
2.551304757068724016e-03
2.662769528008620060e-03
2.613229629813110851e-03
2.452224960677705599e-03
2.613229629813110851e-03
2.328375215188932795e-03
2.476994909775460420e-03
2.266450342444546392e-03
2.427455011579951211e-03
2.328375215188932795e-03
2.365530138835564809e-03
2.291220291542300780e-03
2.216910444249037184e-03
2.340760189737809988e-03
2.130215622406895961e-03
2.093060698760263946e-03
2.055905775113631932e-03
2.093060698760263946e-03
2.018750851467000351e-03
1.993980902369245529e-03
2.055905775113631932e-03
2.068290749662509559e-03
1.956825978722613515e-03
1.956825978722613515e-03
2.031135826015877544e-03
1.932056029624859127e-03
1.894901105978227113e-03
1.932056029624859127e-03
2.018750851467000351e-03
1.956825978722613515e-03
1.919671055075981717e-03
1.956825978722613515e-03
2.043520800564754738e-03
1.907286080527104523e-03
1.783436335038331502e-03
1.882516131429349919e-03
1.795821309587208696e-03
1.783436335038331502e-03
1.808206284136086106e-03
1.771051360489454092e-03
1.647201615000681071e-03
1.746281411391699488e-03
1.709126487745067690e-03
1.634816640451803877e-03
1.548121818609662654e-03
1.684356538647313085e-03
1.659586589549558481e-03
1.510966894963030856e-03
1.548121818609662654e-03
1.597661716805171862e-03
1.535736844060785460e-03
1.634816640451803877e-03
1.610046691354049273e-03
1.548121818609662654e-03
1.498581920414153446e-03
1.498581920414153446e-03
1.572891767707417258e-03
1.535736844060785460e-03
1.473811971316398841e-03
1.498581920414153446e-03
1.436657047669767043e-03
1.449042022218644237e-03
1.473811971316398841e-03
1.523351869511908050e-03
1.387117149474257835e-03
1.374732174925380425e-03
1.411887098572012439e-03
1.362347200376503231e-03
1.387117149474257835e-03
1.387117149474257835e-03
1.399502124023135029e-03
1.362347200376503231e-03
1.312807302180994022e-03
1.288037353083239418e-03
1.250882429436607404e-03
1.325192276729871216e-03
1.275652378534362008e-03
1.300422327632116612e-03
1.263267403985484814e-03
1.300422327632116612e-03
1.263267403985484814e-03
1.201342531241098195e-03
1.188957556692221001e-03
1.201342531241098195e-03
1.188957556692221001e-03
1.176572582143343591e-03
1.226112480338852799e-03
1.201342531241098195e-03
1.226112480338852799e-03
1.201342531241098195e-03
1.201342531241098195e-03
1.213727505789975606e-03
1.164187607594466397e-03
1.077492785752325174e-03
1.164187607594466397e-03
1.114647709398957189e-03
1.052722836654570570e-03
1.065107811203447980e-03
1.114647709398957189e-03
1.077492785752325174e-03
1.015567913007938772e-03
1.114647709398957189e-03
1.040337862105693376e-03
1.015567913007938772e-03
1.040337862105693376e-03
1.065107811203447980e-03
9.784129893613067574e-04
1.139417658496711793e-03
1.015567913007938772e-03
1.052722836654570570e-03
1.089877760301202585e-03
1.003182938459061362e-03
1.065107811203447980e-03
1.040337862105693376e-03
1.040337862105693376e-03
9.907979639101841679e-04
9.907979639101841679e-04
1.003182938459061362e-03
1.015567913007938772e-03
9.660280148124295637e-04
9.288730911657976574e-04
1.015567913007938772e-03
9.660280148124295637e-04
9.288730911657976574e-04
9.660280148124295637e-04
8.421782693236565427e-04
1.003182938459061362e-03
8.793331929702884490e-04
8.545632438725338448e-04
9.288730911657976574e-04
8.793331929702884490e-04
8.545632438725338448e-04
9.660280148124295637e-04
9.907979639101841679e-04
9.164881166169203553e-04
9.164881166169203553e-04
8.545632438725338448e-04
8.050233456770246364e-04
8.050233456770246364e-04
7.678684220303927301e-04
8.545632438725338448e-04
8.174083202259019385e-04
7.430984729326381259e-04
7.926383711281473343e-04
8.174083202259019385e-04
7.554834474815154280e-04
7.678684220303927301e-04
7.554834474815154280e-04
7.802533965792700322e-04
8.174083202259019385e-04
8.297932947747792406e-04
6.564036510904970112e-04
7.554834474815154280e-04
7.678684220303927301e-04
7.307134983837608238e-04
7.678684220303927301e-04
7.554834474815154280e-04
7.430984729326381259e-04
7.183285238348835217e-04
7.678684220303927301e-04
6.564036510904970112e-04
6.935585747371289175e-04
7.926383711281473343e-04
6.935585747371289175e-04
7.183285238348835217e-04
7.059435492860062196e-04
7.059435492860062196e-04
6.935585747371289175e-04
6.811736001882516154e-04
6.564036510904970112e-04
7.183285238348835217e-04
6.687886256393743133e-04
5.944787783461105007e-04
6.440186765416197091e-04
6.687886256393743133e-04
6.811736001882516154e-04
6.316337019927424070e-04
6.068637528949878028e-04
5.944787783461105007e-04
6.687886256393743133e-04
6.316337019927424070e-04
6.068637528949878028e-04
5.573238546994785944e-04
5.820938037972331986e-04
6.068637528949878028e-04
5.820938037972331986e-04
5.697088292483558965e-04
5.697088292483558965e-04
6.192487274438651049e-04
5.573238546994785944e-04
5.325539056017239902e-04
5.573238546994785944e-04
5.944787783461105007e-04
5.573238546994785944e-04
5.944787783461105007e-04
5.449388801506012923e-04
5.449388801506012923e-04
6.068637528949878028e-04
6.068637528949878028e-04
5.820938037972331986e-04
5.573238546994785944e-04
5.573238546994785944e-04
5.697088292483558965e-04
5.325539056017239902e-04
5.077839565039693860e-04
5.449388801506012923e-04
5.201689310528466881e-04
5.201689310528466881e-04
4.953989819550920840e-04
5.325539056017239902e-04
5.325539056017239902e-04
5.449388801506012923e-04
4.830140074062147819e-04
5.077839565039693860e-04
4.953989819550920840e-04
4.953989819550920840e-04
5.573238546994785944e-04
4.830140074062147819e-04
5.325539056017239902e-04
4.706290328573374798e-04
4.830140074062147819e-04
4.706290328573374798e-04
5.077839565039693860e-04
4.830140074062147819e-04
4.458590837595828756e-04
5.325539056017239902e-04
4.582440583084601777e-04
4.953989819550920840e-04
4.706290328573374798e-04
4.458590837595828756e-04
5.077839565039693860e-04
4.458590837595828756e-04
4.830140074062147819e-04
4.830140074062147819e-04
4.830140074062147819e-04
4.953989819550920840e-04
4.582440583084601777e-04
4.953989819550920840e-04
4.830140074062147819e-04
4.210891346618282714e-04
4.953989819550920840e-04
4.953989819550920840e-04
4.830140074062147819e-04
4.334741092107055735e-04
4.334741092107055735e-04
4.706290328573374798e-04
4.706290328573374798e-04
4.582440583084601777e-04
4.706290328573374798e-04
4.458590837595828756e-04
5.077839565039693860e-04
4.706290328573374798e-04
4.582440583084601777e-04
4.582440583084601777e-04
4.582440583084601777e-04
3.963191855640736672e-04
4.087041601129509693e-04
4.210891346618282714e-04
4.706290328573374798e-04
4.210891346618282714e-04
4.210891346618282714e-04
4.087041601129509693e-04
4.458590837595828756e-04
3.963191855640736672e-04
3.591642619174417609e-04
4.582440583084601777e-04
4.087041601129509693e-04
4.087041601129509693e-04
3.839342110151963651e-04
4.087041601129509693e-04
3.839342110151963651e-04
3.963191855640736672e-04
4.210891346618282714e-04
3.220093382708098546e-04
3.963191855640736672e-04
3.715492364663190630e-04
4.334741092107055735e-04
3.963191855640736672e-04
3.839342110151963651e-04
3.963191855640736672e-04
3.715492364663190630e-04
3.839342110151963651e-04
3.963191855640736672e-04
3.591642619174417609e-04
3.467792873685644588e-04
3.591642619174417609e-04
3.963191855640736672e-04
3.591642619174417609e-04
3.963191855640736672e-04
3.343943128196871567e-04
3.963191855640736672e-04
3.715492364663190630e-04
3.963191855640736672e-04
3.715492364663190630e-04
3.715492364663190630e-04
3.715492364663190630e-04
3.963191855640736672e-04
3.467792873685644588e-04
3.715492364663190630e-04
3.715492364663190630e-04
3.715492364663190630e-04
3.715492364663190630e-04
3.467792873685644588e-04
3.467792873685644588e-04
3.591642619174417609e-04
3.467792873685644588e-04
3.715492364663190630e-04
3.343943128196871567e-04
3.467792873685644588e-04
3.839342110151963651e-04
3.343943128196871567e-04
3.343943128196871567e-04
3.467792873685644588e-04
3.467792873685644588e-04
3.096243637219325525e-04
3.220093382708098546e-04
3.220093382708098546e-04
3.467792873685644588e-04
3.343943128196871567e-04
3.220093382708098546e-04
3.343943128196871567e-04
2.972393891730552504e-04
3.096243637219325525e-04
3.343943128196871567e-04
3.220093382708098546e-04
3.467792873685644588e-04
2.972393891730552504e-04
3.220093382708098546e-04
3.467792873685644588e-04
3.220093382708098546e-04
3.096243637219325525e-04
2.724694400753006462e-04
3.343943128196871567e-04
3.467792873685644588e-04
3.343943128196871567e-04
3.220093382708098546e-04
3.220093382708098546e-04
3.096243637219325525e-04
2.848544146241779483e-04
2.972393891730552504e-04
3.220093382708098546e-04
2.972393891730552504e-04
2.972393891730552504e-04
3.096243637219325525e-04
2.600844655264233441e-04
2.848544146241779483e-04
2.972393891730552504e-04
2.972393891730552504e-04
2.972393891730552504e-04
2.724694400753006462e-04
2.600844655264233441e-04
2.600844655264233441e-04
2.972393891730552504e-04
2.724694400753006462e-04
2.724694400753006462e-04
2.724694400753006462e-04
2.848544146241779483e-04
2.972393891730552504e-04
2.724694400753006462e-04
2.476994909775460420e-04
2.353145164286687399e-04
2.600844655264233441e-04
2.600844655264233441e-04
2.972393891730552504e-04
1.981595927820368336e-04
2.476994909775460420e-04
2.724694400753006462e-04
2.848544146241779483e-04
2.600844655264233441e-04
2.600844655264233441e-04
2.476994909775460420e-04
2.600844655264233441e-04
2.476994909775460420e-04
2.724694400753006462e-04
2.600844655264233441e-04
2.600844655264233441e-04
2.724694400753006462e-04
2.353145164286687399e-04
2.600844655264233441e-04
2.353145164286687399e-04
2.353145164286687399e-04
2.476994909775460420e-04
2.600844655264233441e-04
2.476994909775460420e-04
2.476994909775460420e-04
2.476994909775460420e-04
2.600844655264233441e-04
2.229295418797914378e-04
2.476994909775460420e-04
2.353145164286687399e-04
2.229295418797914378e-04
2.353145164286687399e-04
2.476994909775460420e-04
2.600844655264233441e-04
2.229295418797914378e-04
2.229295418797914378e-04
2.353145164286687399e-04
2.229295418797914378e-04
2.229295418797914378e-04
2.476994909775460420e-04
2.353145164286687399e-04
2.105445673309141357e-04
2.353145164286687399e-04
2.353145164286687399e-04
1.981595927820368336e-04
2.105445673309141357e-04
2.353145164286687399e-04
2.229295418797914378e-04
2.229295418797914378e-04
2.229295418797914378e-04
1.857746182331595315e-04
2.353145164286687399e-04
2.105445673309141357e-04
2.229295418797914378e-04
2.229295418797914378e-04
1.733896436842822294e-04
1.981595927820368336e-04
2.229295418797914378e-04
1.486196945865276252e-04
1.981595927820368336e-04
2.229295418797914378e-04
1.857746182331595315e-04
2.105445673309141357e-04
1.981595927820368336e-04
1.981595927820368336e-04
2.105445673309141357e-04
1.981595927820368336e-04
1.857746182331595315e-04
2.229295418797914378e-04
1.733896436842822294e-04
2.105445673309141357e-04
2.105445673309141357e-04
2.229295418797914378e-04
1.733896436842822294e-04
2.105445673309141357e-04
1.981595927820368336e-04
2.105445673309141357e-04
1.981595927820368336e-04
1.981595927820368336e-04
1.981595927820368336e-04
1.981595927820368336e-04
1.733896436842822294e-04
1.486196945865276252e-04
1.362347200376503231e-04
1.857746182331595315e-04
1.486196945865276252e-04
1.733896436842822294e-04
1.981595927820368336e-04
1.981595927820368336e-04
1.610046691354049273e-04
1.733896436842822294e-04
1.733896436842822294e-04
1.857746182331595315e-04
1.733896436842822294e-04
1.610046691354049273e-04
1.857746182331595315e-04
1.857746182331595315e-04
1.981595927820368336e-04
1.981595927820368336e-04
1.486196945865276252e-04
1.733896436842822294e-04
1.610046691354049273e-04
1.857746182331595315e-04
1.733896436842822294e-04
1.857746182331595315e-04
1.610046691354049273e-04
1.610046691354049273e-04
1.733896436842822294e-04
1.733896436842822294e-04
1.733896436842822294e-04
1.733896436842822294e-04
1.733896436842822294e-04
1.362347200376503231e-04
1.733896436842822294e-04
1.486196945865276252e-04
1.610046691354049273e-04
1.733896436842822294e-04
1.857746182331595315e-04
1.486196945865276252e-04
1.362347200376503231e-04
1.733896436842822294e-04
1.610046691354049273e-04
1.362347200376503231e-04
1.733896436842822294e-04
1.486196945865276252e-04
1.610046691354049273e-04
1.733896436842822294e-04
1.238497454887730210e-04
1.733896436842822294e-04
1.733896436842822294e-04
1.610046691354049273e-04
1.610046691354049273e-04
1.486196945865276252e-04
1.610046691354049273e-04
1.610046691354049273e-04
1.733896436842822294e-04
1.733896436842822294e-04
1.238497454887730210e-04
1.610046691354049273e-04
1.610046691354049273e-04
1.733896436842822294e-04
1.610046691354049273e-04
1.362347200376503231e-04
1.610046691354049273e-04
1.486196945865276252e-04
1.610046691354049273e-04
1.114647709398957189e-04
1.610046691354049273e-04
1.610046691354049273e-04
1.610046691354049273e-04
1.362347200376503231e-04
1.362347200376503231e-04
1.486196945865276252e-04
1.486196945865276252e-04
1.362347200376503231e-04
1.362347200376503231e-04
1.362347200376503231e-04
1.362347200376503231e-04
1.238497454887730210e-04
1.362347200376503231e-04
1.114647709398957189e-04
1.238497454887730210e-04
1.238497454887730210e-04
1.362347200376503231e-04
1.114647709398957189e-04
1.362347200376503231e-04
1.486196945865276252e-04
1.486196945865276252e-04
1.114647709398957189e-04
1.486196945865276252e-04
1.362347200376503231e-04
1.238497454887730210e-04
1.362347200376503231e-04
1.238497454887730210e-04
1.362347200376503231e-04
1.362347200376503231e-04
9.907979639101841679e-05
1.362347200376503231e-04
1.238497454887730210e-04
1.238497454887730210e-04
1.362347200376503231e-04
9.907979639101841679e-05
1.362347200376503231e-04
1.238497454887730210e-04
1.238497454887730210e-04
1.362347200376503231e-04
1.238497454887730210e-04
1.362347200376503231e-04
1.362347200376503231e-04
1.362347200376503231e-04
1.238497454887730210e-04
9.907979639101841679e-05
9.907979639101841679e-05
9.907979639101841679e-05
9.907979639101841679e-05
9.907979639101841679e-05
9.907979639101841679e-05
1.238497454887730210e-04
1.238497454887730210e-04
1.114647709398957189e-04
8.669482184214111469e-05
1.114647709398957189e-04
1.114647709398957189e-04
1.238497454887730210e-04
1.114647709398957189e-04
9.907979639101841679e-05
1.114647709398957189e-04
4.953989819550920840e-05
1.238497454887730210e-04
1.238497454887730210e-04
9.907979639101841679e-05
1.238497454887730210e-04
1.114647709398957189e-04
1.114647709398957189e-04
8.669482184214111469e-05
1.114647709398957189e-04
1.238497454887730210e-04
9.907979639101841679e-05
8.669482184214111469e-05
9.907979639101841679e-05
1.114647709398957189e-04
9.907979639101841679e-05
1.114647709398957189e-04
1.114647709398957189e-04
9.907979639101841679e-05
8.669482184214111469e-05
8.669482184214111469e-05
9.907979639101841679e-05
1.114647709398957189e-04
1.114647709398957189e-04
7.430984729326381259e-05
9.907979639101841679e-05
9.907979639101841679e-05
9.907979639101841679e-05
9.907979639101841679e-05
9.907979639101841679e-05
7.430984729326381259e-05
8.669482184214111469e-05
7.430984729326381259e-05
9.907979639101841679e-05
4.953989819550920840e-05
7.430984729326381259e-05
7.430984729326381259e-05
8.669482184214111469e-05
7.430984729326381259e-05
8.669482184214111469e-05
2.476994909775460420e-05
8.669482184214111469e-05
9.907979639101841679e-05
9.907979639101841679e-05
8.669482184214111469e-05
8.669482184214111469e-05
6.192487274438651049e-05
6.192487274438651049e-05
8.669482184214111469e-05
9.907979639101841679e-05
8.669482184214111469e-05
6.192487274438651049e-05
9.907979639101841679e-05
9.907979639101841679e-05
9.907979639101841679e-05
8.669482184214111469e-05
8.669482184214111469e-05
7.430984729326381259e-05
8.669482184214111469e-05
6.192487274438651049e-05
9.907979639101841679e-05
8.669482184214111469e-05
8.669482184214111469e-05
9.907979639101841679e-05
9.907979639101841679e-05
9.907979639101841679e-05
8.669482184214111469e-05
8.669482184214111469e-05
7.430984729326381259e-05
8.669482184214111469e-05
8.669482184214111469e-05
7.430984729326381259e-05
9.907979639101841679e-05
9.907979639101841679e-05
9.907979639101841679e-05
7.430984729326381259e-05
8.669482184214111469e-05
8.669482184214111469e-05
8.669482184214111469e-05
7.430984729326381259e-05
7.430984729326381259e-05
6.192487274438651049e-05
7.430984729326381259e-05
7.430984729326381259e-05
8.669482184214111469e-05
6.192487274438651049e-05
6.192487274438651049e-05
4.953989819550920840e-05
6.192487274438651049e-05
8.669482184214111469e-05
8.669482184214111469e-05
7.430984729326381259e-05
6.192487274438651049e-05
7.430984729326381259e-05
7.430984729326381259e-05
6.192487274438651049e-05
7.430984729326381259e-05
7.430984729326381259e-05
6.192487274438651049e-05
7.430984729326381259e-05
6.192487274438651049e-05
7.430984729326381259e-05
7.430984729326381259e-05
6.192487274438651049e-05
4.953989819550920840e-05
7.430984729326381259e-05
6.192487274438651049e-05
7.430984729326381259e-05
7.430984729326381259e-05
7.430984729326381259e-05
7.430984729326381259e-05
6.192487274438651049e-05
6.192487274438651049e-05
6.192487274438651049e-05
6.192487274438651049e-05
6.192487274438651049e-05
7.430984729326381259e-05
4.953989819550920840e-05
6.192487274438651049e-05
7.430984729326381259e-05
6.192487274438651049e-05
4.953989819550920840e-05
7.430984729326381259e-05
7.430984729326381259e-05
7.430984729326381259e-05
6.192487274438651049e-05
7.430984729326381259e-05
7.430984729326381259e-05
6.192487274438651049e-05
6.192487274438651049e-05
6.192487274438651049e-05
7.430984729326381259e-05
7.430984729326381259e-05
7.430984729326381259e-05
6.192487274438651049e-05
7.430984729326381259e-05
7.430984729326381259e-05
7.430984729326381259e-05
7.430984729326381259e-05
7.430984729326381259e-05
6.192487274438651049e-05
4.953989819550920840e-05
7.430984729326381259e-05
7.430984729326381259e-05
7.430984729326381259e-05
6.192487274438651049e-05
7.430984729326381259e-05
7.430984729326381259e-05
6.192487274438651049e-05
6.192487274438651049e-05
7.430984729326381259e-05
7.430984729326381259e-05
6.192487274438651049e-05
6.192487274438651049e-05
6.192487274438651049e-05
6.192487274438651049e-05
6.192487274438651049e-05
3.715492364663190630e-05
6.192487274438651049e-05
6.192487274438651049e-05
6.192487274438651049e-05
4.953989819550920840e-05
3.715492364663190630e-05
6.192487274438651049e-05
4.953989819550920840e-05
4.953989819550920840e-05
6.192487274438651049e-05
2.476994909775460420e-05
4.953989819550920840e-05
6.192487274438651049e-05
4.953989819550920840e-05
3.715492364663190630e-05
4.953989819550920840e-05
3.715492364663190630e-05
3.715492364663190630e-05
6.192487274438651049e-05
6.192487274438651049e-05
3.715492364663190630e-05
4.953989819550920840e-05
6.192487274438651049e-05
6.192487274438651049e-05
6.192487274438651049e-05
6.192487274438651049e-05
4.953989819550920840e-05
4.953989819550920840e-05
6.192487274438651049e-05
6.192487274438651049e-05
6.192487274438651049e-05
6.192487274438651049e-05
6.192487274438651049e-05
4.953989819550920840e-05
6.192487274438651049e-05
4.953989819550920840e-05
4.953989819550920840e-05
3.715492364663190630e-05
4.953989819550920840e-05
4.953989819550920840e-05
4.953989819550920840e-05
3.715492364663190630e-05
4.953989819550920840e-05
4.953989819550920840e-05
3.715492364663190630e-05
4.953989819550920840e-05
4.953989819550920840e-05
4.953989819550920840e-05
4.953989819550920840e-05
4.953989819550920840e-05
4.953989819550920840e-05
2.476994909775460420e-05
3.715492364663190630e-05
4.953989819550920840e-05
4.953989819550920840e-05
4.953989819550920840e-05
3.715492364663190630e-05
4.953989819550920840e-05
4.953989819550920840e-05
3.715492364663190630e-05
4.953989819550920840e-05
3.715492364663190630e-05
4.953989819550920840e-05
3.715492364663190630e-05
4.953989819550920840e-05
4.953989819550920840e-05
4.953989819550920840e-05
4.953989819550920840e-05
4.953989819550920840e-05
3.715492364663190630e-05
3.715492364663190630e-05
4.953989819550920840e-05
3.715492364663190630e-05
4.953989819550920840e-05
3.715492364663190630e-05
3.715492364663190630e-05
3.715492364663190630e-05
