2.565243179122182748e-02
2.141409648082245876e-02
2.106810992487148995e-02
1.868327402135231199e-02
1.773181099248714865e-02
1.767002767892447701e-02
1.438315539739027336e-02
1.375296559905100913e-02
1.245551601423487524e-02
1.230723606168446053e-02
1.172647291419533395e-02
1.177589956504547335e-02
1.124456306840648442e-02
9.613483590351917449e-03
9.094503756425464241e-03
8.946223803875049535e-03
8.810300514037168809e-03
8.513740608936337662e-03
8.291320680110715602e-03
8.118327402135231199e-03
8.254250691973111925e-03
7.932977461447212816e-03
7.784697508896797243e-03
7.599347568208777992e-03
7.562277580071174315e-03
7.525207591933570639e-03
7.068011071569790804e-03
7.018584420719652280e-03
7.092724396994859633e-03
6.833234480031633029e-03
6.820877817319098181e-03
6.660241202056148627e-03
6.400751285092922023e-03
6.388394622380387175e-03
6.326611308817714670e-03
6.042408066429418370e-03
5.906484776591538512e-03
5.894128113879003664e-03
5.795274812178726614e-03
5.832344800316330291e-03
5.659351522340845889e-03
5.770561486753657786e-03
5.585211546065638535e-03
5.449288256227757810e-03
5.560498220640569707e-03
5.424574930802688981e-03
5.276294978252273407e-03
5.325721629102411932e-03
5.016805061289046803e-03
4.670818505338077999e-03
4.065342032423882590e-03
4.621391854487939474e-03
4.497825227362593596e-03
4.287761961249505517e-03
4.164195334124159639e-03
4.275405298536971536e-03
4.349545274812178890e-03
4.040628706998813761e-03
4.102412020561487134e-03
4.225978647686833012e-03
4.114768683274021115e-03
4.114768683274021115e-03
4.139482008699090811e-03
4.065342032423882590e-03
3.966488730723606408e-03
3.744068801897983481e-03
3.595788849347568341e-03
3.657572162910241280e-03
3.645215500197706432e-03
2.940885725583234408e-03
3.558718861209964231e-03
3.620502174772637603e-03
3.435152234084618353e-03
3.509292210359826140e-03
3.509292210359826140e-03
3.361012257809411000e-03
3.150948991696322487e-03
3.286872281534203213e-03
3.175662317121391749e-03
3.126235666271253658e-03
3.039739027283511457e-03
3.138592328983788073e-03
2.928529062870699994e-03
2.990312376433372932e-03
3.015025701858442195e-03
3.002669039145907347e-03
2.792605773032819268e-03
2.854389086595492207e-03
2.767892447607750005e-03
2.879102412020561469e-03
2.854389086595492207e-03
2.767892447607750005e-03
2.903815737445630731e-03
2.767892447607750005e-03
2.767892447607750005e-03
2.693752471332542652e-03
2.829675761170422944e-03
2.792605773032819268e-03
2.706109134045077066e-03
2.681395808620007804e-03
2.557829181494661926e-03
2.669039145907473390e-03
2.619612495057334865e-03
2.409549228944246786e-03
2.619612495057334865e-03
2.335409252669038999e-03
2.434262554369316049e-03
2.199485962831158707e-03
2.434262554369316049e-03
2.335409252669038999e-03
2.372479240806643110e-03
2.298339264531435323e-03
2.224199288256227969e-03
2.347765915381573847e-03
2.137702649268485768e-03
2.100632661130881658e-03
2.063562672993277981e-03
2.100632661130881658e-03
2.026492684855674305e-03
2.001779359430605042e-03
2.063562672993277981e-03
2.075919335705812396e-03
1.964709371293001366e-03
1.964709371293001366e-03
2.038849347568208719e-03
1.939996045867931887e-03
1.902926057730328210e-03
1.939996045867931887e-03
2.026492684855674305e-03
1.964709371293001366e-03
1.927639383155397472e-03
1.964709371293001366e-03
2.051206010280743567e-03
1.915282720442862841e-03
1.791716093317516746e-03
1.890569395017793579e-03
1.804072756030051378e-03
1.791716093317516746e-03
1.816429418742586009e-03
1.779359430604982115e-03
1.655792803479636238e-03
1.754646105179913070e-03
1.717576117042309176e-03
1.643436140767101606e-03
1.556939501779359405e-03
1.692862791617239914e-03
1.631079478054566975e-03
1.519869513641755729e-03
1.556939501779359405e-03
1.606366152629497930e-03
1.544582839066824774e-03
1.643436140767101606e-03
1.618722815342032344e-03
1.556939501779359405e-03
1.507512850929221097e-03
1.507512850929221097e-03
1.581652827204428667e-03
1.544582839066824774e-03
1.482799525504151835e-03
1.507512850929221097e-03
1.445729537366547942e-03
1.458086200079082573e-03
1.482799525504151835e-03
1.532226176354290143e-03
1.396302886516409634e-03
1.383946223803875003e-03
1.421016211941478896e-03
1.371589561091340372e-03
1.396302886516409634e-03
1.396302886516409634e-03
1.408659549228944265e-03
1.371589561091340372e-03
1.322162910241202064e-03
1.297449584816132801e-03
1.260379596678529125e-03
1.309806247528667433e-03
1.285092922103598170e-03
1.309806247528667433e-03
1.272736259391063756e-03
1.309806247528667433e-03
1.272736259391063756e-03
1.210952945828390600e-03
1.161526294978252292e-03
1.210952945828390600e-03
1.198596283115855969e-03
1.186239620403321555e-03
1.235666271253459863e-03
1.210952945828390600e-03
1.235666271253459863e-03
1.210952945828390600e-03
1.210952945828390600e-03
1.223309608540925231e-03
1.173882957690786924e-03
1.087386318703044722e-03
1.173882957690786924e-03
1.124456306840648399e-03
1.062672993277975460e-03
8.155397390272834876e-04
1.124456306840648399e-03
1.087386318703044722e-03
8.155397390272834876e-04
1.124456306840648399e-03
1.050316330565440829e-03
9.885330170027678900e-04
1.050316330565440829e-03
3.706998813760379588e-04
9.885330170027678900e-04
8.402530644523527499e-04
1.025603005140371784e-03
1.062672993277975460e-03
1.099742981415579354e-03
1.013246342427837152e-03
1.075029655990510091e-03
1.050316330565440829e-03
1.050316330565440829e-03
1.000889679715302521e-03
1.000889679715302521e-03
1.013246342427837152e-03
1.025603005140371784e-03
9.761763542902332589e-04
9.391063661526294739e-04
1.025603005140371784e-03
9.761763542902332589e-04
9.391063661526294739e-04
9.761763542902332589e-04
8.526097271648872726e-04
1.013246342427837152e-03
8.526097271648872726e-04
8.649663898774219038e-04
9.391063661526294739e-04
8.896797153024910577e-04
8.649663898774219038e-04
9.514630288651641050e-04
1.000889679715302521e-03
9.267497034400949511e-04
9.267497034400949511e-04
7.043297746144721325e-04
8.155397390272834876e-04
8.155397390272834876e-04
7.784697508896797026e-04
8.649663898774219038e-04
8.278964017398181188e-04
7.537564254646105487e-04
8.031830763147489649e-04
1.235666271253459863e-04
7.661130881771450714e-04
7.784697508896797026e-04
7.661130881771450714e-04
7.908264136022143337e-04
8.278964017398181188e-04
8.402530644523527499e-04
6.672597864768683475e-04
7.661130881771450714e-04
7.784697508896797026e-04
7.413997627520759175e-04
1.235666271253459896e-05
7.661130881771450714e-04
7.537564254646105487e-04
7.290431000395412864e-04
7.784697508896797026e-04
6.672597864768683475e-04
7.043297746144721325e-04
8.031830763147489649e-04
7.043297746144721325e-04
7.290431000395412864e-04
7.166864373270067637e-04
7.166864373270067637e-04
5.684064847765915151e-04
6.919731119019375013e-04
6.672597864768683475e-04
7.290431000395412864e-04
6.796164491894029786e-04
6.054764729141953001e-04
6.549031237643337163e-04
6.796164491894029786e-04
6.919731119019375013e-04
6.425464610517990852e-04
6.178331356267299313e-04
6.054764729141953001e-04
6.796164491894029786e-04
6.425464610517990852e-04
6.178331356267299313e-04
5.684064847765915151e-04
5.931198102016607774e-04
6.178331356267299313e-04
5.931198102016607774e-04
5.807631474891261462e-04
5.807631474891261462e-04
6.301897983392645624e-04
5.684064847765915151e-04
5.436931593515223612e-04
5.684064847765915151e-04
6.054764729141953001e-04
5.684064847765915151e-04
6.054764729141953001e-04
5.560498220640569924e-04
5.560498220640569924e-04
6.178331356267299313e-04
6.178331356267299313e-04
5.931198102016607774e-04
5.684064847765915151e-04
5.684064847765915151e-04
5.807631474891261462e-04
5.436931593515223612e-04
5.189798339264530989e-04
5.560498220640569924e-04
5.313364966389877301e-04
5.313364966389877301e-04
5.066231712139185762e-04
5.436931593515223612e-04
5.436931593515223612e-04
5.560498220640569924e-04
4.942665085013839450e-04
5.189798339264530989e-04
5.066231712139185762e-04
5.066231712139185762e-04
5.684064847765915151e-04
4.942665085013839450e-04
5.436931593515223612e-04
4.819098457888493681e-04
4.942665085013839450e-04
4.819098457888493681e-04
5.189798339264530989e-04
4.942665085013839450e-04
4.571965203637801600e-04
5.436931593515223612e-04
4.695531830763147369e-04
5.066231712139185762e-04
4.819098457888493681e-04
4.571965203637801600e-04
5.189798339264530989e-04
4.571965203637801600e-04
4.942665085013839450e-04
4.942665085013839450e-04
4.942665085013839450e-04
5.066231712139185762e-04
4.695531830763147369e-04
4.819098457888493681e-04
4.942665085013839450e-04
4.324831949387109519e-04
5.066231712139185762e-04
5.066231712139185762e-04
4.942665085013839450e-04
4.448398576512455288e-04
4.448398576512455288e-04
4.819098457888493681e-04
4.819098457888493681e-04
4.695531830763147369e-04
4.819098457888493681e-04
4.571965203637801600e-04
5.189798339264530989e-04
4.819098457888493681e-04
4.695531830763147369e-04
4.695531830763147369e-04
4.695531830763147369e-04
4.077698695136417438e-04
4.201265322261763750e-04
4.324831949387109519e-04
4.819098457888493681e-04
4.324831949387109519e-04
4.324831949387109519e-04
4.201265322261763750e-04
4.571965203637801600e-04
4.077698695136417438e-04
3.706998813760379588e-04
4.695531830763147369e-04
4.201265322261763750e-04
4.201265322261763750e-04
3.954132068011071669e-04
4.201265322261763750e-04
3.954132068011071669e-04
4.077698695136417438e-04
4.324831949387109519e-04
3.336298932384341737e-04
4.077698695136417438e-04
3.830565440885725357e-04
4.448398576512455288e-04
4.077698695136417438e-04
3.954132068011071669e-04
4.077698695136417438e-04
3.830565440885725357e-04
3.954132068011071669e-04
4.077698695136417438e-04
3.706998813760379588e-04
3.583432186635033818e-04
3.706998813760379588e-04
4.077698695136417438e-04
3.706998813760379588e-04
1.235666271253459896e-05
3.459865559509687507e-04
4.077698695136417438e-04
3.830565440885725357e-04
4.077698695136417438e-04
3.830565440885725357e-04
3.830565440885725357e-04
3.830565440885725357e-04
4.077698695136417438e-04
3.583432186635033818e-04
3.830565440885725357e-04
3.830565440885725357e-04
3.830565440885725357e-04
3.830565440885725357e-04
3.583432186635033818e-04
3.583432186635033818e-04
3.706998813760379588e-04
3.583432186635033818e-04
3.830565440885725357e-04
3.459865559509687507e-04
1.977066034005535834e-04
3.954132068011071669e-04
3.459865559509687507e-04
3.459865559509687507e-04
3.583432186635033818e-04
3.583432186635033818e-04
3.212732305258995426e-04
3.336298932384341737e-04
3.336298932384341737e-04
3.583432186635033818e-04
3.459865559509687507e-04
3.336298932384341737e-04
3.459865559509687507e-04
3.089165678133649656e-04
3.212732305258995426e-04
3.459865559509687507e-04
3.336298932384341737e-04
3.706998813760379859e-05
3.089165678133649656e-04
3.336298932384341737e-04
3.583432186635033818e-04
3.336298932384341737e-04
3.212732305258995426e-04
2.842032423882957575e-04
3.459865559509687507e-04
3.583432186635033818e-04
3.459865559509687507e-04
3.336298932384341737e-04
3.336298932384341737e-04
3.212732305258995426e-04
2.965599051008303887e-04
3.089165678133649656e-04
3.336298932384341737e-04
3.089165678133649656e-04
3.089165678133649656e-04
1.235666271253459896e-05
2.718465796757611806e-04
2.965599051008303887e-04
3.089165678133649656e-04
3.089165678133649656e-04
3.089165678133649656e-04
2.842032423882957575e-04
2.718465796757611806e-04
2.718465796757611806e-04
3.089165678133649656e-04
2.842032423882957575e-04
2.842032423882957575e-04
2.842032423882957575e-04
2.965599051008303887e-04
3.089165678133649656e-04
2.842032423882957575e-04
2.594899169632265495e-04
2.471332542506919725e-04
2.718465796757611806e-04
2.718465796757611806e-04
3.089165678133649656e-04
2.100632661130881875e-04
2.594899169632265495e-04
2.718465796757611806e-04
2.965599051008303887e-04
2.718465796757611806e-04
2.718465796757611806e-04
2.594899169632265495e-04
2.718465796757611806e-04
2.594899169632265495e-04
2.842032423882957575e-04
2.718465796757611806e-04
2.718465796757611806e-04
2.842032423882957575e-04
2.471332542506919725e-04
2.718465796757611806e-04
2.471332542506919725e-04
2.471332542506919725e-04
2.594899169632265495e-04
2.718465796757611806e-04
2.594899169632265495e-04
2.594899169632265495e-04
2.594899169632265495e-04
2.718465796757611806e-04
2.347765915381573685e-04
2.594899169632265495e-04
2.471332542506919725e-04
2.347765915381573685e-04
2.471332542506919725e-04
2.594899169632265495e-04
2.718465796757611806e-04
2.347765915381573685e-04
2.347765915381573685e-04
2.471332542506919725e-04
2.347765915381573685e-04
2.347765915381573685e-04
2.594899169632265495e-04
2.471332542506919725e-04
2.224199288256227644e-04
2.471332542506919725e-04
2.471332542506919725e-04
2.100632661130881875e-04
2.224199288256227644e-04
2.471332542506919725e-04
2.347765915381573685e-04
2.347765915381573685e-04
2.347765915381573685e-04
1.977066034005535834e-04
2.471332542506919725e-04
2.224199288256227644e-04
1.606366152629497713e-04
2.347765915381573685e-04
1.853499406880189794e-04
2.100632661130881875e-04
2.347765915381573685e-04
1.606366152629497713e-04
2.100632661130881875e-04
2.347765915381573685e-04
1.977066034005535834e-04
2.224199288256227644e-04
2.100632661130881875e-04
2.100632661130881875e-04
2.224199288256227644e-04
2.100632661130881875e-04
1.977066034005535834e-04
2.347765915381573685e-04
1.853499406880189794e-04
2.224199288256227644e-04
2.224199288256227644e-04
2.347765915381573685e-04
1.853499406880189794e-04
2.224199288256227644e-04
2.100632661130881875e-04
2.224199288256227644e-04
2.100632661130881875e-04
2.100632661130881875e-04
2.100632661130881875e-04
2.100632661130881875e-04
1.853499406880189794e-04
1.606366152629497713e-04
1.112099644128113822e-04
1.977066034005535834e-04
1.606366152629497713e-04
1.853499406880189794e-04
2.100632661130881875e-04
2.100632661130881875e-04
1.729932779754843753e-04
1.853499406880189794e-04
1.853499406880189794e-04
1.977066034005535834e-04
1.853499406880189794e-04
1.729932779754843753e-04
1.977066034005535834e-04
1.977066034005535834e-04
2.100632661130881875e-04
2.100632661130881875e-04
1.606366152629497713e-04
1.853499406880189794e-04
1.729932779754843753e-04
1.977066034005535834e-04
1.853499406880189794e-04
1.977066034005535834e-04
1.729932779754843753e-04
1.729932779754843753e-04
1.853499406880189794e-04
1.853499406880189794e-04
1.853499406880189794e-04
1.853499406880189794e-04
1.853499406880189794e-04
1.482799525504151943e-04
1.853499406880189794e-04
1.606366152629497713e-04
1.729932779754843753e-04
1.853499406880189794e-04
1.977066034005535834e-04
1.606366152629497713e-04
1.482799525504151943e-04
1.853499406880189794e-04
1.729932779754843753e-04
1.482799525504151943e-04
1.853499406880189794e-04
1.606366152629497713e-04
1.729932779754843753e-04
1.853499406880189794e-04
1.359232898378805903e-04
1.853499406880189794e-04
1.853499406880189794e-04
1.729932779754843753e-04
1.729932779754843753e-04
1.606366152629497713e-04
1.729932779754843753e-04
1.729932779754843753e-04
1.853499406880189794e-04
1.853499406880189794e-04
1.359232898378805903e-04
1.729932779754843753e-04
1.729932779754843753e-04
1.853499406880189794e-04
1.729932779754843753e-04
1.482799525504151943e-04
1.729932779754843753e-04
1.606366152629497713e-04
1.729932779754843753e-04
1.235666271253459863e-04
1.729932779754843753e-04
1.729932779754843753e-04
1.729932779754843753e-04
1.482799525504151943e-04
1.482799525504151943e-04
1.606366152629497713e-04
1.606366152629497713e-04
1.482799525504151943e-04
1.482799525504151943e-04
1.482799525504151943e-04
1.482799525504151943e-04
1.359232898378805903e-04
1.482799525504151943e-04
1.235666271253459863e-04
1.359232898378805903e-04
1.359232898378805903e-04
1.482799525504151943e-04
1.235666271253459863e-04
1.482799525504151943e-04
1.606366152629497713e-04
1.606366152629497713e-04
1.235666271253459863e-04
1.606366152629497713e-04
1.482799525504151943e-04
1.359232898378805903e-04
1.482799525504151943e-04
1.359232898378805903e-04
1.482799525504151943e-04
1.482799525504151943e-04
1.112099644128113822e-04
1.482799525504151943e-04
1.359232898378805903e-04
1.359232898378805903e-04
1.482799525504151943e-04
1.112099644128113822e-04
1.482799525504151943e-04
1.359232898378805903e-04
1.359232898378805903e-04
1.482799525504151943e-04
1.359232898378805903e-04
1.482799525504151943e-04
1.482799525504151943e-04
1.482799525504151943e-04
1.359232898378805903e-04
1.112099644128113822e-04
1.112099644128113822e-04
1.112099644128113822e-04
1.112099644128113822e-04
1.112099644128113822e-04
1.112099644128113822e-04
1.359232898378805903e-04
1.359232898378805903e-04
1.235666271253459863e-04
9.885330170027679172e-05
1.235666271253459863e-04
1.235666271253459863e-04
1.359232898378805903e-04
1.112099644128113822e-04
1.112099644128113822e-04
1.235666271253459863e-04
6.178331356267299313e-05
1.359232898378805903e-04
1.359232898378805903e-04
1.112099644128113822e-04
1.359232898378805903e-04
1.235666271253459863e-04
1.235666271253459863e-04
9.885330170027679172e-05
1.235666271253459863e-04
1.359232898378805903e-04
1.112099644128113822e-04
9.885330170027679172e-05
1.112099644128113822e-04
1.235666271253459863e-04
1.112099644128113822e-04
1.235666271253459863e-04
1.235666271253459863e-04
1.112099644128113822e-04
9.885330170027679172e-05
9.885330170027679172e-05
1.112099644128113822e-04
1.235666271253459863e-04
1.235666271253459863e-04
8.649663898774218767e-05
1.112099644128113822e-04
1.112099644128113822e-04
1.112099644128113822e-04
1.112099644128113822e-04
1.112099644128113822e-04
8.649663898774218767e-05
9.885330170027679172e-05
8.649663898774218767e-05
1.112099644128113822e-04
6.178331356267299313e-05
8.649663898774218767e-05
8.649663898774218767e-05
9.885330170027679172e-05
8.649663898774218767e-05
9.885330170027679172e-05
3.706998813760379859e-05
9.885330170027679172e-05
1.112099644128113822e-04
1.112099644128113822e-04
9.885330170027679172e-05
9.885330170027679172e-05
7.413997627520759717e-05
7.413997627520759717e-05
9.885330170027679172e-05
1.112099644128113822e-04
9.885330170027679172e-05
7.413997627520759717e-05
1.112099644128113822e-04
1.112099644128113822e-04
1.112099644128113822e-04
9.885330170027679172e-05
9.885330170027679172e-05
8.649663898774218767e-05
9.885330170027679172e-05
7.413997627520759717e-05
1.112099644128113822e-04
9.885330170027679172e-05
9.885330170027679172e-05
1.112099644128113822e-04
1.112099644128113822e-04
1.112099644128113822e-04
9.885330170027679172e-05
9.885330170027679172e-05
8.649663898774218767e-05
9.885330170027679172e-05
9.885330170027679172e-05
8.649663898774218767e-05
1.112099644128113822e-04
1.112099644128113822e-04
1.112099644128113822e-04
8.649663898774218767e-05
9.885330170027679172e-05
9.885330170027679172e-05
9.885330170027679172e-05
8.649663898774218767e-05
8.649663898774218767e-05
7.413997627520759717e-05
8.649663898774218767e-05
8.649663898774218767e-05
9.885330170027679172e-05
7.413997627520759717e-05
7.413997627520759717e-05
6.178331356267299313e-05
7.413997627520759717e-05
9.885330170027679172e-05
9.885330170027679172e-05
8.649663898774218767e-05
7.413997627520759717e-05
8.649663898774218767e-05
8.649663898774218767e-05
7.413997627520759717e-05
8.649663898774218767e-05
8.649663898774218767e-05
7.413997627520759717e-05
6.178331356267299313e-05
7.413997627520759717e-05
8.649663898774218767e-05
8.649663898774218767e-05
7.413997627520759717e-05
6.178331356267299313e-05
8.649663898774218767e-05
7.413997627520759717e-05
8.649663898774218767e-05
8.649663898774218767e-05
8.649663898774218767e-05
8.649663898774218767e-05
7.413997627520759717e-05
7.413997627520759717e-05
7.413997627520759717e-05
7.413997627520759717e-05
7.413997627520759717e-05
8.649663898774218767e-05
6.178331356267299313e-05
7.413997627520759717e-05
8.649663898774218767e-05
7.413997627520759717e-05
6.178331356267299313e-05
8.649663898774218767e-05
8.649663898774218767e-05
8.649663898774218767e-05
7.413997627520759717e-05
8.649663898774218767e-05
8.649663898774218767e-05
7.413997627520759717e-05
7.413997627520759717e-05
7.413997627520759717e-05
8.649663898774218767e-05
8.649663898774218767e-05
8.649663898774218767e-05
7.413997627520759717e-05
8.649663898774218767e-05
8.649663898774218767e-05
8.649663898774218767e-05
8.649663898774218767e-05
8.649663898774218767e-05
7.413997627520759717e-05
6.178331356267299313e-05
8.649663898774218767e-05
8.649663898774218767e-05
8.649663898774218767e-05
7.413997627520759717e-05
8.649663898774218767e-05
8.649663898774218767e-05
7.413997627520759717e-05
7.413997627520759717e-05
8.649663898774218767e-05
8.649663898774218767e-05
7.413997627520759717e-05
7.413997627520759717e-05
7.413997627520759717e-05
7.413997627520759717e-05
7.413997627520759717e-05
4.942665085013839586e-05
7.413997627520759717e-05
7.413997627520759717e-05
7.413997627520759717e-05
6.178331356267299313e-05
4.942665085013839586e-05
7.413997627520759717e-05
6.178331356267299313e-05
6.178331356267299313e-05
7.413997627520759717e-05
3.706998813760379859e-05
2.471332542506919793e-05
7.413997627520759717e-05
6.178331356267299313e-05
4.942665085013839586e-05
6.178331356267299313e-05
4.942665085013839586e-05
3.706998813760379859e-05
7.413997627520759717e-05
7.413997627520759717e-05
4.942665085013839586e-05
6.178331356267299313e-05
7.413997627520759717e-05
7.413997627520759717e-05
7.413997627520759717e-05
7.413997627520759717e-05
6.178331356267299313e-05
6.178331356267299313e-05
7.413997627520759717e-05
7.413997627520759717e-05
7.413997627520759717e-05
7.413997627520759717e-05
7.413997627520759717e-05
6.178331356267299313e-05
7.413997627520759717e-05
6.178331356267299313e-05
6.178331356267299313e-05
1.235666271253459896e-05
6.178331356267299313e-05
6.178331356267299313e-05
6.178331356267299313e-05
4.942665085013839586e-05
6.178331356267299313e-05
6.178331356267299313e-05
4.942665085013839586e-05
6.178331356267299313e-05
6.178331356267299313e-05
6.178331356267299313e-05
6.178331356267299313e-05
6.178331356267299313e-05
6.178331356267299313e-05
3.706998813760379859e-05
4.942665085013839586e-05
6.178331356267299313e-05
6.178331356267299313e-05
6.178331356267299313e-05
4.942665085013839586e-05
6.178331356267299313e-05
6.178331356267299313e-05
4.942665085013839586e-05
6.178331356267299313e-05
4.942665085013839586e-05
6.178331356267299313e-05
4.942665085013839586e-05
6.178331356267299313e-05
6.178331356267299313e-05
6.178331356267299313e-05
6.178331356267299313e-05
6.178331356267299313e-05
4.942665085013839586e-05
4.942665085013839586e-05
6.178331356267299313e-05
4.942665085013839586e-05
6.178331356267299313e-05
4.942665085013839586e-05
4.942665085013839586e-05
4.942665085013839586e-05
