2.609332522313392855e-02
2.126444629268716552e-02
2.116513772856486869e-02
1.875690504859912899e-02
1.778864654840671758e-02
1.770175155479970786e-02
1.420112466948868571e-02
1.389078540660650292e-02
1.281080477177650584e-02
1.228943481013443882e-02
1.216529910498156605e-02
1.170599699591593455e-02
1.115979989324329333e-02
9.608103578832379379e-03
9.111560758220886569e-03
9.024665764613875110e-03
8.739153642762268262e-03
8.416400809364798369e-03
8.279851533696636762e-03
8.180542969574338200e-03
8.168129399059051096e-03
8.180542969574338200e-03
7.733654431023995537e-03
7.671586578447559153e-03
7.584691584840547694e-03
7.485383020718249132e-03
7.063321623198480677e-03
7.026080911652618499e-03
6.951599488560895011e-03
7.038494482167905603e-03
6.715741648770435709e-03
6.504710950010551482e-03
6.467470238464689304e-03
6.256439539704805076e-03
6.194371687128368692e-03
6.045408840944920849e-03
6.008168129399058671e-03
5.970927417853197361e-03
5.759896719093313133e-03
5.586106731879290216e-03
5.635761013940439497e-03
5.673001725486301675e-03
5.673001725486301675e-03
5.337835321573543811e-03
5.474384597241704550e-03
5.325421751058256707e-03
5.201286045905383938e-03
5.238526757451246116e-03
5.114391052298372480e-03
4.642675372717454743e-03
4.692329654778604024e-03
4.605434661171592566e-03
4.555780379110443284e-03
4.605434661171592566e-03
4.518539667564581974e-03
4.394403962411708338e-03
4.381990391896421234e-03
4.344749680350559057e-03
4.270268257258835569e-03
4.170959693136537007e-03
4.208200404682399184e-03
4.183373263651824110e-03
3.959928994376652779e-03
4.170959693136537007e-03
4.084064699529525548e-03
3.711657584070906374e-03
3.699244013555618837e-03
3.736484725101481014e-03
3.748898295616768118e-03
3.761311866132055655e-03
3.786139007162630295e-03
3.649589731494469556e-03
3.562694737887458531e-03
3.550281167372171427e-03
3.525454026341596787e-03
3.314423327581712125e-03
3.252355475005275741e-03
3.289596186551137919e-03
3.153046910882977179e-03
3.314423327581712125e-03
3.028911205730103976e-03
3.041324776245391513e-03
2.979256923668954695e-03
2.929602641607805848e-03
3.041324776245391513e-03
2.892361930061943670e-03
2.892361930061943670e-03
2.867534789031369030e-03
2.867534789031369030e-03
2.867534789031369030e-03
2.929602641607805848e-03
2.768226224909070467e-03
2.867534789031369030e-03
2.793053365939645108e-03
2.693744801817346546e-03
2.805466936454932645e-03
2.855121218516081926e-03
2.743399083878495827e-03
2.656504090271484802e-03
2.631676949240910161e-03
2.681331231302059442e-03
2.681331231302059442e-03
2.594436237695048417e-03
2.544781955633899136e-03
2.519954814603324496e-03
2.470300532542175215e-03
2.408232679965738397e-03
2.333751256874014475e-03
2.308924115843439834e-03
2.333751256874014475e-03
2.321337686358727372e-03
2.358578397904589116e-03
2.284096974812865628e-03
2.197201981205854169e-03
2.172374840175279528e-03
2.122720558114130247e-03
2.135134128629417784e-03
2.010998423476544582e-03
2.122720558114130247e-03
2.048239135022406326e-03
2.023411993991831685e-03
1.973757711930682838e-03
1.998584852961257045e-03
2.023411993991831685e-03
2.097893417083555607e-03
1.936517000384820660e-03
1.961344141415395301e-03
1.936517000384820660e-03
1.961344141415395301e-03
1.998584852961257045e-03
1.936517000384820660e-03
1.924103429869533340e-03
1.948930570900107980e-03
1.837208436262522098e-03
1.986171282445969941e-03
1.700659160594361792e-03
1.824794865747234778e-03
1.700659160594361792e-03
1.725486301624936433e-03
1.713072731109649112e-03
1.737899872140223753e-03
1.675832019563787152e-03
1.762727013170798393e-03
1.588937025956775910e-03
1.663418449048499831e-03
1.737899872140223753e-03
1.651004878533212511e-03
1.638591308017925191e-03
1.539282743895626629e-03
1.526869173380339308e-03
1.613764166987350550e-03
1.576523455441488589e-03
1.526869173380339308e-03
1.514455602865051988e-03
1.514455602865051988e-03
1.464801320803902924e-03
1.576523455441488589e-03
1.439974179773328283e-03
1.489628461834477348e-03
1.477214891319190244e-03
1.489628461834477348e-03
1.502042032349764668e-03
1.402733468227466323e-03
1.340665615651029721e-03
1.340665615651029721e-03
1.365492756681604362e-03
1.390319897712179002e-03
1.328252045135742401e-03
1.402733468227466323e-03
1.365492756681604362e-03
1.415147038742753643e-03
1.328252045135742401e-03
1.340665615651029721e-03
1.353079186166317041e-03
1.340665615651029721e-03
1.315838474620455081e-03
1.204116339982869198e-03
1.253770622044018479e-03
1.315838474620455081e-03
1.340665615651029721e-03
1.216529910498156519e-03
1.241357051528731159e-03
1.315838474620455081e-03
1.253770622044018479e-03
1.216529910498156519e-03
1.228943481013443839e-03
1.228943481013443839e-03
1.216529910498156519e-03
1.154462057921719917e-03
1.191702769467581878e-03
1.216529910498156519e-03
1.142048487406432814e-03
1.079980634829996212e-03
1.154462057921719917e-03
1.166875628437007237e-03
1.142048487406432814e-03
1.191702769467581878e-03
1.067567064314708892e-03
1.129634916891145494e-03
1.067567064314708892e-03
1.142048487406432814e-03
1.092394205345283533e-03
1.067567064314708892e-03
1.005499211738272291e-03
1.030326352768846931e-03
1.030326352768846931e-03
1.042739923284134252e-03
1.067567064314708892e-03
1.030326352768846931e-03
1.092394205345283533e-03
1.030326352768846931e-03
1.030326352768846931e-03
1.030326352768846931e-03
1.005499211738272291e-03
1.005499211738272291e-03
1.017912782253559611e-03
9.806720707076976504e-04
9.682585001924103301e-04
9.682585001924103301e-04
1.005499211738272291e-03
1.055153493799421572e-03
9.061906476159737288e-04
8.813635065853991967e-04
1.017912782253559611e-03
9.682585001924103301e-04
8.689499360701118764e-04
9.434313591618356896e-04
8.937770771006865169e-04
9.310177886465483693e-04
8.813635065853991967e-04
9.558449296771230098e-04
8.937770771006865169e-04
9.310177886465483693e-04
8.813635065853991967e-04
9.061906476159737288e-04
8.565363655548245561e-04
8.937770771006865169e-04
9.186042181312610490e-04
8.689499360701118764e-04
8.068820834936752751e-04
7.572278014325259940e-04
7.944685129783879548e-04
7.820549424631006346e-04
7.944685129783879548e-04
7.448142309172386738e-04
7.820549424631006346e-04
7.199870898866641417e-04
7.820549424631006346e-04
7.696413719478133143e-04
7.820549424631006346e-04
8.441227950395372359e-04
7.572278014325259940e-04
8.068820834936752751e-04
7.448142309172386738e-04
7.199870898866641417e-04
7.199870898866641417e-04
7.075735193713768214e-04
7.199870898866641417e-04
6.951599488560895011e-04
7.324006604019514619e-04
7.448142309172386738e-04
6.827463783408021809e-04
7.820549424631006346e-04
7.199870898866641417e-04
7.199870898866641417e-04
6.579192373102275403e-04
6.951599488560895011e-04
6.330920962796528998e-04
6.827463783408021809e-04
6.703328078255148606e-04
7.075735193713768214e-04
6.951599488560895011e-04
6.455056667949402201e-04
6.827463783408021809e-04
6.082649552490782593e-04
6.330920962796528998e-04
6.703328078255148606e-04
6.330920962796528998e-04
6.206785257643655795e-04
6.082649552490782593e-04
6.082649552490782593e-04
6.206785257643655795e-04
6.206785257643655795e-04
6.330920962796528998e-04
5.958513847337909390e-04
6.330920962796528998e-04
5.958513847337909390e-04
5.461971026726417664e-04
5.461971026726417664e-04
5.710242437032164069e-04
5.710242437032164069e-04
5.958513847337909390e-04
5.586106731879290866e-04
5.461971026726417664e-04
6.082649552490782593e-04
5.089563911267798056e-04
5.337835321573544461e-04
5.710242437032164069e-04
5.710242437032164069e-04
5.710242437032164069e-04
5.834378142185036187e-04
5.834378142185036187e-04
4.965428206114924853e-04
5.461971026726417664e-04
5.461971026726417664e-04
5.461971026726417664e-04
5.461971026726417664e-04
5.337835321573544461e-04
5.461971026726417664e-04
4.841292500962051651e-04
5.213699616420671258e-04
5.337835321573544461e-04
5.710242437032164069e-04
4.841292500962051651e-04
4.717156795809178448e-04
4.965428206114924853e-04
5.213699616420671258e-04
4.717156795809178448e-04
4.965428206114924853e-04
4.841292500962051651e-04
5.461971026726417664e-04
5.586106731879290866e-04
4.344749680350559382e-04
5.213699616420671258e-04
5.089563911267798056e-04
5.089563911267798056e-04
5.213699616420671258e-04
4.965428206114924853e-04
4.841292500962051651e-04
4.965428206114924853e-04
5.089563911267798056e-04
5.089563911267798056e-04
4.593021090656305245e-04
4.593021090656305245e-04
4.220613975197686179e-04
4.717156795809178448e-04
4.344749680350559382e-04
4.468885385503432585e-04
4.841292500962051651e-04
4.841292500962051651e-04
4.593021090656305245e-04
4.841292500962051651e-04
4.593021090656305245e-04
4.468885385503432585e-04
4.717156795809178448e-04
4.593021090656305245e-04
4.468885385503432585e-04
4.593021090656305245e-04
4.468885385503432585e-04
4.344749680350559382e-04
4.593021090656305245e-04
4.220613975197686179e-04
4.468885385503432585e-04
4.344749680350559382e-04
4.468885385503432585e-04
4.593021090656305245e-04
4.468885385503432585e-04
4.220613975197686179e-04
4.593021090656305245e-04
4.096478270044812977e-04
4.096478270044812977e-04
4.220613975197686179e-04
4.717156795809178448e-04
3.972342564891939774e-04
3.972342564891939774e-04
3.972342564891939774e-04
4.344749680350559382e-04
4.593021090656305245e-04
4.220613975197686179e-04
4.096478270044812977e-04
3.848206859739066571e-04
4.096478270044812977e-04
3.972342564891939774e-04
4.220613975197686179e-04
3.724071154586193369e-04
3.972342564891939774e-04
3.599935449433320708e-04
3.972342564891939774e-04
4.344749680350559382e-04
3.724071154586193369e-04
4.096478270044812977e-04
3.848206859739066571e-04
3.972342564891939774e-04
3.972342564891939774e-04
3.724071154586193369e-04
3.848206859739066571e-04
4.096478270044812977e-04
3.599935449433320708e-04
3.475799744280447506e-04
3.724071154586193369e-04
3.848206859739066571e-04
3.848206859739066571e-04
3.972342564891939774e-04
3.972342564891939774e-04
3.972342564891939774e-04
4.096478270044812977e-04
3.724071154586193369e-04
3.848206859739066571e-04
3.724071154586193369e-04
3.599935449433320708e-04
3.351664039127574303e-04
3.351664039127574303e-04
3.227528333974701100e-04
3.724071154586193369e-04
3.848206859739066571e-04
3.227528333974701100e-04
3.351664039127574303e-04
3.475799744280447506e-04
3.599935449433320708e-04
3.599935449433320708e-04
3.103392628821827898e-04
3.599935449433320708e-04
3.724071154586193369e-04
3.351664039127574303e-04
3.475799744280447506e-04
3.227528333974701100e-04
3.103392628821827898e-04
3.475799744280447506e-04
2.979256923668954695e-04
2.979256923668954695e-04
3.475799744280447506e-04
3.227528333974701100e-04
3.227528333974701100e-04
3.227528333974701100e-04
2.855121218516082035e-04
3.227528333974701100e-04
2.979256923668954695e-04
3.103392628821827898e-04
3.227528333974701100e-04
2.730985513363208832e-04
3.103392628821827898e-04
3.103392628821827898e-04
3.103392628821827898e-04
3.475799744280447506e-04
3.103392628821827898e-04
3.103392628821827898e-04
3.227528333974701100e-04
2.979256923668954695e-04
2.855121218516082035e-04
2.979256923668954695e-04
2.979256923668954695e-04
2.979256923668954695e-04
2.855121218516082035e-04
2.979256923668954695e-04
2.855121218516082035e-04
2.855121218516082035e-04
2.979256923668954695e-04
2.855121218516082035e-04
2.855121218516082035e-04
2.855121218516082035e-04
2.730985513363208832e-04
2.730985513363208832e-04
2.979256923668954695e-04
2.482714103057462427e-04
2.730985513363208832e-04
2.979256923668954695e-04
2.979256923668954695e-04
2.855121218516082035e-04
2.730985513363208832e-04
2.979256923668954695e-04
2.855121218516082035e-04
2.358578397904589224e-04
2.730985513363208832e-04
2.730985513363208832e-04
2.606849808210335629e-04
2.606849808210335629e-04
2.482714103057462427e-04
2.358578397904589224e-04
2.606849808210335629e-04
2.730985513363208832e-04
2.855121218516082035e-04
2.482714103057462427e-04
2.855121218516082035e-04
2.730985513363208832e-04
2.730985513363208832e-04
2.482714103057462427e-04
2.358578397904589224e-04
1.986171282445969887e-04
2.482714103057462427e-04
2.110306987598843090e-04
1.986171282445969887e-04
2.482714103057462427e-04
2.482714103057462427e-04
2.234442692751716292e-04
2.482714103057462427e-04
2.606849808210335629e-04
2.358578397904589224e-04
2.482714103057462427e-04
2.358578397904589224e-04
2.110306987598843090e-04
2.234442692751716292e-04
2.358578397904589224e-04
2.482714103057462427e-04
2.234442692751716292e-04
2.606849808210335629e-04
2.110306987598843090e-04
1.986171282445969887e-04
1.737899872140223753e-04
1.986171282445969887e-04
2.234442692751716292e-04
2.234442692751716292e-04
2.234442692751716292e-04
1.489628461834477348e-04
2.234442692751716292e-04
2.110306987598843090e-04
2.234442692751716292e-04
2.358578397904589224e-04
1.862035577293096684e-04
1.986171282445969887e-04
2.234442692751716292e-04
2.234442692751716292e-04
1.986171282445969887e-04
2.234442692751716292e-04
2.110306987598843090e-04
2.234442692751716292e-04
2.110306987598843090e-04
1.862035577293096684e-04
1.117221346375858146e-04
2.110306987598843090e-04
2.234442692751716292e-04
2.234442692751716292e-04
1.737899872140223753e-04
1.986171282445969887e-04
1.862035577293096684e-04
1.737899872140223753e-04
2.110306987598843090e-04
2.110306987598843090e-04
2.234442692751716292e-04
2.234442692751716292e-04
2.110306987598843090e-04
1.737899872140223753e-04
1.862035577293096684e-04
2.110306987598843090e-04
1.862035577293096684e-04
1.986171282445969887e-04
2.110306987598843090e-04
1.862035577293096684e-04
1.737899872140223753e-04
1.986171282445969887e-04
1.862035577293096684e-04
2.110306987598843090e-04
1.737899872140223753e-04
1.986171282445969887e-04
1.862035577293096684e-04
1.613764166987350550e-04
1.613764166987350550e-04
1.986171282445969887e-04
1.489628461834477348e-04
1.862035577293096684e-04
1.862035577293096684e-04
1.862035577293096684e-04
1.737899872140223753e-04
1.862035577293096684e-04
1.862035577293096684e-04
1.862035577293096684e-04
1.986171282445969887e-04
1.986171282445969887e-04
1.986171282445969887e-04
1.986171282445969887e-04
1.737899872140223753e-04
1.737899872140223753e-04
1.489628461834477348e-04
1.489628461834477348e-04
1.489628461834477348e-04
1.862035577293096684e-04
1.489628461834477348e-04
1.489628461834477348e-04
1.862035577293096684e-04
1.489628461834477348e-04
1.737899872140223753e-04
1.862035577293096684e-04
1.737899872140223753e-04
1.489628461834477348e-04
1.737899872140223753e-04
1.489628461834477348e-04
1.862035577293096684e-04
1.489628461834477348e-04
1.862035577293096684e-04
1.613764166987350550e-04
1.489628461834477348e-04
1.489628461834477348e-04
1.241357051528731213e-04
1.365492756681604416e-04
1.737899872140223753e-04
1.489628461834477348e-04
1.489628461834477348e-04
1.365492756681604416e-04
1.241357051528731213e-04
1.613764166987350550e-04
1.737899872140223753e-04
1.365492756681604416e-04
1.613764166987350550e-04
1.365492756681604416e-04
1.489628461834477348e-04
1.737899872140223753e-04
1.241357051528731213e-04
1.613764166987350550e-04
1.365492756681604416e-04
1.365492756681604416e-04
1.365492756681604416e-04
1.489628461834477348e-04
1.613764166987350550e-04
1.489628461834477348e-04
1.489628461834477348e-04
1.365492756681604416e-04
8.689499360701118764e-05
1.489628461834477348e-04
1.489628461834477348e-04
1.489628461834477348e-04
1.613764166987350550e-04
1.613764166987350550e-04
1.365492756681604416e-04
1.489628461834477348e-04
1.241357051528731213e-04
1.117221346375858146e-04
1.489628461834477348e-04
1.117221346375858146e-04
1.117221346375858146e-04
1.241357051528731213e-04
1.489628461834477348e-04
1.365492756681604416e-04
9.930856412229849435e-05
1.241357051528731213e-04
1.365492756681604416e-04
1.241357051528731213e-04
1.117221346375858146e-04
1.117221346375858146e-04
1.117221346375858146e-04
1.365492756681604416e-04
1.489628461834477348e-04
1.365492756681604416e-04
9.930856412229849435e-05
1.117221346375858146e-04
1.365492756681604416e-04
1.365492756681604416e-04
1.241357051528731213e-04
1.365492756681604416e-04
1.365492756681604416e-04
1.365492756681604416e-04
1.365492756681604416e-04
8.689499360701118764e-05
9.930856412229849435e-05
9.930856412229849435e-05
1.365492756681604416e-04
1.241357051528731213e-04
1.241357051528731213e-04
1.365492756681604416e-04
1.117221346375858146e-04
1.241357051528731213e-04
1.241357051528731213e-04
7.448142309172386738e-05
1.117221346375858146e-04
1.117221346375858146e-04
1.117221346375858146e-04
1.117221346375858146e-04
1.117221346375858146e-04
1.241357051528731213e-04
1.117221346375858146e-04
9.930856412229849435e-05
1.117221346375858146e-04
1.241357051528731213e-04
1.117221346375858146e-04
9.930856412229849435e-05
1.241357051528731213e-04
1.241357051528731213e-04
1.117221346375858146e-04
1.241357051528731213e-04
9.930856412229849435e-05
1.117221346375858146e-04
1.117221346375858146e-04
9.930856412229849435e-05
1.241357051528731213e-04
1.117221346375858146e-04
1.117221346375858146e-04
9.930856412229849435e-05
1.241357051528731213e-04
9.930856412229849435e-05
1.117221346375858146e-04
1.117221346375858146e-04
1.117221346375858146e-04
1.117221346375858146e-04
9.930856412229849435e-05
1.117221346375858146e-04
7.448142309172386738e-05
9.930856412229849435e-05
1.117221346375858146e-04
9.930856412229849435e-05
1.117221346375858146e-04
9.930856412229849435e-05
9.930856412229849435e-05
9.930856412229849435e-05
9.930856412229849435e-05
1.117221346375858146e-04
1.117221346375858146e-04
1.117221346375858146e-04
9.930856412229849435e-05
7.448142309172386738e-05
9.930856412229849435e-05
8.689499360701118764e-05
8.689499360701118764e-05
7.448142309172386738e-05
7.448142309172386738e-05
7.448142309172386738e-05
9.930856412229849435e-05
9.930856412229849435e-05
8.689499360701118764e-05
7.448142309172386738e-05
7.448142309172386738e-05
8.689499360701118764e-05
9.930856412229849435e-05
7.448142309172386738e-05
7.448142309172386738e-05
9.930856412229849435e-05
8.689499360701118764e-05
7.448142309172386738e-05
8.689499360701118764e-05
9.930856412229849435e-05
9.930856412229849435e-05
8.689499360701118764e-05
9.930856412229849435e-05
8.689499360701118764e-05
8.689499360701118764e-05
8.689499360701118764e-05
8.689499360701118764e-05
8.689499360701118764e-05
8.689499360701118764e-05
9.930856412229849435e-05
9.930856412229849435e-05
9.930856412229849435e-05
9.930856412229849435e-05
9.930856412229849435e-05
7.448142309172386738e-05
8.689499360701118764e-05
9.930856412229849435e-05
9.930856412229849435e-05
9.930856412229849435e-05
8.689499360701118764e-05
9.930856412229849435e-05
7.448142309172386738e-05
7.448142309172386738e-05
9.930856412229849435e-05
9.930856412229849435e-05
9.930856412229849435e-05
7.448142309172386738e-05
8.689499360701118764e-05
6.206785257643656066e-05
4.965428206114924718e-05
7.448142309172386738e-05
7.448142309172386738e-05
8.689499360701118764e-05
4.965428206114924718e-05
6.206785257643656066e-05
8.689499360701118764e-05
8.689499360701118764e-05
7.448142309172386738e-05
8.689499360701118764e-05
6.206785257643656066e-05
7.448142309172386738e-05
7.448142309172386738e-05
7.448142309172386738e-05
4.965428206114924718e-05
7.448142309172386738e-05
3.724071154586193369e-05
6.206785257643656066e-05
4.965428206114924718e-05
4.965428206114924718e-05
6.206785257643656066e-05
7.448142309172386738e-05
6.206785257643656066e-05
7.448142309172386738e-05
6.206785257643656066e-05
7.448142309172386738e-05
7.448142309172386738e-05
7.448142309172386738e-05
6.206785257643656066e-05
6.206785257643656066e-05
3.724071154586193369e-05
4.965428206114924718e-05
7.448142309172386738e-05
4.965428206114924718e-05
7.448142309172386738e-05
7.448142309172386738e-05
7.448142309172386738e-05
7.448142309172386738e-05
7.448142309172386738e-05
3.724071154586193369e-05
6.206785257643656066e-05
7.448142309172386738e-05
7.448142309172386738e-05
3.724071154586193369e-05
6.206785257643656066e-05
7.448142309172386738e-05
7.448142309172386738e-05
4.965428206114924718e-05
6.206785257643656066e-05
7.448142309172386738e-05
7.448142309172386738e-05
7.448142309172386738e-05
7.448142309172386738e-05
7.448142309172386738e-05
6.206785257643656066e-05
7.448142309172386738e-05
7.448142309172386738e-05
6.206785257643656066e-05
7.448142309172386738e-05
3.724071154586193369e-05
7.448142309172386738e-05
7.448142309172386738e-05
6.206785257643656066e-05
3.724071154586193369e-05
6.206785257643656066e-05
7.448142309172386738e-05
4.965428206114924718e-05
7.448142309172386738e-05
7.448142309172386738e-05
7.448142309172386738e-05
3.724071154586193369e-05
6.206785257643656066e-05
7.448142309172386738e-05
7.448142309172386738e-05
3.724071154586193369e-05
6.206785257643656066e-05
3.724071154586193369e-05
6.206785257643656066e-05
6.206785257643656066e-05
6.206785257643656066e-05
3.724071154586193369e-05
4.965428206114924718e-05
6.206785257643656066e-05
6.206785257643656066e-05
4.965428206114924718e-05
4.965428206114924718e-05
6.206785257643656066e-05
3.724071154586193369e-05
6.206785257643656066e-05
6.206785257643656066e-05
6.206785257643656066e-05
6.206785257643656066e-05
6.206785257643656066e-05
6.206785257643656066e-05
3.724071154586193369e-05
6.206785257643656066e-05
4.965428206114924718e-05
4.965428206114924718e-05
4.965428206114924718e-05
3.724071154586193369e-05
3.724071154586193369e-05
6.206785257643656066e-05
4.965428206114924718e-05
6.206785257643656066e-05
6.206785257643656066e-05
4.965428206114924718e-05
6.206785257643656066e-05
6.206785257643656066e-05
6.206785257643656066e-05
6.206785257643656066e-05
4.965428206114924718e-05
6.206785257643656066e-05
4.965428206114924718e-05
4.965428206114924718e-05
4.965428206114924718e-05
4.965428206114924718e-05
4.965428206114924718e-05
3.724071154586193369e-05
3.724071154586193369e-05
4.965428206114924718e-05
3.724071154586193369e-05
4.965428206114924718e-05
4.965428206114924718e-05
3.724071154586193369e-05
4.965428206114924718e-05
2.482714103057462359e-05
3.724071154586193369e-05
4.965428206114924718e-05
3.724071154586193369e-05
4.965428206114924718e-05
2.482714103057462359e-05
4.965428206114924718e-05
4.965428206114924718e-05
3.724071154586193369e-05
4.965428206114924718e-05
2.482714103057462359e-05
4.965428206114924718e-05
4.965428206114924718e-05
4.965428206114924718e-05
4.965428206114924718e-05
4.965428206114924718e-05
3.724071154586193369e-05
4.965428206114924718e-05
3.724071154586193369e-05
3.724071154586193369e-05
4.965428206114924718e-05
4.965428206114924718e-05
4.965428206114924718e-05
3.724071154586193369e-05
4.965428206114924718e-05
3.724071154586193369e-05
3.724071154586193369e-05
3.724071154586193369e-05
3.724071154586193369e-05
