2.723993123079958278e-02
2.669034130943321800e-02
2.251909472675516638e-02
2.274456751500803300e-02
2.298413235252670314e-02
2.118035004650376321e-02
1.185141343254136025e-02
1.855922888306417440e-02
1.252783179729996359e-02
1.175276908768073045e-02
3.029790592147910220e-03
1.237281925537611627e-02
1.028719596403709045e-02
1.011809137284743962e-02
9.018911530114710057e-03
9.258476367633381929e-03
8.342493165356106716e-03
9.159832022772752130e-03
8.906175135988275010e-03
8.779346692596036450e-03
8.694794397001211900e-03
8.032468081508413807e-03
7.933823736647784008e-03
7.750627096192327925e-03
7.299681519686592943e-03
7.158761027028550869e-03
6.947380288041486891e-03
6.750091598320227294e-03
6.778275696851836056e-03
6.623263154927989602e-03
6.552802908598968565e-03
5.805924297511344187e-03
6.158225529156450238e-03
6.200501676953862513e-03
6.383698317409317730e-03
6.383698317409317730e-03
6.101857332093232715e-03
5.735464051182323150e-03
5.749556100448127531e-03
5.383162819537217099e-03
5.693187903384910008e-03
5.312702573208196062e-03
5.439531016600433755e-03
5.383162819537217099e-03
5.354978721005608337e-03
5.369070770271412718e-03
5.453623065866238136e-03
5.101321834221132084e-03
5.129505932752740846e-03
4.889941095234068974e-03
4.861756996702460212e-03
4.819480848905047937e-03
4.579916011386376065e-03
4.734928553310222520e-03
4.706744454778613758e-03
4.763112651841830414e-03
4.720836504044418139e-03
4.354443223133507707e-03
4.185338631943856871e-03
4.058510188551619179e-03
4.100786336349031454e-03
3.889405597361968343e-03
4.213522730475465633e-03
3.762577153969730217e-03
3.833037400298751254e-03
3.903497646627772724e-03
3.889405597361968343e-03
3.692116907640709180e-03
3.790761252501338545e-03
3.466644119387841255e-03
3.410275922324624599e-03
3.663932809109100852e-03
3.382091823793015838e-03
3.297539528198190420e-03
3.325723626729799182e-03
3.170711084805952294e-03
2.367464276655111260e-03
2.705673459034412930e-03
2.733857557566021258e-03
2.973422395084693130e-03
3.339815675995603129e-03
2.987514444350497511e-03
2.959330345818889183e-03
2.902962148755672094e-03
2.973422395084693130e-03
2.818409853160846676e-03
2.762041656097629586e-03
2.705673459034412930e-03
2.550660917110566042e-03
2.578845015642174804e-03
2.649305261971195841e-03
2.311096079591894170e-03
2.437924522984132297e-03
2.508384769313153333e-03
2.480200670781545005e-03
2.297004030326090223e-03
2.536568867844762095e-03
2.409740424452523969e-03
2.550660917110566042e-03
2.311096079591894170e-03
2.043347143541613970e-03
2.381556325920915207e-03
2.254727882528677514e-03
1.550125419238465628e-03
2.099715340604830626e-03
2.184267636199656044e-03
2.325188128857698551e-03
2.268819931794481461e-03
2.437924522984132297e-03
1.000535497872100631e-03
2.212451734731264805e-03
2.226543783997068753e-03
2.212451734731264805e-03
2.254727882528677514e-03
2.057439192807417917e-03
2.071531242073222298e-03
2.057439192807417917e-03
2.043347143541613970e-03
1.986978946478396880e-03
2.043347143541613970e-03
1.240100335390772503e-03
1.493757222175248756e-03
2.170175586933852097e-03
1.874242552351962918e-03
1.972886897212592500e-03
1.860150503086158754e-03
1.958794847946788553e-03
1.831966404554550426e-03
1.958794847946788553e-03
1.930610749415180008e-03
1.972886897212592500e-03
1.775598207491333336e-03
1.902426650883571463e-03
1.817874355288746045e-03
1.817874355288746045e-03
1.831966404554550426e-03
1.986978946478396880e-03
1.000535497872100631e-03
1.705137961162312300e-03
1.831966404554550426e-03
1.747414108959725008e-03
1.578309517770074173e-03
1.648769764099095210e-03
1.705137961162312300e-03
1.606493616301682501e-03
1.634677714833291046e-03
1.662861813364899591e-03
1.521941320706857084e-03
1.719230010428116464e-03
1.676953862630703755e-03
1.113271891998534376e-03
1.536033369972661464e-03
1.564217468504269792e-03
1.550125419238465628e-03
1.451481074377836047e-03
1.437389025112031883e-03
1.409204926580423338e-03
1.521941320706857084e-03
1.550125419238465628e-03
1.409204926580423338e-03
1.437389025112031883e-03
1.465573123643640211e-03
1.254192384656576667e-03
1.395112877314619174e-03
1.268284433922381048e-03
1.226008286124968339e-03
1.507849271441052920e-03
1.268284433922381048e-03
1.451481074377836047e-03
1.451481074377836047e-03
1.324652630985597920e-03
1.409204926580423338e-03
1.409204926580423338e-03
1.310560581719793756e-03
1.324652630985597920e-03
1.310560581719793756e-03
1.141455990530142921e-03
1.324652630985597920e-03
1.296468532453989375e-03
1.197824187593359794e-03
1.282376483188185212e-03
1.183732138327555630e-03
7.186945125560159414e-04
1.268284433922381048e-03
1.056903694935317503e-03
1.085087793466926048e-03
1.169640089061751466e-03
1.085087793466926048e-03
1.155548039795947085e-03
1.141455990530142921e-03
1.226008286124968339e-03
1.127363941264338757e-03
1.113271891998534376e-03
1.099179842732730212e-03
1.085087793466926048e-03
1.085087793466926048e-03
1.085087793466926048e-03
9.441673008088836494e-04
1.000535497872100631e-03
1.000535497872100631e-03
1.127363941264338757e-03
1.070995744201121667e-03
6.905104140244073966e-04
1.056903694935317503e-03
1.141455990530142921e-03
1.056903694935317503e-03
1.056903694935317503e-03
9.582593500746878134e-04
1.042811645669513339e-03
1.028719596403708959e-03
9.441673008088836494e-04
1.056903694935317503e-03
1.042811645669513339e-03
1.014627547137904795e-03
8.737070544798625042e-04
9.582593500746878134e-04
9.018911530114709406e-04
1.028719596403708959e-03
9.864434486062962498e-04
9.723513993404920858e-04
9.582593500746878134e-04
9.723513993404920858e-04
9.159832022772752130e-04
8.877991037456666682e-04
9.159832022772752130e-04
8.877991037456666682e-04
5.777740198979735425e-04
9.159832022772752130e-04
8.877991037456666682e-04
9.723513993404920858e-04
8.173388574166455230e-04
8.314309066824497954e-04
9.018911530114709406e-04
8.737070544798625042e-04
8.877991037456666682e-04
5.636819706321693785e-04
8.596150052140582318e-04
5.777740198979735425e-04
8.314309066824497954e-04
7.891547588850370866e-04
4.932217243031481249e-04
9.018911530114709406e-04
8.314309066824497954e-04
7.891547588850370866e-04
8.173388574166455230e-04
7.891547588850370866e-04
8.737070544798625042e-04
6.623263154927989602e-04
7.468786110876243778e-04
8.173388574166455230e-04
6.764183647586032326e-04
8.737070544798625042e-04
8.596150052140582318e-04
8.032468081508412506e-04
7.750627096192328142e-04
7.468786110876243778e-04
8.032468081508412506e-04
7.186945125560159414e-04
7.468786110876243778e-04
7.750627096192328142e-04
5.777740198979735425e-04
7.609706603534285418e-04
7.046024632902116690e-04
7.327865618218201054e-04
7.046024632902116690e-04
7.609706603534285418e-04
7.186945125560159414e-04
6.764183647586032326e-04
6.623263154927989602e-04
7.327865618218201054e-04
6.482342662269946877e-04
6.200501676953862513e-04
6.341422169611905238e-04
6.482342662269946877e-04
6.341422169611905238e-04
6.059581184295819789e-04
6.341422169611905238e-04
6.341422169611905238e-04
6.059581184295819789e-04
5.777740198979735425e-04
7.046024632902116690e-04
5.918660691637778149e-04
6.341422169611905238e-04
6.623263154927989602e-04
6.200501676953862513e-04
5.918660691637778149e-04
6.623263154927989602e-04
6.482342662269946877e-04
4.509455765057354703e-04
6.200501676953862513e-04
6.059581184295819789e-04
5.918660691637778149e-04
5.918660691637778149e-04
5.918660691637778149e-04
6.200501676953862513e-04
6.482342662269946877e-04
5.636819706321693785e-04
5.495899213663651061e-04
6.059581184295819789e-04
4.368535272399312521e-04
6.059581184295819789e-04
5.495899213663651061e-04
5.636819706321693785e-04
6.059581184295819789e-04
4.932217243031481249e-04
5.777740198979735425e-04
5.495899213663651061e-04
4.932217243031481249e-04
5.918660691637778149e-04
5.354978721005608337e-04
5.636819706321693785e-04
5.777740198979735425e-04
5.214058228347566697e-04
5.495899213663651061e-04
5.495899213663651061e-04
5.495899213663651061e-04
5.636819706321693785e-04
5.495899213663651061e-04
5.777740198979735425e-04
5.777740198979735425e-04
5.354978721005608337e-04
5.073137735689523973e-04
5.214058228347566697e-04
5.495899213663651061e-04
4.791296750373439067e-04
5.495899213663651061e-04
4.368535272399312521e-04
4.650376257715396885e-04
5.214058228347566697e-04
4.791296750373439067e-04
5.495899213663651061e-04
4.368535272399312521e-04
4.932217243031481249e-04
4.509455765057354703e-04
4.791296750373439067e-04
4.932217243031481249e-04
5.214058228347566697e-04
4.650376257715396885e-04
4.368535272399312521e-04
4.368535272399312521e-04
5.214058228347566697e-04
4.650376257715396885e-04
4.932217243031481249e-04
4.368535272399312521e-04
4.650376257715396885e-04
4.791296750373439067e-04
4.791296750373439067e-04
4.650376257715396885e-04
3.663932809109100527e-04
4.509455765057354703e-04
4.368535272399312521e-04
4.932217243031481249e-04
4.932217243031481249e-04
4.368535272399312521e-04
4.650376257715396885e-04
4.086694287083227615e-04
4.086694287083227615e-04
4.650376257715396885e-04
4.227614779741269797e-04
4.368535272399312521e-04
4.650376257715396885e-04
4.509455765057354703e-04
4.086694287083227615e-04
4.650376257715396885e-04
4.086694287083227615e-04
4.227614779741269797e-04
4.086694287083227615e-04
4.368535272399312521e-04
4.368535272399312521e-04
4.227614779741269797e-04
4.227614779741269797e-04
4.368535272399312521e-04
3.523012316451058345e-04
3.100250838476931257e-04
4.368535272399312521e-04
3.945773794425185433e-04
3.804853301767142709e-04
4.227614779741269797e-04
3.663932809109100527e-04
4.227614779741269797e-04
3.663932809109100527e-04
3.945773794425185433e-04
4.086694287083227615e-04
3.663932809109100527e-04
3.382091823793016163e-04
4.086694287083227615e-04
3.945773794425185433e-04
4.086694287083227615e-04
3.523012316451058345e-04
4.086694287083227615e-04
3.523012316451058345e-04
3.663932809109100527e-04
3.945773794425185433e-04
3.663932809109100527e-04
4.086694287083227615e-04
3.945773794425185433e-04
3.945773794425185433e-04
3.945773794425185433e-04
3.804853301767142709e-04
3.523012316451058345e-04
3.804853301767142709e-04
3.523012316451058345e-04
3.100250838476931257e-04
3.382091823793016163e-04
3.663932809109100527e-04
2.113807389870634898e-04
2.677489360502804169e-04
3.523012316451058345e-04
3.523012316451058345e-04
3.663932809109100527e-04
2.818409853160846893e-04
3.241171331134973439e-04
3.523012316451058345e-04
3.523012316451058345e-04
3.382091823793016163e-04
3.241171331134973439e-04
1.972886897212592716e-04
3.382091823793016163e-04
3.663932809109100527e-04
3.100250838476931257e-04
2.959330345818889075e-04
3.523012316451058345e-04
3.382091823793016163e-04
2.254727882528677352e-04
3.523012316451058345e-04
2.677489360502804169e-04
3.100250838476931257e-04
3.382091823793016163e-04
2.536568867844761987e-04
3.100250838476931257e-04
2.959330345818889075e-04
2.818409853160846893e-04
2.254727882528677352e-04
3.100250838476931257e-04
3.241171331134973439e-04
2.959330345818889075e-04
2.536568867844761987e-04
3.100250838476931257e-04
2.818409853160846893e-04
3.241171331134973439e-04
2.818409853160846893e-04
3.241171331134973439e-04
3.241171331134973439e-04
2.677489360502804169e-04
2.818409853160846893e-04
2.959330345818889075e-04
2.959330345818889075e-04
2.395648375186719534e-04
2.677489360502804169e-04
2.536568867844761987e-04
2.536568867844761987e-04
2.677489360502804169e-04
2.677489360502804169e-04
2.536568867844761987e-04
2.677489360502804169e-04
2.254727882528677352e-04
2.536568867844761987e-04
2.677489360502804169e-04
2.959330345818889075e-04
2.536568867844761987e-04
2.254727882528677352e-04
2.818409853160846893e-04
2.818409853160846893e-04
2.254727882528677352e-04
1.268284433922380993e-04
2.536568867844761987e-04
2.254727882528677352e-04
2.677489360502804169e-04
2.395648375186719534e-04
2.113807389870634898e-04
2.677489360502804169e-04
2.536568867844761987e-04
2.677489360502804169e-04
2.677489360502804169e-04
1.972886897212592716e-04
2.395648375186719534e-04
2.677489360502804169e-04
2.113807389870634898e-04
2.254727882528677352e-04
2.254727882528677352e-04
2.677489360502804169e-04
2.536568867844761987e-04
2.395648375186719534e-04
2.677489360502804169e-04
1.972886897212592716e-04
2.677489360502804169e-04
2.677489360502804169e-04
2.395648375186719534e-04
2.395648375186719534e-04
2.254727882528677352e-04
2.113807389870634898e-04
2.677489360502804169e-04
1.831966404554550263e-04
2.254727882528677352e-04
1.972886897212592716e-04
2.536568867844761987e-04
2.395648375186719534e-04
2.536568867844761987e-04
2.395648375186719534e-04
2.536568867844761987e-04
1.831966404554550263e-04
2.254727882528677352e-04
2.395648375186719534e-04
2.254727882528677352e-04
2.113807389870634898e-04
1.831966404554550263e-04
2.395648375186719534e-04
1.550125419238465628e-04
2.254727882528677352e-04
1.831966404554550263e-04
2.113807389870634898e-04
1.831966404554550263e-04
2.254727882528677352e-04
2.113807389870634898e-04
1.831966404554550263e-04
2.395648375186719534e-04
2.395648375186719534e-04
1.972886897212592716e-04
2.113807389870634898e-04
2.395648375186719534e-04
2.395648375186719534e-04
2.395648375186719534e-04
2.395648375186719534e-04
2.395648375186719534e-04
2.395648375186719534e-04
2.395648375186719534e-04
2.113807389870634898e-04
2.395648375186719534e-04
2.254727882528677352e-04
1.972886897212592716e-04
1.972886897212592716e-04
1.831966404554550263e-04
2.254727882528677352e-04
2.113807389870634898e-04
1.972886897212592716e-04
2.254727882528677352e-04
2.113807389870634898e-04
2.113807389870634898e-04
1.691045911896508081e-04
2.113807389870634898e-04
2.113807389870634898e-04
9.864434486062963582e-05
1.691045911896508081e-04
1.972886897212592716e-04
1.550125419238465628e-04
2.113807389870634898e-04
1.831966404554550263e-04
1.831966404554550263e-04
2.113807389870634898e-04
2.113807389870634898e-04
1.409204926580423446e-04
2.113807389870634898e-04
2.113807389870634898e-04
1.972886897212592716e-04
1.691045911896508081e-04
2.113807389870634898e-04
1.972886897212592716e-04
1.831966404554550263e-04
1.831966404554550263e-04
1.972886897212592716e-04
1.831966404554550263e-04
1.972886897212592716e-04
1.831966404554550263e-04
1.831966404554550263e-04
1.691045911896508081e-04
1.972886897212592716e-04
1.691045911896508081e-04
1.972886897212592716e-04
1.550125419238465628e-04
1.831966404554550263e-04
1.972886897212592716e-04
1.831966404554550263e-04
1.831966404554550263e-04
1.409204926580423446e-04
1.831966404554550263e-04
1.831966404554550263e-04
1.550125419238465628e-04
1.831966404554550263e-04
1.831966404554550263e-04
1.831966404554550263e-04
1.831966404554550263e-04
1.831966404554550263e-04
1.550125419238465628e-04
1.831966404554550263e-04
1.831966404554550263e-04
1.831966404554550263e-04
9.864434486062963582e-05
1.550125419238465628e-04
1.831966404554550263e-04
1.831966404554550263e-04
1.831966404554550263e-04
1.831966404554550263e-04
1.268284433922380993e-04
1.268284433922380993e-04
1.409204926580423446e-04
1.550125419238465628e-04
1.550125419238465628e-04
1.550125419238465628e-04
1.127363941264338676e-04
1.691045911896508081e-04
1.691045911896508081e-04
1.691045911896508081e-04
1.691045911896508081e-04
1.409204926580423446e-04
1.691045911896508081e-04
1.127363941264338676e-04
1.268284433922380993e-04
1.550125419238465628e-04
1.691045911896508081e-04
1.691045911896508081e-04
1.550125419238465628e-04
1.409204926580423446e-04
1.691045911896508081e-04
1.550125419238465628e-04
1.550125419238465628e-04
1.409204926580423446e-04
1.409204926580423446e-04
9.864434486062963582e-05
1.550125419238465628e-04
1.550125419238465628e-04
1.550125419238465628e-04
1.409204926580423446e-04
1.268284433922380993e-04
1.550125419238465628e-04
1.409204926580423446e-04
1.409204926580423446e-04
4.227614779741270204e-05
1.409204926580423446e-04
1.409204926580423446e-04
1.550125419238465628e-04
1.550125419238465628e-04
1.409204926580423446e-04
1.550125419238465628e-04
1.550125419238465628e-04
1.268284433922380993e-04
1.550125419238465628e-04
1.409204926580423446e-04
1.550125419238465628e-04
9.864434486062963582e-05
1.268284433922380993e-04
1.409204926580423446e-04
1.550125419238465628e-04
1.409204926580423345e-05
1.550125419238465628e-04
1.268284433922380993e-04
1.268284433922380993e-04
1.409204926580423446e-04
1.409204926580423446e-04
1.409204926580423446e-04
8.455229559482540407e-05
1.409204926580423446e-04
1.409204926580423446e-04
1.268284433922380993e-04
1.409204926580423446e-04
1.409204926580423446e-04
1.268284433922380993e-04
1.127363941264338676e-04
1.409204926580423446e-04
1.409204926580423446e-04
1.409204926580423446e-04
1.409204926580423446e-04
1.409204926580423446e-04
1.127363941264338676e-04
1.268284433922380993e-04
1.127363941264338676e-04
7.046024632902117232e-05
1.268284433922380993e-04
7.046024632902117232e-05
1.268284433922380993e-04
1.268284433922380993e-04
1.268284433922380993e-04
8.455229559482540407e-05
1.268284433922380993e-04
1.268284433922380993e-04
9.864434486062963582e-05
1.268284433922380993e-04
1.409204926580423345e-05
1.127363941264338676e-04
1.409204926580423345e-05
1.268284433922380993e-04
1.268284433922380993e-04
1.268284433922380993e-04
1.127363941264338676e-04
1.268284433922380993e-04
1.268284433922380993e-04
1.127363941264338676e-04
1.268284433922380993e-04
1.268284433922380993e-04
1.268284433922380993e-04
1.268284433922380993e-04
9.864434486062963582e-05
9.864434486062963582e-05
1.268284433922380993e-04
1.268284433922380993e-04
1.268284433922380993e-04
9.864434486062963582e-05
1.127363941264338676e-04
1.268284433922380993e-04
1.268284433922380993e-04
1.268284433922380993e-04
1.268284433922380993e-04
7.046024632902117232e-05
1.268284433922380993e-04
1.268284433922380993e-04
9.864434486062963582e-05
1.268284433922380993e-04
1.268284433922380993e-04
1.268284433922380993e-04
1.268284433922380993e-04
1.268284433922380993e-04
1.268284433922380993e-04
1.268284433922380993e-04
1.268284433922380993e-04
1.268284433922380993e-04
1.268284433922380993e-04
9.864434486062963582e-05
1.268284433922380993e-04
1.127363941264338676e-04
9.864434486062963582e-05
1.127363941264338676e-04
1.127363941264338676e-04
1.127363941264338676e-04
1.127363941264338676e-04
1.127363941264338676e-04
1.127363941264338676e-04
7.046024632902117232e-05
1.127363941264338676e-04
1.127363941264338676e-04
8.455229559482540407e-05
9.864434486062963582e-05
1.127363941264338676e-04
1.127363941264338676e-04
9.864434486062963582e-05
9.864434486062963582e-05
9.864434486062963582e-05
9.864434486062963582e-05
5.636819706321693379e-05
9.864434486062963582e-05
9.864434486062963582e-05
9.864434486062963582e-05
9.864434486062963582e-05
9.864434486062963582e-05
9.864434486062963582e-05
7.046024632902117232e-05
9.864434486062963582e-05
8.455229559482540407e-05
9.864434486062963582e-05
9.864434486062963582e-05
7.046024632902117232e-05
9.864434486062963582e-05
9.864434486062963582e-05
9.864434486062963582e-05
9.864434486062963582e-05
8.455229559482540407e-05
9.864434486062963582e-05
9.864434486062963582e-05
9.864434486062963582e-05
9.864434486062963582e-05
8.455229559482540407e-05
9.864434486062963582e-05
9.864434486062963582e-05
9.864434486062963582e-05
9.864434486062963582e-05
9.864434486062963582e-05
9.864434486062963582e-05
7.046024632902117232e-05
9.864434486062963582e-05
9.864434486062963582e-05
7.046024632902117232e-05
7.046024632902117232e-05
9.864434486062963582e-05
8.455229559482540407e-05
9.864434486062963582e-05
9.864434486062963582e-05
9.864434486062963582e-05
9.864434486062963582e-05
8.455229559482540407e-05
9.864434486062963582e-05
9.864434486062963582e-05
9.864434486062963582e-05
9.864434486062963582e-05
9.864434486062963582e-05
9.864434486062963582e-05
7.046024632902117232e-05
1.409204926580423345e-05
7.046024632902117232e-05
5.636819706321693379e-05
9.864434486062963582e-05
9.864434486062963582e-05
9.864434486062963582e-05
4.227614779741270204e-05
8.455229559482540407e-05
8.455229559482540407e-05
8.455229559482540407e-05
8.455229559482540407e-05
5.636819706321693379e-05
8.455229559482540407e-05
7.046024632902117232e-05
8.455229559482540407e-05
8.455229559482540407e-05
8.455229559482540407e-05
5.636819706321693379e-05
8.455229559482540407e-05
7.046024632902117232e-05
8.455229559482540407e-05
8.455229559482540407e-05
7.046024632902117232e-05
8.455229559482540407e-05
8.455229559482540407e-05
8.455229559482540407e-05
8.455229559482540407e-05
5.636819706321693379e-05
8.455229559482540407e-05
7.046024632902117232e-05
8.455229559482540407e-05
5.636819706321693379e-05
8.455229559482540407e-05
8.455229559482540407e-05
4.227614779741270204e-05
8.455229559482540407e-05
8.455229559482540407e-05
8.455229559482540407e-05
7.046024632902117232e-05
7.046024632902117232e-05
4.227614779741270204e-05
7.046024632902117232e-05
7.046024632902117232e-05
7.046024632902117232e-05
7.046024632902117232e-05
7.046024632902117232e-05
7.046024632902117232e-05
7.046024632902117232e-05
7.046024632902117232e-05
7.046024632902117232e-05
7.046024632902117232e-05
7.046024632902117232e-05
1.409204926580423345e-05
7.046024632902117232e-05
7.046024632902117232e-05
7.046024632902117232e-05
7.046024632902117232e-05
7.046024632902117232e-05
7.046024632902117232e-05
7.046024632902117232e-05
7.046024632902117232e-05
7.046024632902117232e-05
7.046024632902117232e-05
7.046024632902117232e-05
7.046024632902117232e-05
7.046024632902117232e-05
1.409204926580423345e-05
4.227614779741270204e-05
4.227614779741270204e-05
4.227614779741270204e-05
5.636819706321693379e-05
7.046024632902117232e-05
7.046024632902117232e-05
4.227614779741270204e-05
7.046024632902117232e-05
4.227614779741270204e-05
7.046024632902117232e-05
7.046024632902117232e-05
5.636819706321693379e-05
7.046024632902117232e-05
5.636819706321693379e-05
7.046024632902117232e-05
7.046024632902117232e-05
7.046024632902117232e-05
7.046024632902117232e-05
7.046024632902117232e-05
7.046024632902117232e-05
7.046024632902117232e-05
7.046024632902117232e-05
7.046024632902117232e-05
7.046024632902117232e-05
4.227614779741270204e-05
7.046024632902117232e-05
4.227614779741270204e-05
7.046024632902117232e-05
7.046024632902117232e-05
7.046024632902117232e-05
7.046024632902117232e-05
7.046024632902117232e-05
7.046024632902117232e-05
5.636819706321693379e-05
7.046024632902117232e-05
4.227614779741270204e-05
7.046024632902117232e-05
7.046024632902117232e-05
7.046024632902117232e-05
7.046024632902117232e-05
7.046024632902117232e-05
4.227614779741270204e-05
7.046024632902117232e-05
7.046024632902117232e-05
7.046024632902117232e-05
7.046024632902117232e-05
4.227614779741270204e-05
4.227614779741270204e-05
7.046024632902117232e-05
