2.588179984906407299e-02
2.095782454317138624e-02
2.123000408269309219e-02
1.859481126823293515e-02
1.760506748815400535e-02
1.748134951564413869e-02
1.417807964963070134e-02
1.380692573210110310e-02
1.254500241250046388e-02
1.238416904823763827e-02
1.185218176644521094e-02
1.191404075270014427e-02
1.106038674238206572e-02
9.340706924494920557e-03
9.278847938239988963e-03
8.944809412463347945e-03
8.870578628957428297e-03
8.425193927921908674e-03
8.227245171906122367e-03
8.202501577404149730e-03
8.153014388400202719e-03
8.029296415890336061e-03
8.004552821388363423e-03
7.831347659874549755e-03
7.324103972584097670e-03
7.534424525850870295e-03
7.311732175333110484e-03
7.051924433062390848e-03
6.965321852305484014e-03
7.262244986329164341e-03
6.878719271548578047e-03
6.532308948520951578e-03
6.297244800752205447e-03
6.408590976011084919e-03
6.272501206250231942e-03
6.037437058481485812e-03
6.025065261230498626e-03
5.827116505214712319e-03
5.703398532704845661e-03
5.703398532704845661e-03
5.592052357445966189e-03
5.790001113461752495e-03
5.418847195932153388e-03
5.554936965693006365e-03
5.369360006928206377e-03
5.356988209677220059e-03
5.295129223422286729e-03
5.121924061908473061e-03
5.220898439916367081e-03
4.775513738880847459e-03
4.429103415853220989e-03
4.664167563621967119e-03
4.552821388363087647e-03
4.651795766370980800e-03
4.305385443343354331e-03
4.354872632347301341e-03
4.156923876331515035e-03
4.391988024100261165e-03
4.231154659837434683e-03
4.132180281829541529e-03
4.082693092825594519e-03
4.070321295574608200e-03
4.095064890076581705e-03
4.082693092825594519e-03
3.748654567048955236e-03
3.649680189041062083e-03
3.847628945056848389e-03
3.773398161550928307e-03
3.785769958801915060e-03
3.699167378045008659e-03
3.761026364299941988e-03
3.748654567048955236e-03
3.612564797288102258e-03
3.563077608284155248e-03
3.538334013782182177e-03
3.278526271511462541e-03
3.303269866013435613e-03
3.204295488005542460e-03
3.241410879758502717e-03
3.253782677009489036e-03
3.092949312746662554e-03
2.956859542985809577e-03
3.092949312746662554e-03
2.956859542985809577e-03
2.932115948483836072e-03
2.870256962228903176e-03
2.870256962228903176e-03
2.932115948483836072e-03
2.820769773224956600e-03
2.932115948483836072e-03
2.808397975973969847e-03
2.907372353981863000e-03
2.796026178722983094e-03
2.746538989719036518e-03
2.895000556730876248e-03
2.796026178722983094e-03
2.796026178722983094e-03
2.919744151232849753e-03
2.684680003464103189e-03
2.635192814460156612e-03
2.684680003464103189e-03
2.721795395217063013e-03
2.635192814460156612e-03
2.499103044699303635e-03
2.461987652946343377e-03
2.511474841950289954e-03
2.350641477687463472e-03
2.338269680436477153e-03
2.301154288683516895e-03
2.350641477687463472e-03
2.313526085934503648e-03
2.288782491432530576e-03
2.350641477687463472e-03
2.214551707926610494e-03
2.115577329918717341e-03
2.189808113424636989e-03
2.165064518922663918e-03
2.127949127169704094e-03
2.078461938165757517e-03
2.028974749161810941e-03
2.004231154659837436e-03
2.127949127169704094e-03
1.991859357408850683e-03
1.905256776651944282e-03
1.991859357408850683e-03
2.041346546412797260e-03
1.991859357408850683e-03
2.041346546412797260e-03
1.917628573902930818e-03
1.793910601393064377e-03
1.967115762906877612e-03
1.930000371153917571e-03
1.930000371153917571e-03
1.954743965655890859e-03
1.831025993146024418e-03
1.806282398644051129e-03
1.781538804142077624e-03
1.855769587647997706e-03
1.732051615138131048e-03
1.657820831632211183e-03
1.694936223385171224e-03
1.694936223385171224e-03
1.694936223385171224e-03
1.707308020636157759e-03
1.645449034381224647e-03
1.670192628883197935e-03
1.595961845377277854e-03
1.620705439879251359e-03
1.521731061871357989e-03
1.583590048126291318e-03
1.521731061871357989e-03
1.484615670118398165e-03
1.608333642628264606e-03
1.583590048126291318e-03
1.546474656373331277e-03
1.484615670118398165e-03
1.496987467369384700e-03
1.509359264620371453e-03
1.484615670118398165e-03
1.534102859122344741e-03
1.496987467369384700e-03
1.509359264620371453e-03
1.398013089361491547e-03
1.447500278365438124e-03
1.435128481114451588e-03
1.360897697608531506e-03
1.398013089361491547e-03
1.398013089361491547e-03
1.398013089361491547e-03
1.398013089361491547e-03
1.311410508604584930e-03
1.360897697608531506e-03
1.336154103106558218e-03
1.360897697608531506e-03
1.373269494859518259e-03
1.249551522349651817e-03
1.286666914102611642e-03
1.360897697608531506e-03
1.286666914102611642e-03
1.249551522349651817e-03
1.311410508604584930e-03
1.200064333345705024e-03
1.237179725098665065e-03
1.274295116851625106e-03
1.261923319600638353e-03
1.175320738843731736e-03
1.249551522349651817e-03
1.261923319600638353e-03
1.212436130596691777e-03
1.224807927847678529e-03
1.249551522349651817e-03
1.150577144341758448e-03
1.187692536094718488e-03
1.101089955337811871e-03
1.076346360835838583e-03
1.125833549839785159e-03
1.088718158086825335e-03
1.162948941592745200e-03
1.026859171831892006e-03
1.125833549839785159e-03
1.026859171831892006e-03
1.101089955337811871e-03
1.051602766333865294e-03
1.088718158086825335e-03
1.026859171831892006e-03
1.002115577329918718e-03
1.076346360835838583e-03
1.002115577329918718e-03
1.063974563584852047e-03
1.002115577329918718e-03
1.002115577329918718e-03
1.014487374580905470e-03
1.026859171831892006e-03
9.278847938239988529e-04
1.002115577329918718e-03
1.039230969082878759e-03
9.897437800789319652e-04
1.002115577329918718e-03
9.278847938239988529e-04
9.278847938239988529e-04
1.026859171831892006e-03
1.039230969082878759e-03
1.026859171831892006e-03
9.402565910749854971e-04
9.897437800789319652e-04
9.526283883259721412e-04
9.526283883259721412e-04
9.402565910749854971e-04
9.278847938239988529e-04
1.002115577329918718e-03
9.155129965730122088e-04
9.650001855769587853e-04
9.650001855769587853e-04
9.155129965730122088e-04
8.536540103180788796e-04
9.031411993220255646e-04
8.412822130670922355e-04
8.783976048200521679e-04
8.660258075690655238e-04
7.794232268121590148e-04
8.041668213141323030e-04
7.917950240631456589e-04
7.794232268121590148e-04
7.917950240631456589e-04
7.670514295611723706e-04
7.794232268121590148e-04
7.917950240631456589e-04
7.794232268121590148e-04
8.041668213141323030e-04
7.423078350591990823e-04
7.423078350591990823e-04
7.546796323101857265e-04
7.423078350591990823e-04
7.546796323101857265e-04
7.299360378082124382e-04
7.175642405572257940e-04
7.299360378082124382e-04
7.175642405572257940e-04
7.670514295611723706e-04
7.423078350591990823e-04
7.299360378082124382e-04
7.546796323101857265e-04
6.928206460552523973e-04
7.299360378082124382e-04
7.051924433062391499e-04
6.804488488042657532e-04
6.680770515532791090e-04
7.175642405572257940e-04
6.680770515532791090e-04
6.680770515532791090e-04
6.433334570513058208e-04
5.814744707963726000e-04
6.804488488042657532e-04
6.557052543022924649e-04
7.051924433062391499e-04
6.680770515532791090e-04
6.557052543022924649e-04
6.433334570513058208e-04
6.804488488042657532e-04
6.185898625493325325e-04
6.062180652983458883e-04
6.185898625493325325e-04
6.433334570513058208e-04
6.062180652983458883e-04
5.814744707963726000e-04
6.433334570513058208e-04
5.938462680473592442e-04
5.814744707963726000e-04
5.691026735453859559e-04
5.938462680473592442e-04
5.938462680473592442e-04
5.814744707963726000e-04
5.814744707963726000e-04
5.938462680473592442e-04
5.691026735453859559e-04
5.443590790434126676e-04
5.567308762943993117e-04
5.196154845414393793e-04
5.196154845414393793e-04
5.938462680473592442e-04
4.701282955374927485e-04
4.701282955374927485e-04
5.319872817924260235e-04
5.319872817924260235e-04
5.443590790434126676e-04
5.443590790434126676e-04
5.443590790434126676e-04
5.567308762943993117e-04
5.567308762943993117e-04
5.196154845414393793e-04
5.319872817924260235e-04
5.567308762943993117e-04
4.825000927884793927e-04
5.567308762943993117e-04
5.443590790434126676e-04
4.825000927884793927e-04
4.948718900394659826e-04
4.453847010355194060e-04
5.196154845414393793e-04
5.196154845414393793e-04
5.072436872904527352e-04
4.701282955374927485e-04
4.453847010355194060e-04
5.072436872904527352e-04
5.319872817924260235e-04
4.948718900394659826e-04
4.948718900394659826e-04
4.948718900394659826e-04
4.701282955374927485e-04
5.072436872904527352e-04
4.701282955374927485e-04
4.453847010355194060e-04
5.072436872904527352e-04
4.701282955374927485e-04
4.577564982865061044e-04
4.701282955374927485e-04
4.825000927884793927e-04
4.825000927884793927e-04
4.453847010355194060e-04
4.825000927884793927e-04
4.825000927884793927e-04
4.577564982865061044e-04
4.577564982865061044e-04
4.825000927884793927e-04
4.948718900394659826e-04
4.701282955374927485e-04
4.206411065335461177e-04
3.958975120315728295e-04
4.330129037845327619e-04
4.206411065335461177e-04
4.082693092825594736e-04
4.577564982865061044e-04
4.577564982865061044e-04
4.330129037845327619e-04
4.577564982865061044e-04
3.835257147805861853e-04
4.082693092825594736e-04
4.577564982865061044e-04
4.701282955374927485e-04
4.206411065335461177e-04
4.206411065335461177e-04
4.206411065335461177e-04
3.711539175295995412e-04
4.453847010355194060e-04
4.206411065335461177e-04
4.206411065335461177e-04
3.835257147805861853e-04
4.453847010355194060e-04
4.082693092825594736e-04
4.206411065335461177e-04
3.835257147805861853e-04
4.206411065335461177e-04
4.206411065335461177e-04
4.082693092825594736e-04
3.958975120315728295e-04
3.958975120315728295e-04
4.082693092825594736e-04
3.587821202786128970e-04
4.330129037845327619e-04
3.958975120315728295e-04
3.464103230276261987e-04
4.330129037845327619e-04
3.711539175295995412e-04
4.082693092825594736e-04
3.958975120315728295e-04
3.464103230276261987e-04
3.835257147805861853e-04
3.711539175295995412e-04
3.711539175295995412e-04
3.587821202786128970e-04
3.587821202786128970e-04
3.711539175295995412e-04
3.464103230276261987e-04
3.711539175295995412e-04
3.464103230276261987e-04
3.587821202786128970e-04
3.711539175295995412e-04
3.835257147805861853e-04
3.711539175295995412e-04
3.587821202786128970e-04
3.340385257766395545e-04
3.587821202786128970e-04
3.711539175295995412e-04
3.464103230276261987e-04
3.711539175295995412e-04
3.711539175295995412e-04
3.340385257766395545e-04
3.711539175295995412e-04
3.587821202786128970e-04
3.464103230276261987e-04
3.711539175295995412e-04
3.835257147805861853e-04
3.711539175295995412e-04
3.711539175295995412e-04
3.587821202786128970e-04
3.587821202786128970e-04
3.092949312746662662e-04
3.340385257766395545e-04
2.969231340236796221e-04
3.340385257766395545e-04
3.216667285256529104e-04
3.464103230276261987e-04
3.340385257766395545e-04
3.464103230276261987e-04
3.464103230276261987e-04
3.092949312746662662e-04
2.721795395217063338e-04
3.340385257766395545e-04
2.969231340236796221e-04
3.092949312746662662e-04
3.092949312746662662e-04
2.845513367726929779e-04
3.092949312746662662e-04
2.721795395217063338e-04
3.092949312746662662e-04
3.216667285256529104e-04
2.845513367726929779e-04
3.340385257766395545e-04
3.092949312746662662e-04
2.969231340236796221e-04
3.216667285256529104e-04
3.092949312746662662e-04
2.721795395217063338e-04
2.845513367726929779e-04
3.092949312746662662e-04
3.092949312746662662e-04
2.721795395217063338e-04
3.216667285256529104e-04
2.845513367726929779e-04
2.845513367726929779e-04
2.845513367726929779e-04
2.103205532667730589e-04
2.969231340236796221e-04
2.721795395217063338e-04
2.721795395217063338e-04
2.845513367726929779e-04
2.845513367726929779e-04
2.845513367726929779e-04
2.226923505177597030e-04
2.350641477687463743e-04
2.845513367726929779e-04
2.598077422707196897e-04
2.845513367726929779e-04
2.474359450197329913e-04
2.845513367726929779e-04
2.474359450197329913e-04
2.226923505177597030e-04
2.474359450197329913e-04
2.598077422707196897e-04
2.845513367726929779e-04
2.226923505177597030e-04
2.845513367726929779e-04
2.721795395217063338e-04
2.598077422707196897e-04
2.598077422707196897e-04
2.845513367726929779e-04
2.598077422707196897e-04
2.721795395217063338e-04
2.474359450197329913e-04
2.474359450197329913e-04
2.721795395217063338e-04
2.350641477687463743e-04
2.474359450197329913e-04
2.598077422707196897e-04
2.226923505177597030e-04
2.226923505177597030e-04
2.474359450197329913e-04
2.474359450197329913e-04
2.474359450197329913e-04
2.474359450197329913e-04
2.226923505177597030e-04
2.474359450197329913e-04
2.350641477687463743e-04
2.350641477687463743e-04
2.474359450197329913e-04
2.226923505177597030e-04
2.350641477687463743e-04
1.855769587647997706e-04
2.103205532667730589e-04
2.226923505177597030e-04
1.979487560157864147e-04
1.979487560157864147e-04
1.979487560157864147e-04
2.226923505177597030e-04
2.226923505177597030e-04
2.350641477687463743e-04
1.855769587647997706e-04
2.103205532667730589e-04
2.103205532667730589e-04
2.226923505177597030e-04
2.226923505177597030e-04
1.855769587647997706e-04
1.855769587647997706e-04
1.608333642628264552e-04
2.103205532667730589e-04
1.979487560157864147e-04
2.103205532667730589e-04
1.855769587647997706e-04
1.979487560157864147e-04
1.732051615138130993e-04
1.979487560157864147e-04
1.855769587647997706e-04
2.103205532667730589e-04
2.103205532667730589e-04
2.226923505177597030e-04
1.979487560157864147e-04
2.103205532667730589e-04
2.103205532667730589e-04
1.732051615138130993e-04
2.103205532667730589e-04
2.103205532667730589e-04
2.226923505177597030e-04
1.608333642628264552e-04
2.103205532667730589e-04
2.103205532667730589e-04
2.226923505177597030e-04
1.855769587647997706e-04
1.979487560157864147e-04
1.979487560157864147e-04
1.855769587647997706e-04
1.979487560157864147e-04
1.732051615138130993e-04
1.855769587647997706e-04
1.360897697608531669e-04
1.608333642628264552e-04
1.855769587647997706e-04
1.979487560157864147e-04
1.855769587647997706e-04
1.979487560157864147e-04
1.732051615138130993e-04
1.855769587647997706e-04
1.979487560157864147e-04
1.732051615138130993e-04
1.608333642628264552e-04
1.732051615138130993e-04
1.608333642628264552e-04
1.732051615138130993e-04
1.732051615138130993e-04
1.732051615138130993e-04
1.608333642628264552e-04
1.732051615138130993e-04
1.732051615138130993e-04
1.732051615138130993e-04
1.732051615138130993e-04
1.732051615138130993e-04
1.360897697608531669e-04
1.484615670118398110e-04
1.732051615138130993e-04
1.732051615138130993e-04
1.855769587647997706e-04
1.484615670118398110e-04
1.855769587647997706e-04
1.608333642628264552e-04
1.732051615138130993e-04
1.608333642628264552e-04
1.608333642628264552e-04
1.484615670118398110e-04
1.608333642628264552e-04
1.732051615138130993e-04
1.608333642628264552e-04
1.484615670118398110e-04
1.608333642628264552e-04
1.484615670118398110e-04
1.237179725098664957e-04
1.360897697608531669e-04
1.732051615138130993e-04
1.608333642628264552e-04
1.732051615138130993e-04
1.484615670118398110e-04
1.237179725098664957e-04
1.732051615138130993e-04
1.732051615138130993e-04
1.484615670118398110e-04
1.484615670118398110e-04
1.484615670118398110e-04
1.608333642628264552e-04
1.732051615138130993e-04
1.484615670118398110e-04
1.360897697608531669e-04
1.360897697608531669e-04
1.484615670118398110e-04
1.608333642628264552e-04
1.484615670118398110e-04
1.608333642628264552e-04
1.484615670118398110e-04
1.360897697608531669e-04
1.360897697608531669e-04
1.360897697608531669e-04
1.237179725098664957e-04
1.608333642628264552e-04
1.608333642628264552e-04
1.113461752588798515e-04
1.608333642628264552e-04
1.360897697608531669e-04
1.360897697608531669e-04
1.360897697608531669e-04
1.360897697608531669e-04
1.360897697608531669e-04
1.360897697608531669e-04
1.360897697608531669e-04
1.113461752588798515e-04
1.484615670118398110e-04
1.484615670118398110e-04
1.360897697608531669e-04
1.484615670118398110e-04
1.360897697608531669e-04
1.360897697608531669e-04
1.360897697608531669e-04
1.360897697608531669e-04
1.360897697608531669e-04
1.113461752588798515e-04
1.484615670118398110e-04
1.360897697608531669e-04
1.484615670118398110e-04
1.113461752588798515e-04
1.360897697608531669e-04
1.360897697608531669e-04
1.113461752588798515e-04
1.237179725098664957e-04
1.237179725098664957e-04
1.360897697608531669e-04
1.237179725098664957e-04
1.237179725098664957e-04
1.113461752588798515e-04
1.113461752588798515e-04
1.360897697608531669e-04
1.237179725098664957e-04
1.237179725098664957e-04
1.113461752588798515e-04
1.113461752588798515e-04
1.237179725098664957e-04
1.237179725098664957e-04
1.237179725098664957e-04
1.237179725098664957e-04
1.113461752588798515e-04
1.237179725098664957e-04
1.113461752588798515e-04
1.237179725098664957e-04
1.113461752588798515e-04
1.237179725098664957e-04
1.113461752588798515e-04
9.897437800789320736e-05
1.237179725098664957e-04
1.113461752588798515e-04
1.237179725098664957e-04
1.237179725098664957e-04
1.237179725098664957e-04
1.237179725098664957e-04
1.237179725098664957e-04
1.237179725098664957e-04
1.237179725098664957e-04
1.113461752588798515e-04
1.113461752588798515e-04
1.113461752588798515e-04
1.113461752588798515e-04
1.113461752588798515e-04
1.113461752588798515e-04
1.237179725098664957e-04
1.113461752588798515e-04
1.237179725098664957e-04
1.113461752588798515e-04
7.423078350591990552e-05
1.113461752588798515e-04
1.113461752588798515e-04
8.660258075690654967e-05
8.660258075690654967e-05
8.660258075690654967e-05
1.113461752588798515e-04
1.113461752588798515e-04
1.113461752588798515e-04
8.660258075690654967e-05
8.660258075690654967e-05
8.660258075690654967e-05
1.113461752588798515e-04
1.113461752588798515e-04
9.897437800789320736e-05
9.897437800789320736e-05
9.897437800789320736e-05
8.660258075690654967e-05
9.897437800789320736e-05
9.897437800789320736e-05
9.897437800789320736e-05
8.660258075690654967e-05
7.423078350591990552e-05
9.897437800789320736e-05
9.897437800789320736e-05
9.897437800789320736e-05
6.185898625493324783e-05
7.423078350591990552e-05
9.897437800789320736e-05
9.897437800789320736e-05
9.897437800789320736e-05
9.897437800789320736e-05
8.660258075690654967e-05
7.423078350591990552e-05
8.660258075690654967e-05
8.660258075690654967e-05
7.423078350591990552e-05
7.423078350591990552e-05
8.660258075690654967e-05
7.423078350591990552e-05
9.897437800789320736e-05
9.897437800789320736e-05
8.660258075690654967e-05
7.423078350591990552e-05
7.423078350591990552e-05
6.185898625493324783e-05
9.897437800789320736e-05
9.897437800789320736e-05
7.423078350591990552e-05
7.423078350591990552e-05
9.897437800789320736e-05
9.897437800789320736e-05
8.660258075690654967e-05
9.897437800789320736e-05
8.660258075690654967e-05
8.660258075690654967e-05
8.660258075690654967e-05
7.423078350591990552e-05
8.660258075690654967e-05
9.897437800789320736e-05
8.660258075690654967e-05
9.897437800789320736e-05
8.660258075690654967e-05
8.660258075690654967e-05
7.423078350591990552e-05
7.423078350591990552e-05
8.660258075690654967e-05
7.423078350591990552e-05
8.660258075690654967e-05
8.660258075690654967e-05
7.423078350591990552e-05
4.948718900394660368e-05
7.423078350591990552e-05
7.423078350591990552e-05
7.423078350591990552e-05
8.660258075690654967e-05
7.423078350591990552e-05
6.185898625493324783e-05
7.423078350591990552e-05
6.185898625493324783e-05
6.185898625493324783e-05
6.185898625493324783e-05
6.185898625493324783e-05
7.423078350591990552e-05
4.948718900394660368e-05
6.185898625493324783e-05
7.423078350591990552e-05
6.185898625493324783e-05
6.185898625493324783e-05
7.423078350591990552e-05
6.185898625493324783e-05
6.185898625493324783e-05
7.423078350591990552e-05
7.423078350591990552e-05
7.423078350591990552e-05
6.185898625493324783e-05
4.948718900394660368e-05
7.423078350591990552e-05
7.423078350591990552e-05
7.423078350591990552e-05
6.185898625493324783e-05
7.423078350591990552e-05
4.948718900394660368e-05
7.423078350591990552e-05
6.185898625493324783e-05
7.423078350591990552e-05
4.948718900394660368e-05
6.185898625493324783e-05
6.185898625493324783e-05
6.185898625493324783e-05
6.185898625493324783e-05
7.423078350591990552e-05
7.423078350591990552e-05
6.185898625493324783e-05
7.423078350591990552e-05
6.185898625493324783e-05
6.185898625493324783e-05
3.711539175295995276e-05
7.423078350591990552e-05
6.185898625493324783e-05
7.423078350591990552e-05
6.185898625493324783e-05
7.423078350591990552e-05
7.423078350591990552e-05
6.185898625493324783e-05
7.423078350591990552e-05
4.948718900394660368e-05
7.423078350591990552e-05
6.185898625493324783e-05
6.185898625493324783e-05
4.948718900394660368e-05
6.185898625493324783e-05
7.423078350591990552e-05
7.423078350591990552e-05
7.423078350591990552e-05
6.185898625493324783e-05
7.423078350591990552e-05
7.423078350591990552e-05
7.423078350591990552e-05
6.185898625493324783e-05
4.948718900394660368e-05
6.185898625493324783e-05
4.948718900394660368e-05
4.948718900394660368e-05
6.185898625493324783e-05
6.185898625493324783e-05
4.948718900394660368e-05
6.185898625493324783e-05
6.185898625493324783e-05
6.185898625493324783e-05
6.185898625493324783e-05
3.711539175295995276e-05
6.185898625493324783e-05
6.185898625493324783e-05
6.185898625493324783e-05
4.948718900394660368e-05
6.185898625493324783e-05
6.185898625493324783e-05
6.185898625493324783e-05
6.185898625493324783e-05
4.948718900394660368e-05
6.185898625493324783e-05
6.185898625493324783e-05
6.185898625493324783e-05
6.185898625493324783e-05
6.185898625493324783e-05
4.948718900394660368e-05
6.185898625493324783e-05
6.185898625493324783e-05
6.185898625493324783e-05
6.185898625493324783e-05
6.185898625493324783e-05
4.948718900394660368e-05
4.948718900394660368e-05
4.948718900394660368e-05
6.185898625493324783e-05
6.185898625493324783e-05
3.711539175295995276e-05
4.948718900394660368e-05
4.948718900394660368e-05
4.948718900394660368e-05
4.948718900394660368e-05
4.948718900394660368e-05
3.711539175295995276e-05
4.948718900394660368e-05
3.711539175295995276e-05
4.948718900394660368e-05
3.711539175295995276e-05
4.948718900394660368e-05
4.948718900394660368e-05
4.948718900394660368e-05
4.948718900394660368e-05
4.948718900394660368e-05
4.948718900394660368e-05
2.474359450197330184e-05
4.948718900394660368e-05
4.948718900394660368e-05
4.948718900394660368e-05
4.948718900394660368e-05
4.948718900394660368e-05
3.711539175295995276e-05
3.711539175295995276e-05
1.237179725098665092e-05
4.948718900394660368e-05
4.948718900394660368e-05
4.948718900394660368e-05
3.711539175295995276e-05
4.948718900394660368e-05
4.948718900394660368e-05
4.948718900394660368e-05
3.711539175295995276e-05
4.948718900394660368e-05
4.948718900394660368e-05
4.948718900394660368e-05
4.948718900394660368e-05
4.948718900394660368e-05
4.948718900394660368e-05
4.948718900394660368e-05
4.948718900394660368e-05
