2.564856684190532088e-02
2.077129517297158362e-02
2.104089310442018232e-02
1.843069494994056465e-02
1.745033883558202645e-02
1.732779432128720917e-02
1.405585578961557856e-02
1.368822224673112500e-02
1.243826820092398637e-02
1.227896033234072287e-02
1.175201892087300755e-02
1.181329117802041619e-02
1.096773402938617387e-02
9.264365280688210622e-03
9.203093023540801984e-03
8.872222834944792913e-03
8.798696126367903936e-03
8.357535874906559664e-03
8.161464652034851677e-03
8.063429040598996816e-03
8.087937943457960965e-03
7.965393429163143690e-03
7.940884526304179541e-03
7.683541046285062917e-03
7.266889697682683662e-03
7.475215371983872856e-03
7.254635246253201587e-03
6.997291766234084963e-03
6.911510606227712177e-03
7.205617440535274157e-03
6.825729446221340257e-03
6.482604806195850847e-03
6.249770229035697504e-03
6.360060291901032704e-03
6.225261326176733355e-03
5.992426749016580012e-03
5.980172297587098805e-03
5.784101074715389951e-03
5.661556560420572676e-03
5.661556560420572676e-03
5.551266497555236608e-03
5.722828817567981313e-03
5.379704177542491902e-03
5.514503143266791252e-03
5.330686371824565339e-03
5.318431920395083265e-03
5.257159663247674627e-03
5.085597343234929922e-03
5.183632954670783916e-03
4.717963800350477230e-03
4.399348063183951968e-03
4.632182640344105311e-03
4.521892577478769243e-03
4.619928188914623236e-03
4.276803548889133826e-03
4.325821354607061256e-03
4.129750131735353269e-03
4.362584708895506612e-03
4.203276840312243114e-03
4.105241228876389120e-03
4.056223423158462557e-03
4.043968971728980483e-03
4.068477874587943764e-03
3.823388845998308781e-03
3.725353234562454787e-03
3.578299817408673797e-03
3.823388845998308781e-03
3.749862137421418502e-03
3.762116588850900143e-03
3.676335428844527790e-03
3.737607685991936428e-03
3.725353234562454787e-03
3.590554268838155438e-03
3.541536463120228441e-03
3.517027560261264726e-03
3.259684080242148101e-03
3.284192983101111383e-03
3.186157371665257389e-03
3.222920725953702745e-03
3.235175177383184386e-03
3.075867308799921755e-03
2.941068343075622406e-03
3.075867308799921755e-03
2.941068343075622406e-03
2.916559440216658691e-03
2.855287183069250053e-03
2.794014925921840982e-03
2.916559440216658691e-03
2.806269377351323056e-03
2.916559440216658691e-03
2.794014925921840982e-03
2.892050537357694975e-03
2.781760474492359341e-03
2.732742668774432344e-03
2.879796085928213335e-03
2.781760474492359341e-03
2.781760474492359341e-03
2.904304988787177050e-03
2.671470411627023707e-03
2.622452605909096277e-03
2.671470411627023707e-03
2.708233765915468629e-03
2.622452605909096277e-03
2.487653640184796927e-03
2.450890285896352005e-03
2.499908091614279002e-03
2.340600223031015937e-03
2.279327965883607299e-03
2.291582417313088940e-03
2.340600223031015937e-03
2.303836868742570581e-03
2.279327965883607299e-03
2.340600223031015937e-03
2.205801257306716587e-03
2.107765645870862594e-03
2.181292354447753306e-03
2.156783451588789591e-03
2.120020097300344235e-03
2.071002291582417238e-03
2.021984485864490241e-03
1.997475583005526960e-03
2.120020097300344235e-03
1.985221131576044885e-03
1.899439971569672750e-03
1.985221131576044885e-03
2.034238937293971882e-03
1.985221131576044885e-03
2.034238937293971882e-03
1.911694422999154390e-03
1.789149908704336898e-03
1.960712228717081604e-03
1.923948874428636248e-03
1.874931068710709251e-03
1.948457777287599746e-03
1.825913262992782038e-03
1.801404360133818539e-03
1.776895457274855041e-03
1.850422165851745753e-03
1.727877651556928044e-03
1.654350942980037549e-03
1.691114297268482688e-03
1.691114297268482688e-03
1.691114297268482688e-03
1.703368748697964546e-03
1.642096491550555691e-03
1.666605394409519190e-03
1.593078685832628695e-03
1.617587588691592193e-03
1.519551977255738200e-03
1.580824234403146837e-03
1.519551977255738200e-03
1.482788622967292844e-03
1.605333137262110552e-03
1.580824234403146837e-03
1.544060880114701698e-03
1.482788622967292844e-03
1.495043074396774701e-03
1.507297525826256342e-03
1.482788622967292844e-03
1.531806428685219840e-03
1.495043074396774701e-03
1.507297525826256342e-03
1.397007462960920491e-03
1.446025268678847488e-03
1.433770817249365847e-03
1.360244108672475352e-03
1.397007462960920491e-03
1.397007462960920491e-03
1.397007462960920491e-03
1.397007462960920491e-03
1.311226302954548138e-03
1.360244108672475352e-03
1.335735205813511853e-03
1.360244108672475352e-03
1.372498560101956993e-03
1.249954045807139501e-03
1.286717400095584640e-03
1.360244108672475352e-03
1.286717400095584640e-03
1.249954045807139501e-03
1.311226302954548138e-03
1.200936240089212504e-03
1.237699594377657643e-03
1.274462948666102999e-03
1.262208497236621142e-03
1.176427337230248789e-03
1.249954045807139501e-03
1.262208497236621142e-03
1.213190691518694145e-03
1.225445142948176002e-03
1.249954045807139501e-03
1.151918434371285290e-03
1.188681788659730646e-03
1.102900628653358294e-03
1.078391725794394795e-03
1.127409531512321792e-03
1.090646177223876653e-03
1.164172885800767148e-03
1.029373920076467799e-03
1.127409531512321792e-03
1.029373920076467799e-03
1.102900628653358294e-03
1.004865017217504300e-03
1.090646177223876653e-03
1.029373920076467799e-03
1.004865017217504300e-03
1.078391725794394795e-03
1.004865017217504300e-03
1.066137274364913155e-03
1.004865017217504300e-03
1.004865017217504300e-03
1.017119468646985941e-03
1.029373920076467799e-03
9.313383086406136968e-04
1.004865017217504300e-03
1.041628371505949439e-03
9.926105657880224427e-04
1.004865017217504300e-03
9.313383086406136968e-04
9.313383086406136968e-04
1.029373920076467799e-03
1.041628371505949439e-03
1.029373920076467799e-03
9.435927600700954460e-04
9.926105657880224427e-04
9.558472114995771951e-04
9.558472114995771951e-04
9.435927600700954460e-04
9.313383086406136968e-04
1.004865017217504300e-03
9.190838572111319476e-04
9.681016629290589443e-04
9.681016629290589443e-04
9.190838572111319476e-04
7.107581829099419947e-04
9.068294057816501984e-04
8.455571486342413441e-04
8.823205029226867000e-04
8.700660514932049509e-04
7.842848914868325982e-04
8.087937943457960965e-04
7.965393429163143474e-04
7.842848914868325982e-04
7.965393429163143474e-04
7.720304400573508490e-04
7.842848914868325982e-04
7.965393429163143474e-04
7.842848914868325982e-04
8.087937943457960965e-04
7.475215371983873506e-04
7.475215371983873506e-04
7.597759886278690998e-04
7.475215371983873506e-04
7.597759886278690998e-04
7.352670857689056014e-04
7.230126343394237438e-04
7.352670857689056014e-04
7.230126343394237438e-04
7.720304400573508490e-04
7.475215371983873506e-04
7.352670857689056014e-04
7.597759886278690998e-04
6.985037314804602455e-04
7.352670857689056014e-04
7.107581829099419947e-04
6.862492800509784963e-04
6.739948286214967471e-04
7.230126343394237438e-04
6.739948286214967471e-04
6.739948286214967471e-04
6.494859257625332487e-04
5.882136686151243944e-04
6.862492800509784963e-04
6.617403771920149979e-04
7.107581829099419947e-04
6.739948286214967471e-04
6.617403771920149979e-04
6.494859257625332487e-04
6.862492800509784963e-04
6.249770229035697504e-04
6.127225714740880012e-04
6.249770229035697504e-04
6.494859257625332487e-04
6.127225714740880012e-04
5.882136686151243944e-04
6.494859257625332487e-04
6.004681200446062520e-04
5.882136686151243944e-04
5.759592171856426452e-04
6.004681200446062520e-04
6.004681200446062520e-04
5.882136686151243944e-04
5.882136686151243944e-04
6.004681200446062520e-04
5.759592171856426452e-04
5.514503143266791469e-04
5.637047657561608961e-04
5.269414114677156485e-04
5.269414114677156485e-04
5.882136686151243944e-04
4.779236057497885976e-04
4.779236057497885976e-04
5.391958628971973977e-04
5.391958628971973977e-04
5.514503143266791469e-04
5.514503143266791469e-04
5.514503143266791469e-04
5.637047657561608961e-04
5.637047657561608961e-04
5.269414114677156485e-04
5.391958628971973977e-04
5.637047657561608961e-04
4.901780571792704010e-04
5.637047657561608961e-04
5.514503143266791469e-04
4.901780571792704010e-04
5.024325086087521501e-04
4.534147028908250992e-04
5.269414114677156485e-04
5.269414114677156485e-04
5.146869600382338993e-04
4.779236057497885976e-04
4.534147028908250992e-04
5.146869600382338993e-04
5.391958628971973977e-04
5.024325086087521501e-04
5.024325086087521501e-04
5.024325086087521501e-04
4.779236057497885976e-04
5.146869600382338993e-04
4.779236057497885976e-04
4.534147028908250992e-04
5.146869600382338993e-04
4.779236057497885976e-04
4.656691543203068484e-04
4.779236057497885976e-04
4.901780571792704010e-04
4.901780571792704010e-04
4.534147028908250992e-04
4.901780571792704010e-04
4.901780571792704010e-04
4.656691543203068484e-04
4.656691543203068484e-04
4.901780571792704010e-04
5.024325086087521501e-04
4.779236057497885976e-04
4.289058000318615466e-04
4.043968971728980483e-04
4.411602514613433500e-04
4.289058000318615466e-04
4.166513486023797974e-04
4.656691543203068484e-04
4.656691543203068484e-04
4.411602514613433500e-04
4.656691543203068484e-04
3.921424457434162991e-04
4.166513486023797974e-04
4.656691543203068484e-04
4.779236057497885976e-04
4.289058000318615466e-04
4.289058000318615466e-04
4.289058000318615466e-04
3.798879943139345499e-04
4.534147028908250992e-04
4.289058000318615466e-04
4.289058000318615466e-04
3.921424457434162991e-04
4.534147028908250992e-04
4.166513486023797974e-04
4.289058000318615466e-04
3.921424457434162991e-04
4.289058000318615466e-04
4.289058000318615466e-04
4.166513486023797974e-04
4.043968971728980483e-04
4.043968971728980483e-04
7.352670857689054930e-05
3.676335428844528007e-04
4.411602514613433500e-04
4.043968971728980483e-04
3.553790914549709973e-04
4.411602514613433500e-04
3.798879943139345499e-04
4.166513486023797974e-04
4.043968971728980483e-04
3.553790914549709973e-04
3.921424457434162991e-04
3.798879943139345499e-04
3.798879943139345499e-04
3.676335428844528007e-04
3.676335428844528007e-04
3.798879943139345499e-04
3.553790914549709973e-04
3.798879943139345499e-04
3.553790914549709973e-04
3.676335428844528007e-04
3.798879943139345499e-04
3.921424457434162991e-04
3.798879943139345499e-04
3.676335428844528007e-04
3.431246400254892481e-04
3.676335428844528007e-04
3.798879943139345499e-04
3.553790914549709973e-04
3.798879943139345499e-04
3.798879943139345499e-04
3.431246400254892481e-04
3.798879943139345499e-04
3.676335428844528007e-04
3.553790914549709973e-04
3.798879943139345499e-04
3.921424457434162991e-04
2.083256743011898987e-04
3.798879943139345499e-04
3.676335428844528007e-04
3.676335428844528007e-04
3.186157371665257498e-04
3.431246400254892481e-04
3.063612857370440006e-04
3.431246400254892481e-04
3.308701885960074990e-04
3.553790914549709973e-04
3.431246400254892481e-04
3.553790914549709973e-04
3.553790914549709973e-04
3.186157371665257498e-04
2.818523828780804480e-04
3.431246400254892481e-04
3.063612857370440006e-04
3.186157371665257498e-04
3.186157371665257498e-04
2.941068343075621972e-04
3.186157371665257498e-04
2.818523828780804480e-04
3.186157371665257498e-04
3.308701885960074990e-04
2.941068343075621972e-04
3.431246400254892481e-04
3.186157371665257498e-04
3.063612857370440006e-04
3.308701885960074990e-04
3.186157371665257498e-04
2.818523828780804480e-04
2.941068343075621972e-04
3.186157371665257498e-04
3.186157371665257498e-04
2.818523828780804480e-04
3.308701885960074990e-04
2.941068343075621972e-04
2.941068343075621972e-04
2.941068343075621972e-04
2.205801257306716750e-04
3.063612857370440006e-04
2.818523828780804480e-04
2.818523828780804480e-04
2.941068343075621972e-04
2.941068343075621972e-04
2.941068343075621972e-04
2.328345771601534242e-04
2.450890285896352005e-04
2.941068343075621972e-04
2.695979314485986988e-04
2.941068343075621972e-04
2.573434800191169497e-04
2.941068343075621972e-04
2.573434800191169497e-04
2.328345771601534242e-04
2.573434800191169497e-04
2.695979314485986988e-04
2.941068343075621972e-04
2.328345771601534242e-04
2.941068343075621972e-04
2.818523828780804480e-04
2.695979314485986988e-04
2.695979314485986988e-04
2.941068343075621972e-04
2.695979314485986988e-04
2.818523828780804480e-04
2.573434800191169497e-04
2.573434800191169497e-04
2.818523828780804480e-04
2.450890285896352005e-04
2.573434800191169497e-04
2.695979314485986988e-04
2.328345771601534242e-04
2.328345771601534242e-04
2.573434800191169497e-04
2.573434800191169497e-04
2.573434800191169497e-04
2.573434800191169497e-04
2.328345771601534242e-04
2.573434800191169497e-04
2.450890285896352005e-04
2.450890285896352005e-04
2.573434800191169497e-04
2.328345771601534242e-04
2.450890285896352005e-04
1.960712228717081495e-04
2.205801257306716750e-04
2.328345771601534242e-04
2.083256743011898987e-04
2.083256743011898987e-04
2.083256743011898987e-04
2.328345771601534242e-04
2.328345771601534242e-04
2.450890285896352005e-04
1.960712228717081495e-04
2.205801257306716750e-04
2.205801257306716750e-04
2.328345771601534242e-04
2.328345771601534242e-04
1.960712228717081495e-04
1.960712228717081495e-04
1.715623200127446241e-04
2.205801257306716750e-04
2.083256743011898987e-04
2.205801257306716750e-04
1.960712228717081495e-04
2.083256743011898987e-04
1.838167714422264004e-04
2.083256743011898987e-04
1.960712228717081495e-04
2.205801257306716750e-04
2.205801257306716750e-04
2.328345771601534242e-04
2.083256743011898987e-04
2.205801257306716750e-04
2.205801257306716750e-04
1.838167714422264004e-04
2.205801257306716750e-04
2.205801257306716750e-04
2.328345771601534242e-04
1.715623200127446241e-04
2.205801257306716750e-04
2.205801257306716750e-04
2.328345771601534242e-04
1.960712228717081495e-04
2.083256743011898987e-04
2.083256743011898987e-04
1.960712228717081495e-04
2.083256743011898987e-04
1.838167714422264004e-04
1.960712228717081495e-04
1.470534171537810986e-04
1.715623200127446241e-04
1.960712228717081495e-04
2.083256743011898987e-04
1.960712228717081495e-04
2.083256743011898987e-04
1.838167714422264004e-04
1.960712228717081495e-04
2.083256743011898987e-04
1.838167714422264004e-04
1.715623200127446241e-04
1.838167714422264004e-04
1.715623200127446241e-04
1.838167714422264004e-04
1.838167714422264004e-04
1.838167714422264004e-04
1.715623200127446241e-04
1.838167714422264004e-04
1.838167714422264004e-04
1.838167714422264004e-04
1.838167714422264004e-04
1.838167714422264004e-04
1.470534171537810986e-04
1.593078685832628749e-04
1.838167714422264004e-04
1.838167714422264004e-04
1.960712228717081495e-04
1.593078685832628749e-04
1.960712228717081495e-04
1.715623200127446241e-04
1.838167714422264004e-04
1.715623200127446241e-04
1.715623200127446241e-04
1.593078685832628749e-04
2.450890285896351869e-05
1.838167714422264004e-04
1.715623200127446241e-04
1.593078685832628749e-04
1.715623200127446241e-04
1.593078685832628749e-04
1.347989657242993494e-04
1.470534171537810986e-04
1.838167714422264004e-04
1.715623200127446241e-04
1.838167714422264004e-04
1.593078685832628749e-04
1.347989657242993494e-04
1.838167714422264004e-04
1.838167714422264004e-04
1.593078685832628749e-04
1.593078685832628749e-04
1.593078685832628749e-04
1.593078685832628749e-04
1.838167714422264004e-04
1.593078685832628749e-04
1.470534171537810986e-04
1.470534171537810986e-04
1.593078685832628749e-04
1.715623200127446241e-04
1.593078685832628749e-04
1.715623200127446241e-04
1.593078685832628749e-04
1.470534171537810986e-04
1.470534171537810986e-04
1.470534171537810986e-04
1.347989657242993494e-04
1.715623200127446241e-04
1.715623200127446241e-04
1.225445142948176002e-04
1.715623200127446241e-04
1.470534171537810986e-04
1.470534171537810986e-04
1.470534171537810986e-04
1.470534171537810986e-04
1.470534171537810986e-04
1.470534171537810986e-04
1.470534171537810986e-04
1.225445142948176002e-04
1.593078685832628749e-04
1.593078685832628749e-04
1.470534171537810986e-04
1.593078685832628749e-04
1.470534171537810986e-04
1.470534171537810986e-04
1.470534171537810986e-04
1.470534171537810986e-04
1.470534171537810986e-04
1.225445142948176002e-04
1.593078685832628749e-04
1.347989657242993494e-04
1.593078685832628749e-04
1.225445142948176002e-04
1.470534171537810986e-04
1.470534171537810986e-04
1.225445142948176002e-04
1.347989657242993494e-04
1.347989657242993494e-04
1.470534171537810986e-04
1.347989657242993494e-04
1.347989657242993494e-04
1.225445142948176002e-04
1.225445142948176002e-04
1.470534171537810986e-04
1.347989657242993494e-04
1.347989657242993494e-04
1.225445142948176002e-04
1.225445142948176002e-04
1.347989657242993494e-04
1.347989657242993494e-04
1.347989657242993494e-04
1.347989657242993494e-04
1.225445142948176002e-04
1.347989657242993494e-04
1.225445142948176002e-04
1.347989657242993494e-04
1.225445142948176002e-04
1.347989657242993494e-04
1.225445142948176002e-04
1.102900628653358375e-04
1.347989657242993494e-04
1.225445142948176002e-04
1.347989657242993494e-04
1.347989657242993494e-04
1.347989657242993494e-04
1.347989657242993494e-04
1.347989657242993494e-04
1.347989657242993494e-04
1.347989657242993494e-04
1.225445142948176002e-04
1.225445142948176002e-04
1.225445142948176002e-04
1.225445142948176002e-04
1.225445142948176002e-04
1.225445142948176002e-04
1.347989657242993494e-04
1.225445142948176002e-04
1.347989657242993494e-04
1.225445142948176002e-04
8.578116000637231204e-05
1.225445142948176002e-04
1.225445142948176002e-04
9.803561143585407477e-05
9.803561143585407477e-05
9.803561143585407477e-05
1.225445142948176002e-04
1.225445142948176002e-04
1.225445142948176002e-04
9.803561143585407477e-05
9.803561143585407477e-05
9.803561143585407477e-05
1.225445142948176002e-04
1.225445142948176002e-04
1.102900628653358375e-04
1.102900628653358375e-04
1.102900628653358375e-04
9.803561143585407477e-05
1.102900628653358375e-04
1.102900628653358375e-04
1.102900628653358375e-04
9.803561143585407477e-05
8.578116000637231204e-05
1.102900628653358375e-04
1.102900628653358375e-04
1.102900628653358375e-04
7.352670857689054930e-05
8.578116000637231204e-05
1.102900628653358375e-04
1.102900628653358375e-04
1.102900628653358375e-04
1.102900628653358375e-04
9.803561143585407477e-05
8.578116000637231204e-05
9.803561143585407477e-05
9.803561143585407477e-05
8.578116000637231204e-05
8.578116000637231204e-05
9.803561143585407477e-05
8.578116000637231204e-05
1.102900628653358375e-04
1.102900628653358375e-04
9.803561143585407477e-05
8.578116000637231204e-05
8.578116000637231204e-05
7.352670857689054930e-05
1.102900628653358375e-04
1.102900628653358375e-04
8.578116000637231204e-05
8.578116000637231204e-05
1.102900628653358375e-04
1.102900628653358375e-04
9.803561143585407477e-05
1.102900628653358375e-04
9.803561143585407477e-05
9.803561143585407477e-05
9.803561143585407477e-05
8.578116000637231204e-05
9.803561143585407477e-05
1.102900628653358375e-04
9.803561143585407477e-05
1.102900628653358375e-04
9.803561143585407477e-05
9.803561143585407477e-05
8.578116000637231204e-05
8.578116000637231204e-05
9.803561143585407477e-05
8.578116000637231204e-05
9.803561143585407477e-05
9.803561143585407477e-05
8.578116000637231204e-05
6.127225714740880012e-05
8.578116000637231204e-05
8.578116000637231204e-05
8.578116000637231204e-05
9.803561143585407477e-05
8.578116000637231204e-05
7.352670857689054930e-05
8.578116000637231204e-05
7.352670857689054930e-05
7.352670857689054930e-05
7.352670857689054930e-05
7.352670857689054930e-05
8.578116000637231204e-05
6.127225714740880012e-05
7.352670857689054930e-05
8.578116000637231204e-05
7.352670857689054930e-05
7.352670857689054930e-05
8.578116000637231204e-05
7.352670857689054930e-05
7.352670857689054930e-05
8.578116000637231204e-05
8.578116000637231204e-05
8.578116000637231204e-05
7.352670857689054930e-05
6.127225714740880012e-05
8.578116000637231204e-05
8.578116000637231204e-05
8.578116000637231204e-05
7.352670857689054930e-05
8.578116000637231204e-05
6.127225714740880012e-05
8.578116000637231204e-05
7.352670857689054930e-05
8.578116000637231204e-05
6.127225714740880012e-05
7.352670857689054930e-05
7.352670857689054930e-05
7.352670857689054930e-05
7.352670857689054930e-05
8.578116000637231204e-05
8.578116000637231204e-05
7.352670857689054930e-05
8.578116000637231204e-05
7.352670857689054930e-05
7.352670857689054930e-05
4.901780571792703739e-05
8.578116000637231204e-05
7.352670857689054930e-05
8.578116000637231204e-05
7.352670857689054930e-05
8.578116000637231204e-05
8.578116000637231204e-05
7.352670857689054930e-05
8.578116000637231204e-05
6.127225714740880012e-05
8.578116000637231204e-05
7.352670857689054930e-05
7.352670857689054930e-05
6.127225714740880012e-05
7.352670857689054930e-05
8.578116000637231204e-05
8.578116000637231204e-05
8.578116000637231204e-05
7.352670857689054930e-05
8.578116000637231204e-05
8.578116000637231204e-05
8.578116000637231204e-05
7.352670857689054930e-05
6.127225714740880012e-05
7.352670857689054930e-05
6.127225714740880012e-05
6.127225714740880012e-05
7.352670857689054930e-05
7.352670857689054930e-05
6.127225714740880012e-05
7.352670857689054930e-05
7.352670857689054930e-05
7.352670857689054930e-05
7.352670857689054930e-05
4.901780571792703739e-05
7.352670857689054930e-05
7.352670857689054930e-05
7.352670857689054930e-05
6.127225714740880012e-05
7.352670857689054930e-05
7.352670857689054930e-05
7.352670857689054930e-05
7.352670857689054930e-05
6.127225714740880012e-05
7.352670857689054930e-05
7.352670857689054930e-05
7.352670857689054930e-05
7.352670857689054930e-05
7.352670857689054930e-05
6.127225714740880012e-05
7.352670857689054930e-05
7.352670857689054930e-05
7.352670857689054930e-05
7.352670857689054930e-05
7.352670857689054930e-05
6.127225714740880012e-05
6.127225714740880012e-05
6.127225714740880012e-05
7.352670857689054930e-05
7.352670857689054930e-05
4.901780571792703739e-05
6.127225714740880012e-05
6.127225714740880012e-05
6.127225714740880012e-05
6.127225714740880012e-05
6.127225714740880012e-05
4.901780571792703739e-05
6.127225714740880012e-05
4.901780571792703739e-05
6.127225714740880012e-05
4.901780571792703739e-05
6.127225714740880012e-05
6.127225714740880012e-05
6.127225714740880012e-05
6.127225714740880012e-05
6.127225714740880012e-05
6.127225714740880012e-05
3.676335428844527465e-05
6.127225714740880012e-05
6.127225714740880012e-05
6.127225714740880012e-05
6.127225714740880012e-05
6.127225714740880012e-05
4.901780571792703739e-05
4.901780571792703739e-05
2.450890285896351869e-05
6.127225714740880012e-05
6.127225714740880012e-05
6.127225714740880012e-05
4.901780571792703739e-05
6.127225714740880012e-05
6.127225714740880012e-05
6.127225714740880012e-05
4.901780571792703739e-05
6.127225714740880012e-05
6.127225714740880012e-05
6.127225714740880012e-05
6.127225714740880012e-05
6.127225714740880012e-05
6.127225714740880012e-05
6.127225714740880012e-05
6.127225714740880012e-05
