2.661944009263673971e-02
2.687827804645460256e-02
2.196035692391526406e-02
2.216470267692936466e-02
2.245078673114910342e-02
2.130645051427014491e-02
1.999863769497990662e-02
1.855459437368026793e-02
1.198828417682719187e-02
1.166133097200463230e-02
1.175669232341121188e-02
1.153872352019617159e-02
1.110278591376609274e-02
9.890334445882432296e-03
9.468019889653293136e-03
9.399904638648592936e-03
9.331789387643892736e-03
8.882228731012874190e-03
8.582521626592194003e-03
8.214699271166813616e-03
8.718752128601594403e-03
7.983107417750833629e-03
7.846876915741434963e-03
7.710646413732034563e-03
7.751515564334854509e-03
7.356447108507594736e-03
6.852394251072814815e-03
7.083986104488794802e-03
6.634425447857775389e-03
6.539064096451195802e-03
5.762550234997615949e-03
6.484571895647435295e-03
6.430079694843675656e-03
6.103126490021116082e-03
5.898780737007015482e-03
6.307472243035215816e-03
5.748927184796676255e-03
5.708058034193856309e-03
3.133301546216197934e-03
5.735304134595735695e-03
5.067774674749676855e-03
5.381104829371295868e-03
4.917921122539336762e-03
5.026905524146856909e-03
5.258497377562836028e-03
5.217628226960016082e-03
5.040528574347796602e-03
5.095020775151556242e-03
2.097949730944758708e-03
4.972413323343096402e-03
4.972413323343096402e-03
4.740821469927116415e-03
4.849805871534636562e-03
4.849805871534636562e-03
4.890675022137456508e-03
4.945167222941216148e-03
4.904298072338396201e-03
4.155030311286697468e-03
4.032422859478236761e-03
4.100538110482936961e-03
3.991553708875416814e-03
3.705469654655677621e-03
3.596485253048157475e-03
3.814454056263197335e-03
3.868946257066957408e-03
3.664600504052857241e-03
3.569239152646277655e-03
3.719092704856617315e-03
3.269532048225597901e-03
3.610108303249097601e-03
3.378516449833117614e-03
3.514746951842517581e-03
3.146924596417137628e-03
3.133301546216197934e-03
3.174170696819017881e-03
3.024317144608677788e-03
3.051563245010558041e-03
3.051563245010558041e-03
3.255908998024657774e-03
2.942578843403037894e-03
2.547510387575778121e-03
2.806348341393637928e-03
2.956201893603978021e-03
2.888086642599277821e-03
3.092432395613377988e-03
2.738233090388938161e-03
2.588379538178598067e-03
2.806348341393637928e-03
2.683740889585178088e-03
2.588379538178598067e-03
2.588379538178598067e-03
2.710986989987057907e-03
2.588379538178598067e-03
2.384033785164498334e-03
2.302295483958858441e-03
2.438525985968258408e-03
2.315918534159798568e-03
1.920850078332538577e-03
2.520264287173898301e-03
2.206934132552278421e-03
2.397656835365438461e-03
2.247803283155098367e-03
2.356787684762618514e-03
2.288672433757918314e-03
2.384033785164498334e-03
2.315918534159798568e-03
1.375928070294939144e-03
1.975342279136298434e-03
2.397656835365438461e-03
2.084326680743818581e-03
2.097949730944758708e-03
2.125195831346638527e-03
1.920850078332538577e-03
2.166064981949458474e-03
2.043457530140998634e-03
2.097949730944758708e-03
2.097949730944758708e-03
1.961719228935358741e-03
1.934473128533478704e-03
1.907227028131598667e-03
2.016211429739118381e-03
1.852734827327838811e-03
1.852734827327838811e-03
1.852734827327838811e-03
2.029834479940058507e-03
1.948096178734418614e-03
1.757373475921258791e-03
2.016211429739118381e-03
1.934473128533478704e-03
1.879980927729718631e-03
1.907227028131598667e-03
1.961719228935358741e-03
1.702881275117498717e-03
1.798242626524078737e-03
1.702881275117498717e-03
1.825488726925958774e-03
1.920850078332538577e-03
1.716504325318438844e-03
1.675635174715618897e-03
1.553027722907158840e-03
1.648389074313738861e-03
1.716504325318438844e-03
1.403174170696818964e-03
1.689258224916558807e-03
1.580273823309038877e-03
1.648389074313738861e-03
1.471289421701518947e-03
1.457666371500579037e-03
1.512158572304338894e-03
1.607519923710918914e-03
1.430420271098699000e-03
1.512158572304338894e-03
1.498535522103398984e-03
1.539404672706218931e-03
1.593896873509978787e-03
1.294189769089299034e-03
1.375928070294939144e-03
1.539404672706218931e-03
1.593896873509978787e-03
1.444043321299638910e-03
1.362305020093999017e-03
1.444043321299638910e-03
1.471289421701518947e-03
1.444043321299638910e-03
1.471289421701518947e-03
1.307812819290239160e-03
1.362305020093999017e-03
1.416797220897759091e-03
1.389551120495879054e-03
1.403174170696818964e-03
1.307812819290239160e-03
1.348681969893059107e-03
1.375928070294939144e-03
1.226074518084599050e-03
1.307812819290239160e-03
1.348681969893059107e-03
1.294189769089299034e-03
1.198828417682719230e-03
1.171582317280839194e-03
1.226074518084599050e-03
1.212451467883659140e-03
1.144336216878959157e-03
1.280566718888359124e-03
1.185205367481779104e-03
1.008105714869559190e-03
1.266943668687419214e-03
1.185205367481779104e-03
1.171582317280839194e-03
1.253320618486479087e-03
1.048974865472379354e-03
1.089844016075199300e-03
1.076220965874259174e-03
1.035351815271439227e-03
1.035351815271439227e-03
9.944826646686192803e-04
1.117090116477079120e-03
9.808596144676793704e-04
1.048974865472379354e-03
1.103467066276139210e-03
1.103467066276139210e-03
1.062597915673319264e-03
9.263674136639194054e-04
7.765138614535794202e-04
9.536135140657993337e-04
1.076220965874259174e-03
9.808596144676793704e-04
8.718752128601594403e-04
9.263674136639194054e-04
1.021728765070499317e-03
9.127443634629793870e-04
1.035351815271439227e-03
9.672365642667393520e-04
9.536135140657993337e-04
1.035351815271439227e-03
6.947755602479395269e-04
9.127443634629793870e-04
8.991213132620393686e-04
9.127443634629793870e-04
8.718752128601594403e-04
7.628908112526395103e-04
8.446291124582794036e-04
8.446291124582794036e-04
4.904298072338396852e-04
8.037599618554594570e-04
8.991213132620393686e-04
9.263674136639194054e-04
8.310060622573393853e-04
8.718752128601594403e-04
7.765138614535794202e-04
9.399904638648593153e-04
7.628908112526395103e-04
6.947755602479395269e-04
8.310060622573393853e-04
8.582521626592194220e-04
7.901369116545194386e-04
8.037599618554594570e-04
8.310060622573393853e-04
7.765138614535794202e-04
8.446291124582794036e-04
8.037599618554594570e-04
7.765138614535794202e-04
8.718752128601594403e-04
6.675294598460594902e-04
8.582521626592194220e-04
7.901369116545194386e-04
8.037599618554594570e-04
7.220216606498194552e-04
7.901369116545194386e-04
8.037599618554594570e-04
7.628908112526395103e-04
7.901369116545194386e-04
5.176759076357196135e-04
7.628908112526395103e-04
7.083986104488795453e-04
7.220216606498194552e-04
6.947755602479395269e-04
7.356447108507594736e-04
7.492677610516994919e-04
6.675294598460594902e-04
6.402833594441795619e-04
7.083986104488795453e-04
6.675294598460594902e-04
6.675294598460594902e-04
6.402833594441795619e-04
7.628908112526395103e-04
7.492677610516994919e-04
6.947755602479395269e-04
6.811525100469995085e-04
6.675294598460594902e-04
6.811525100469995085e-04
6.539064096451195802e-04
6.675294598460594902e-04
6.811525100469995085e-04
6.947755602479395269e-04
5.449220080375996502e-04
6.947755602479395269e-04
5.857911586404195969e-04
5.857911586404195969e-04
6.811525100469995085e-04
6.130372590422995252e-04
5.449220080375996502e-04
6.402833594441795619e-04
6.130372590422995252e-04
5.994142088413596152e-04
6.539064096451195802e-04
6.266603092432395435e-04
5.994142088413596152e-04
6.130372590422995252e-04
6.266603092432395435e-04
5.857911586404195969e-04
6.266603092432395435e-04
6.402833594441795619e-04
5.585450582385395601e-04
5.721681084394795785e-04
5.585450582385395601e-04
5.994142088413596152e-04
5.857911586404195969e-04
5.176759076357196135e-04
5.994142088413596152e-04
5.312989578366596318e-04
5.040528574347795951e-04
4.768067570328996668e-04
5.449220080375996502e-04
5.312989578366596318e-04
5.857911586404195969e-04
4.495606566310196843e-04
5.312989578366596318e-04
5.449220080375996502e-04
5.312989578366596318e-04
5.721681084394795785e-04
5.449220080375996502e-04
5.721681084394795785e-04
3.950684558272597193e-04
5.312989578366596318e-04
5.721681084394795785e-04
5.176759076357196135e-04
4.904298072338396852e-04
4.904298072338396852e-04
5.585450582385395601e-04
5.585450582385395601e-04
4.495606566310196843e-04
5.312989578366596318e-04
5.040528574347795951e-04
5.040528574347795951e-04
4.495606566310196843e-04
5.040528574347795951e-04
5.312989578366596318e-04
4.904298072338396852e-04
4.768067570328996668e-04
9.536135140657993879e-05
4.768067570328996668e-04
4.631837068319597027e-04
5.040528574347795951e-04
4.495606566310196843e-04
4.223145562291397018e-04
4.223145562291397018e-04
4.904298072338396852e-04
8.173830120563994753e-05
4.631837068319597027e-04
4.223145562291397018e-04
5.040528574347795951e-04
4.359376064300797202e-04
4.359376064300797202e-04
4.359376064300797202e-04
4.495606566310196843e-04
4.631837068319597027e-04
4.495606566310196843e-04
4.223145562291397018e-04
4.631837068319597027e-04
4.086915060281997377e-04
4.223145562291397018e-04
4.223145562291397018e-04
4.223145562291397018e-04
4.495606566310196843e-04
4.631837068319597027e-04
4.768067570328996668e-04
4.359376064300797202e-04
4.086915060281997377e-04
4.359376064300797202e-04
4.631837068319597027e-04
4.359376064300797202e-04
3.950684558272597193e-04
4.086915060281997377e-04
4.086915060281997377e-04
3.678223554253797368e-04
3.950684558272597193e-04
3.678223554253797368e-04
4.495606566310196843e-04
3.269532048225597901e-04
3.678223554253797368e-04
4.359376064300797202e-04
4.223145562291397018e-04
3.269532048225597901e-04
3.678223554253797368e-04
2.997071044206798076e-04
3.814454056263197551e-04
4.223145562291397018e-04
4.223145562291397018e-04
3.541993052244397726e-04
4.086915060281997377e-04
4.086915060281997377e-04
3.814454056263197551e-04
2.452149036169198426e-04
4.086915060281997377e-04
4.086915060281997377e-04
3.678223554253797368e-04
3.678223554253797368e-04
3.678223554253797368e-04
3.950684558272597193e-04
3.678223554253797368e-04
3.405762550234997543e-04
3.133301546216197718e-04
2.724610040187998251e-04
3.814454056263197551e-04
3.541993052244397726e-04
3.814454056263197551e-04
3.814454056263197551e-04
3.814454056263197551e-04
2.724610040187998251e-04
3.814454056263197551e-04
3.678223554253797368e-04
3.405762550234997543e-04
3.405762550234997543e-04
3.405762550234997543e-04
3.541993052244397726e-04
3.678223554253797368e-04
3.133301546216197718e-04
3.541993052244397726e-04
2.724610040187998251e-04
2.860840542197397893e-04
3.133301546216197718e-04
3.541993052244397726e-04
3.405762550234997543e-04
3.269532048225597901e-04
3.269532048225597901e-04
3.269532048225597901e-04
1.226074518084599213e-04
3.541993052244397726e-04
2.860840542197397893e-04
3.541993052244397726e-04
3.133301546216197718e-04
3.269532048225597901e-04
3.405762550234997543e-04
3.405762550234997543e-04
2.043457530140998688e-04
3.269532048225597901e-04
2.860840542197397893e-04
2.724610040187998251e-04
2.860840542197397893e-04
3.269532048225597901e-04
3.269532048225597901e-04
2.860840542197397893e-04
2.452149036169198426e-04
2.997071044206798076e-04
3.133301546216197718e-04
2.860840542197397893e-04
2.724610040187998251e-04
2.588379538178598067e-04
2.724610040187998251e-04
3.133301546216197718e-04
3.133301546216197718e-04
2.997071044206798076e-04
2.315918534159798513e-04
3.133301546216197718e-04
2.997071044206798076e-04
2.724610040187998251e-04
2.997071044206798076e-04
2.860840542197397893e-04
2.452149036169198426e-04
2.588379538178598067e-04
2.724610040187998251e-04
2.860840542197397893e-04
2.860840542197397893e-04
2.588379538178598067e-04
2.860840542197397893e-04
2.179688032150398601e-04
2.724610040187998251e-04
1.907227028131598776e-04
2.860840542197397893e-04
2.724610040187998251e-04
2.724610040187998251e-04
2.724610040187998251e-04
2.452149036169198426e-04
2.452149036169198426e-04
2.588379538178598067e-04
2.452149036169198426e-04
1.770996526122198863e-04
2.452149036169198426e-04
1.770996526122198863e-04
2.043457530140998688e-04
2.452149036169198426e-04
2.315918534159798513e-04
2.179688032150398601e-04
2.588379538178598067e-04
2.179688032150398601e-04
2.588379538178598067e-04
1.770996526122198863e-04
2.588379538178598067e-04
2.588379538178598067e-04
2.588379538178598067e-04
2.588379538178598067e-04
2.179688032150398601e-04
2.179688032150398601e-04
2.588379538178598067e-04
2.179688032150398601e-04
1.907227028131598776e-04
2.043457530140998688e-04
2.452149036169198426e-04
2.588379538178598067e-04
2.452149036169198426e-04
2.452149036169198426e-04
2.452149036169198426e-04
2.179688032150398601e-04
2.315918534159798513e-04
2.452149036169198426e-04
2.452149036169198426e-04
2.452149036169198426e-04
2.452149036169198426e-04
1.907227028131598776e-04
2.452149036169198426e-04
2.315918534159798513e-04
2.179688032150398601e-04
2.315918534159798513e-04
2.043457530140998688e-04
2.315918534159798513e-04
2.043457530140998688e-04
1.907227028131598776e-04
2.043457530140998688e-04
2.315918534159798513e-04
2.315918534159798513e-04
2.315918534159798513e-04
2.315918534159798513e-04
2.315918534159798513e-04
2.179688032150398601e-04
2.315918534159798513e-04
2.315918534159798513e-04
2.179688032150398601e-04
2.179688032150398601e-04
2.315918534159798513e-04
2.043457530140998688e-04
2.315918534159798513e-04
2.315918534159798513e-04
2.315918534159798513e-04
1.907227028131598776e-04
2.043457530140998688e-04
1.770996526122198863e-04
2.315918534159798513e-04
1.770996526122198863e-04
2.179688032150398601e-04
2.179688032150398601e-04
1.907227028131598776e-04
2.043457530140998688e-04
1.907227028131598776e-04
2.179688032150398601e-04
1.907227028131598776e-04
2.043457530140998688e-04
2.043457530140998688e-04
2.043457530140998688e-04
1.907227028131598776e-04
2.043457530140998688e-04
1.907227028131598776e-04
2.043457530140998688e-04
2.043457530140998688e-04
1.907227028131598776e-04
1.770996526122198863e-04
2.043457530140998688e-04
1.634766024112798951e-04
2.043457530140998688e-04
2.043457530140998688e-04
2.043457530140998688e-04
2.043457530140998688e-04
1.634766024112798951e-04
2.043457530140998688e-04
2.043457530140998688e-04
1.907227028131598776e-04
1.907227028131598776e-04
1.907227028131598776e-04
1.907227028131598776e-04
1.770996526122198863e-04
1.907227028131598776e-04
1.907227028131598776e-04
1.907227028131598776e-04
1.634766024112798951e-04
1.770996526122198863e-04
1.907227028131598776e-04
1.770996526122198863e-04
1.907227028131598776e-04
1.907227028131598776e-04
1.907227028131598776e-04
1.770996526122198863e-04
1.634766024112798951e-04
1.770996526122198863e-04
1.498535522103399038e-04
1.634766024112798951e-04
1.498535522103399038e-04
1.770996526122198863e-04
1.634766024112798951e-04
1.498535522103399038e-04
9.536135140657993879e-05
1.498535522103399038e-04
1.770996526122198863e-04
1.498535522103399038e-04
1.770996526122198863e-04
1.770996526122198863e-04
1.498535522103399038e-04
1.226074518084599213e-04
1.770996526122198863e-04
1.770996526122198863e-04
1.498535522103399038e-04
1.770996526122198863e-04
1.089844016075199300e-04
1.498535522103399038e-04
1.498535522103399038e-04
1.770996526122198863e-04
1.634766024112798951e-04
1.634766024112798951e-04
1.770996526122198863e-04
1.770996526122198863e-04
1.634766024112798951e-04
1.498535522103399038e-04
1.362305020093999126e-04
1.634766024112798951e-04
6.811525100469995628e-05
1.634766024112798951e-04
1.634766024112798951e-04
1.634766024112798951e-04
1.362305020093999126e-04
1.498535522103399038e-04
1.634766024112798951e-04
1.362305020093999126e-04
1.362305020093999126e-04
1.634766024112798951e-04
1.634766024112798951e-04
1.498535522103399038e-04
1.089844016075199300e-04
1.498535522103399038e-04
1.362305020093999126e-04
1.226074518084599213e-04
1.498535522103399038e-04
9.536135140657993879e-05
1.498535522103399038e-04
1.362305020093999126e-04
1.498535522103399038e-04
1.498535522103399038e-04
1.498535522103399038e-04
1.362305020093999126e-04
1.498535522103399038e-04
1.498535522103399038e-04
1.362305020093999126e-04
1.362305020093999126e-04
1.498535522103399038e-04
1.226074518084599213e-04
1.498535522103399038e-04
1.498535522103399038e-04
1.226074518084599213e-04
9.536135140657993879e-05
1.498535522103399038e-04
1.498535522103399038e-04
1.226074518084599213e-04
1.498535522103399038e-04
1.498535522103399038e-04
1.498535522103399038e-04
1.498535522103399038e-04
1.498535522103399038e-04
1.226074518084599213e-04
9.536135140657993879e-05
1.089844016075199300e-04
1.362305020093999126e-04
1.362305020093999126e-04
1.362305020093999126e-04
1.362305020093999126e-04
1.362305020093999126e-04
1.362305020093999126e-04
1.362305020093999126e-04
1.362305020093999126e-04
1.362305020093999126e-04
1.362305020093999126e-04
1.362305020093999126e-04
1.362305020093999126e-04
1.362305020093999126e-04
1.226074518084599213e-04
8.173830120563994753e-05
1.362305020093999126e-04
6.811525100469995628e-05
1.226074518084599213e-04
1.226074518084599213e-04
9.536135140657993879e-05
1.226074518084599213e-04
1.089844016075199300e-04
1.226074518084599213e-04
9.536135140657993879e-05
1.226074518084599213e-04
1.089844016075199300e-04
1.089844016075199300e-04
1.226074518084599213e-04
1.089844016075199300e-04
1.226074518084599213e-04
1.226074518084599213e-04
1.226074518084599213e-04
1.226074518084599213e-04
1.226074518084599213e-04
1.089844016075199300e-04
1.226074518084599213e-04
4.086915060281997377e-05
1.089844016075199300e-04
1.226074518084599213e-04
1.226074518084599213e-04
1.226074518084599213e-04
1.226074518084599213e-04
6.811525100469995628e-05
9.536135140657993879e-05
1.226074518084599213e-04
1.226074518084599213e-04
1.226074518084599213e-04
1.226074518084599213e-04
1.226074518084599213e-04
1.226074518084599213e-04
1.226074518084599213e-04
1.226074518084599213e-04
1.226074518084599213e-04
9.536135140657993879e-05
6.811525100469995628e-05
1.226074518084599213e-04
9.536135140657993879e-05
1.226074518084599213e-04
6.811525100469995628e-05
1.226074518084599213e-04
4.086915060281997377e-05
1.226074518084599213e-04
1.226074518084599213e-04
1.226074518084599213e-04
1.089844016075199300e-04
1.226074518084599213e-04
1.089844016075199300e-04
1.226074518084599213e-04
9.536135140657993879e-05
1.226074518084599213e-04
6.811525100469995628e-05
9.536135140657993879e-05
9.536135140657993879e-05
1.089844016075199300e-04
1.089844016075199300e-04
9.536135140657993879e-05
1.089844016075199300e-04
1.089844016075199300e-04
1.089844016075199300e-04
1.089844016075199300e-04
1.089844016075199300e-04
9.536135140657993879e-05
1.089844016075199300e-04
1.089844016075199300e-04
9.536135140657993879e-05
1.089844016075199300e-04
9.536135140657993879e-05
1.089844016075199300e-04
9.536135140657993879e-05
9.536135140657993879e-05
9.536135140657993879e-05
8.173830120563994753e-05
9.536135140657993879e-05
6.811525100469995628e-05
9.536135140657993879e-05
9.536135140657993879e-05
9.536135140657993879e-05
9.536135140657993879e-05
9.536135140657993879e-05
9.536135140657993879e-05
9.536135140657993879e-05
6.811525100469995628e-05
9.536135140657993879e-05
9.536135140657993879e-05
9.536135140657993879e-05
9.536135140657993879e-05
9.536135140657993879e-05
9.536135140657993879e-05
9.536135140657993879e-05
9.536135140657993879e-05
5.449220080375996502e-05
9.536135140657993879e-05
8.173830120563994753e-05
9.536135140657993879e-05
6.811525100469995628e-05
9.536135140657993879e-05
9.536135140657993879e-05
6.811525100469995628e-05
9.536135140657993879e-05
8.173830120563994753e-05
9.536135140657993879e-05
9.536135140657993879e-05
9.536135140657993879e-05
9.536135140657993879e-05
9.536135140657993879e-05
9.536135140657993879e-05
9.536135140657993879e-05
4.086915060281997377e-05
9.536135140657993879e-05
9.536135140657993879e-05
8.173830120563994753e-05
9.536135140657993879e-05
9.536135140657993879e-05
9.536135140657993879e-05
9.536135140657993879e-05
9.536135140657993879e-05
6.811525100469995628e-05
9.536135140657993879e-05
9.536135140657993879e-05
9.536135140657993879e-05
9.536135140657993879e-05
9.536135140657993879e-05
9.536135140657993879e-05
9.536135140657993879e-05
8.173830120563994753e-05
8.173830120563994753e-05
6.811525100469995628e-05
8.173830120563994753e-05
8.173830120563994753e-05
8.173830120563994753e-05
6.811525100469995628e-05
1.362305020093999126e-05
8.173830120563994753e-05
8.173830120563994753e-05
8.173830120563994753e-05
8.173830120563994753e-05
8.173830120563994753e-05
8.173830120563994753e-05
8.173830120563994753e-05
6.811525100469995628e-05
6.811525100469995628e-05
8.173830120563994753e-05
8.173830120563994753e-05
8.173830120563994753e-05
8.173830120563994753e-05
8.173830120563994753e-05
8.173830120563994753e-05
8.173830120563994753e-05
8.173830120563994753e-05
8.173830120563994753e-05
8.173830120563994753e-05
8.173830120563994753e-05
8.173830120563994753e-05
6.811525100469995628e-05
8.173830120563994753e-05
6.811525100469995628e-05
6.811525100469995628e-05
6.811525100469995628e-05
5.449220080375996502e-05
4.086915060281997377e-05
6.811525100469995628e-05
4.086915060281997377e-05
6.811525100469995628e-05
6.811525100469995628e-05
6.811525100469995628e-05
6.811525100469995628e-05
6.811525100469995628e-05
4.086915060281997377e-05
6.811525100469995628e-05
6.811525100469995628e-05
6.811525100469995628e-05
6.811525100469995628e-05
4.086915060281997377e-05
6.811525100469995628e-05
6.811525100469995628e-05
4.086915060281997377e-05
6.811525100469995628e-05
6.811525100469995628e-05
6.811525100469995628e-05
6.811525100469995628e-05
6.811525100469995628e-05
5.449220080375996502e-05
6.811525100469995628e-05
6.811525100469995628e-05
6.811525100469995628e-05
6.811525100469995628e-05
6.811525100469995628e-05
6.811525100469995628e-05
5.449220080375996502e-05
6.811525100469995628e-05
6.811525100469995628e-05
6.811525100469995628e-05
6.811525100469995628e-05
4.086915060281997377e-05
6.811525100469995628e-05
6.811525100469995628e-05
6.811525100469995628e-05
5.449220080375996502e-05
6.811525100469995628e-05
6.811525100469995628e-05
4.086915060281997377e-05
6.811525100469995628e-05
6.811525100469995628e-05
6.811525100469995628e-05
1.362305020093999126e-05
6.811525100469995628e-05
6.811525100469995628e-05
6.811525100469995628e-05
5.449220080375996502e-05
6.811525100469995628e-05
6.811525100469995628e-05
6.811525100469995628e-05
6.811525100469995628e-05
6.811525100469995628e-05
6.811525100469995628e-05
6.811525100469995628e-05
6.811525100469995628e-05
6.811525100469995628e-05
6.811525100469995628e-05
6.811525100469995628e-05
5.449220080375996502e-05
6.811525100469995628e-05
5.449220080375996502e-05
4.086915060281997377e-05
6.811525100469995628e-05
6.811525100469995628e-05
6.811525100469995628e-05
6.811525100469995628e-05
6.811525100469995628e-05
6.811525100469995628e-05
6.811525100469995628e-05
6.811525100469995628e-05
6.811525100469995628e-05
