4.706333319136249416e-02
4.782997572298650080e-02
4.075982793134290405e-02
2.921759870522594796e-02
3.023978874739128436e-02
2.342518846628902432e-02
2.581029856467481620e-02
2.189190340304101451e-02
1.874015077303121946e-02
1.827164700370543723e-02
9.668214148813834147e-03
2.146599088547212347e-02
1.839942075897610732e-02
1.920865454235699821e-02
1.814387324843477062e-02
1.456620810085608453e-02
1.814387324843477062e-02
8.773797861919162624e-03
1.584394565356275764e-02
1.605690191234720315e-02
1.571617189829209102e-02
8.220111589079603237e-03
7.794199071510711334e-03
5.409088973124920319e-03
1.460879935261297398e-02
1.345883555517696749e-02
2.257336343115123965e-03
5.792410238936922771e-03
1.358660931044763411e-02
1.311810554112185362e-02
1.247923676476851707e-02
4.046168916904467443e-03
1.226628050598407155e-02
1.107372545679117474e-03
9.327484134758720277e-03
1.162741172963073326e-02
5.579453980152476386e-03
8.305294092593382138e-03
1.107372545679117561e-02
8.560841603134715372e-03
1.154222922611695609e-02
7.027556539886707296e-03
1.137186421908939829e-02
1.094595170152050725e-02
9.199710379488053660e-03
1.111631670854806506e-02
9.923761659355169115e-03
3.918395161633800826e-03
1.047744793219472677e-02
2.214745091358234948e-03
6.814600281102261778e-03
9.710805400570723597e-03
9.881170407598279665e-03
5.409088973124920319e-03
7.921972826781378818e-03
5.153541462583585350e-03
3.833212658120022358e-03
6.005366497721368289e-03
8.688615358405383723e-03
8.731206610162273174e-03
6.516461518804037359e-03
6.686826525831594294e-03
7.325695302184930847e-03
8.092337833808934885e-03
7.709016567996933300e-03
7.197921546914264231e-03
6.942374036372929262e-03
5.835001490693811355e-03
3.151752630009795920e-03
6.047957749478256873e-03
6.431279015290259325e-03
6.175731504748924357e-03
4.983176455556028416e-03
6.175731504748924357e-03
6.303505260019591841e-03
6.175731504748924357e-03
2.086971336087567463e-03
4.259125175688913205e-05
5.835001490693811355e-03
6.260914008262703258e-03
5.877592742450700805e-03
1.277737552706673975e-03
5.707227735423143870e-03
4.259125175688913205e-05
4.216533923932024377e-03
3.449891392308019906e-03
5.238723966097363384e-03
5.451680224881808902e-03
3.705438902849354874e-03
4.259125175688913205e-05
5.835001490693811355e-03
5.536862728395587803e-03
1.703650070275565444e-03
4.685037693257804864e-03
3.960986413390689409e-03
4.216533923932024377e-03
2.129562587844456806e-04
4.855402700285361799e-03
5.025767707312917866e-03
5.238723966097363384e-03
