5.078910590721614354e-02
3.862017247844019840e-02
3.282544227426117261e-02
2.778061833179943513e-02
2.467873334015066242e-02
2.379248048539387220e-02
2.229266796195929906e-02
2.205406142414016377e-02
2.048607560418583967e-02
1.796366363295497093e-02
1.721375737123768609e-02
1.714558407471793167e-02
1.523673177216484237e-02
1.567985819954323748e-02
1.547533830998397940e-02
1.475951869652657004e-02
1.452091215870743475e-02
1.377100589699014818e-02
1.264614650441422093e-02
1.291883969049323344e-02
1.254388655963459102e-02
1.175989364965742898e-02
1.233936667007533121e-02
1.193032689095681158e-02
1.193032689095681158e-02
1.114633398097964953e-02
1.152128711183829368e-02
1.111224733271977405e-02
1.087364079490063702e-02
1.046460101578211739e-02
9.987387940143845066e-03
1.026008112622285931e-02
1.036234107100248748e-02
1.036234107100248748e-02
1.015782118144322940e-02
9.271568326686437447e-03
9.067048437127177632e-03
9.032961788867300418e-03
8.862528547567917817e-03
9.544261512765449956e-03
9.203395030166683019e-03
9.067048437127177632e-03
9.067048437127177632e-03
8.726181954528410695e-03
8.317142175409892799e-03
8.998875140607424938e-03
7.908102396291373168e-03
7.737669154991989699e-03
8.351228823669768278e-03
8.044448989330878555e-03
7.226369431093840161e-03
7.737669154991989699e-03
8.044448989330878555e-03
7.567235913692606231e-03
7.737669154991989699e-03
7.294542727613593722e-03
6.646896410675937929e-03
6.953676245014827652e-03
6.987762893274703999e-03
6.953676245014827652e-03
6.340116576337049073e-03
6.510549817636431674e-03
6.169683335037665604e-03
6.476463169376555327e-03
6.203769983297541951e-03
5.760643555919146841e-03
5.692470259399393280e-03
5.487950369840133465e-03
5.590210314619763372e-03
5.419777073320380771e-03
5.215257183761120956e-03
5.078910590721614701e-03
5.487950369840133465e-03
4.942563997682107579e-03
5.044823942461737487e-03
4.908477349422231233e-03
4.908477349422231233e-03
4.806217404642601325e-03
4.635784163343218724e-03
4.976650645941984794e-03
5.078910590721614701e-03
5.215257183761120956e-03
4.601697515083341510e-03
4.806217404642601325e-03
4.363090977264205347e-03
4.772130756382724978e-03
4.772130756382724978e-03
4.329004329004329001e-03
4.294917680744452654e-03
4.772130756382724978e-03
4.635784163343218724e-03
4.397177625524082561e-03
4.431264273783958908e-03
4.056311142925316492e-03
4.090397791185192838e-03
3.851791253366056676e-03
4.056311142925316492e-03
3.851791253366056676e-03
4.022224494665439277e-03
4.192657735964822746e-03
