6.388246946186861008e-02
1.980851766259491675e-03
1.320567844172994450e-03
2.162429844833278422e-02
2.641135688345988899e-03
2.476064707824364441e-02
8.253549026081214227e-03
2.228458237041927928e-02
2.690656982502476202e-02
1.650709805216242845e-02
4.621987454605480661e-02
1.650709805216243062e-04
2.806206668867613097e-03
1.815780785737867260e-03
4.952129415648728536e-03
1.535160118851106037e-02
3.301419610432486124e-04
3.301419610432485691e-02
1.650709805216243062e-04
6.602839220864972249e-04
1.650709805216243062e-04
2.542093100033014294e-02
2.987784747441399671e-02
3.714097061736546662e-02
1.485638824694618648e-03
2.145922746781115872e-03
4.737537140970617122e-02
3.169362826015186679e-02
3.301419610432486124e-04
1.650709805216243062e-04
3.301419610432486124e-04
3.433476394849785396e-02
2.971277649389237295e-03
4.621987454605480661e-02
1.337074942225156826e-02
1.650709805216243062e-04
2.261472433146253028e-02
1.188511059755694918e-02
3.301419610432486124e-04
1.337074942225156826e-02
1.650709805216243062e-04
1.700231099372730148e-02
1.650709805216243062e-04
1.650709805216243062e-04
4.952129415648728536e-03
8.253549026081215311e-04
1.650709805216243062e-04
2.261472433146253028e-02
1.650709805216243062e-04
3.070320237702212074e-02
8.913832948167712752e-03
1.650709805216243062e-04
9.904258831297458373e-04
1.601188511059755543e-02
7.098052162429844408e-03
1.568174314955430790e-02
1.766259491581380001e-02
1.072961373390557936e-02
4.952129415648729186e-04
1.650709805216243062e-04
5.777484318256850826e-03
5.942555298778474590e-03
1.815780785737867260e-03
3.301419610432486124e-04
4.952129415648729186e-04
3.301419610432486124e-04
9.904258831297458373e-04
4.291845493562231745e-03
1.518653020798943487e-02
3.136348629910861493e-03
6.602839220864972249e-04
9.904258831297458373e-04
7.593265103994717435e-03
3.301419610432486124e-04
3.301419610432486124e-04
1.650709805216243062e-04
1.601188511059755543e-02
2.344007923407065083e-02
1.650709805216243062e-04
1.650709805216243062e-04
2.145922746781115872e-03
2.063387256520303817e-02
4.952129415648729186e-04
2.344007923407065083e-02
5.117200396170353167e-03
1.006932981181908257e-02
3.136348629910861493e-03
1.650709805216243062e-04
6.767910201386596013e-03
2.327500825354902533e-02
1.650709805216243062e-04
1.650709805216243062e-04
1.518653020798943487e-02
1.815780785737867260e-03
4.787058435127104772e-03
2.641135688345988899e-03
1.914823374050841909e-02
1.650709805216243062e-04
3.301419610432486124e-04
3.301419610432486124e-04
