2.617930353173623242e-02
2.158557668560138337e-02
2.085700172882192990e-02
1.847369720918745281e-02
1.751049641886885666e-02
1.715238330451963542e-02
1.392936527537663553e-02
1.391701654729562802e-02
1.249691281797974882e-02
1.217584588787354836e-02
1.233637935292664772e-02
1.165719930847122776e-02
1.123734255371696723e-02
9.273894788836750669e-03
9.138058779945666329e-03
9.150407508026673839e-03
8.656458384786366519e-03
8.545319832057298934e-03
8.248950358113113501e-03
8.236601630032105992e-03
8.150160533465053425e-03
8.051370708816991614e-03
7.792047419115831312e-03
7.804396147196838822e-03
7.816744875277847199e-03
7.285749567794517351e-03
7.100518646579402106e-03
6.927636453445295238e-03
7.038775006174363691e-03
6.915287725364287728e-03
6.816497900716225918e-03
6.557174611015065616e-03
6.458384786367003805e-03
6.322548777475920333e-03
6.199061496665843503e-03
6.075574215855766673e-03
5.865645838478636409e-03
6.100271672017782559e-03
5.890343294640652295e-03
5.729809829587552070e-03
5.754507285749567956e-03
5.680414917263522032e-03
5.593973820696468598e-03
5.396394171400345843e-03
5.470486539886391768e-03
5.593973820696468598e-03
5.297604346752284900e-03
5.149419609780193051e-03
5.260558162509261504e-03
4.680167942701901618e-03
4.680167942701901618e-03
4.766609039268955052e-03
4.581378118053840674e-03
4.581378118053840674e-03
4.408495924919732939e-03
4.396147196838725429e-03
4.383798468757717920e-03
4.346752284514695391e-03
4.396147196838725429e-03
4.112126450975549241e-03
4.235613731785626071e-03
4.025685354408495807e-03
4.149172635218572637e-03
4.000987898246480788e-03
4.075080266732526713e-03
3.716967152383304600e-03
3.865151889355396449e-03
3.877500617436403958e-03
3.729315880464312109e-03
3.642874783897258675e-03
3.630526055816250732e-03
3.679920968140281638e-03
3.519387503087181845e-03
3.605828599654235713e-03
3.507038775006174336e-03
3.284761669548036563e-03
3.321807853791059525e-03
3.309459125710052015e-03
3.210669301061990638e-03
3.321807853791059525e-03
3.025438379846875827e-03
3.210669301061990638e-03
2.926648555198814450e-03
2.926648555198814450e-03
2.852556186712768525e-03
3.000740923684860374e-03
2.951346011360829902e-03
2.914299827117806940e-03
2.877253642874783978e-03
2.753766362064707148e-03
2.852556186712768525e-03
2.790812546307730110e-03
2.852556186712768525e-03
2.741417633983699639e-03
2.815510002469745563e-03
2.704371449740676676e-03
2.803161274388738054e-03
2.741417633983699639e-03
2.654976537416646205e-03
2.692022721659669167e-03
2.568535440849592337e-03
2.642627809335638261e-03
2.482094344282538903e-03
2.519140528525561865e-03
2.519140528525561865e-03
2.469745616201531394e-03
2.383304519634477526e-03
2.259817238824401130e-03
2.358607063472462507e-03
2.445048160039515941e-03
2.358607063472462507e-03
2.383304519634477526e-03
2.333909607310447054e-03
2.161027414176339752e-03
2.136329958014324733e-03
2.111632501852309281e-03
2.173376142257347696e-03
2.037540133366263356e-03
2.099283773771301771e-03
2.012842677204247904e-03
2.049888861447270866e-03
2.037540133366263356e-03
2.012842677204247904e-03
1.963447764880217432e-03
1.988145221042232451e-03
1.914052852556186743e-03
1.975796492961224941e-03
1.914052852556186743e-03
2.037540133366263356e-03
1.951099036799209705e-03
1.790565571746110130e-03
2.062237589528278375e-03
1.914052852556186743e-03
1.864657940232156055e-03
1.839960484070140819e-03
1.839960484070140819e-03
1.790565571746110130e-03
1.765868115584094894e-03
1.753519387503087168e-03
1.679427019017041244e-03
1.728821931341071932e-03
1.679427019017041244e-03
1.691775747098048970e-03
1.654729562855026008e-03
1.617683378612003045e-03
1.667078290936033517e-03
1.543591010125957121e-03
1.580637194368980083e-03
1.531242282044949395e-03
1.617683378612003045e-03
1.630032106693010555e-03
1.630032106693010555e-03
1.494196097801926432e-03
1.592985922449987593e-03
1.531242282044949395e-03
1.494196097801926432e-03
1.457149913558903470e-03
1.494196097801926432e-03
1.481847369720918706e-03
1.555939738206964630e-03
1.494196097801926432e-03
1.506544825882934159e-03
1.444801185477895744e-03
1.432452457396888017e-03
1.432452457396888017e-03
1.407755001234872782e-03
1.457149913558903470e-03
1.333662632748826857e-03
1.383057545072857546e-03
1.346011360829834583e-03
1.234872808100765697e-03
1.370708816991849819e-03
1.234872808100765697e-03
1.358360088910842093e-03
1.333662632748826857e-03
1.321313904667819131e-03
1.296616448505803895e-03
1.346011360829834583e-03
1.284267720424796169e-03
1.247221536181773206e-03
1.321313904667819131e-03
1.222524080019757970e-03
1.259570264262780933e-03
1.247221536181773206e-03
1.210175351938750244e-03
1.210175351938750244e-03
1.234872808100765697e-03
1.210175351938750244e-03
1.247221536181773206e-03
1.148431711533712046e-03
1.173129167695727282e-03
1.136082983452704320e-03
1.099036799209681357e-03
1.173129167695727282e-03
1.160780439614719772e-03
1.210175351938750244e-03
1.123734255371696810e-03
1.037293158804643159e-03
1.173129167695727282e-03
1.099036799209681357e-03
1.061990614966658395e-03
1.136082983452704320e-03
1.086688071128673848e-03
1.086688071128673848e-03
1.049641886885650886e-03
1.123734255371696810e-03
1.123734255371696810e-03
1.037293158804643159e-03
1.061990614966658395e-03
1.024944430723635433e-03
1.049641886885650886e-03
9.878982464806124707e-04
9.878982464806124707e-04
1.037293158804643159e-03
9.878982464806124707e-04
1.049641886885650886e-03
9.878982464806124707e-04
1.000246974561620197e-03
1.000246974561620197e-03
9.632007903185972348e-04
9.632007903185972348e-04
9.755495183996048527e-04
1.012595702642627707e-03
9.755495183996048527e-04
1.000246974561620197e-03
9.508520622375895084e-04
9.632007903185972348e-04
9.385033341565818905e-04
9.014571499135589283e-04
9.508520622375895084e-04
9.138058779945665462e-04
8.520622375895282397e-04
9.138058779945665462e-04
8.767596937515435840e-04
9.014571499135589283e-04
8.891084218325512019e-04
8.273647814275130038e-04
9.261546060755741641e-04
8.644109656705359660e-04
7.779698691034823152e-04
7.656211410224746973e-04
7.903185971844900416e-04
7.038775006174363908e-04
8.273647814275130038e-04
7.903185971844900416e-04
7.903185971844900416e-04
7.779698691034823152e-04
7.903185971844900416e-04
7.532724129414670794e-04
7.532724129414670794e-04
7.285749567794517351e-04
7.409236848604593530e-04
7.038775006174363908e-04
7.532724129414670794e-04
7.285749567794517351e-04
7.656211410224746973e-04
7.779698691034823152e-04
7.285749567794517351e-04
6.791800444554210465e-04
6.791800444554210465e-04
7.532724129414670794e-04
7.532724129414670794e-04
6.915287725364287728e-04
6.668313163744134285e-04
7.162262286984440087e-04
6.791800444554210465e-04
7.038775006174363908e-04
7.038775006174363908e-04
6.668313163744134285e-04
6.791800444554210465e-04
6.297851321313904663e-04
6.915287725364287728e-04
6.050876759693751220e-04
6.050876759693751220e-04
6.791800444554210465e-04
6.544825882934058106e-04
6.668313163744134285e-04
6.544825882934058106e-04
6.297851321313904663e-04
6.544825882934058106e-04
5.927389478883675041e-04
5.927389478883675041e-04
6.050876759693751220e-04
6.421338602123980843e-04
5.803902198073598862e-04
5.803902198073598862e-04
6.050876759693751220e-04
5.927389478883675041e-04
5.186465794023215796e-04
5.680414917263521598e-04
5.927389478883675041e-04
5.803902198073598862e-04
5.680414917263521598e-04
5.927389478883675041e-04
5.680414917263521598e-04
5.186465794023215796e-04
5.433440355643369239e-04
5.803902198073598862e-04
5.803902198073598862e-04
5.803902198073598862e-04
5.803902198073598862e-04
5.803902198073598862e-04
5.803902198073598862e-04
5.309953074833291976e-04
5.556927636453445419e-04
5.680414917263521598e-04
5.433440355643369239e-04
5.433440355643369239e-04
4.569029389972832731e-04
5.309953074833291976e-04
5.062978513213138533e-04
5.062978513213138533e-04
5.309953074833291976e-04
5.186465794023215796e-04
5.433440355643369239e-04
4.692516670782909453e-04
4.939491232403062353e-04
4.816003951592986174e-04
5.062978513213138533e-04
4.939491232403062353e-04
5.309953074833291976e-04
5.186465794023215796e-04
4.816003951592986174e-04
5.062978513213138533e-04
4.445542109162756010e-04
5.309953074833291976e-04
5.062978513213138533e-04
5.062978513213138533e-04
4.939491232403062353e-04
4.816003951592986174e-04
4.816003951592986174e-04
4.322054828352679830e-04
4.939491232403062353e-04
4.445542109162756010e-04
4.816003951592986174e-04
4.816003951592986174e-04
4.816003951592986174e-04
4.569029389972832731e-04
4.322054828352679830e-04
4.569029389972832731e-04
4.692516670782909453e-04
4.692516670782909453e-04
4.692516670782909453e-04
4.692516670782909453e-04
4.445542109162756010e-04
4.816003951592986174e-04
4.445542109162756010e-04
4.322054828352679830e-04
4.692516670782909453e-04
4.445542109162756010e-04
4.569029389972832731e-04
4.445542109162756010e-04
4.569029389972832731e-04
4.569029389972832731e-04
4.569029389972832731e-04
4.445542109162756010e-04
4.198567547542603109e-04
4.692516670782909453e-04
3.951592985922450208e-04
3.951592985922450208e-04
4.322054828352679830e-04
3.951592985922450208e-04
4.075080266732526387e-04
4.445542109162756010e-04
3.457643862682143864e-04
4.322054828352679830e-04
4.198567547542603109e-04
4.198567547542603109e-04
4.198567547542603109e-04
3.210669301061990421e-04
3.951592985922450208e-04
3.334156581872067143e-04
3.581131143492220044e-04
3.828105705112373486e-04
4.075080266732526387e-04
3.828105705112373486e-04
3.828105705112373486e-04
3.951592985922450208e-04
4.075080266732526387e-04
4.075080266732526387e-04
3.581131143492220044e-04
4.075080266732526387e-04
4.075080266732526387e-04
3.704618424302296765e-04
4.075080266732526387e-04
4.322054828352679830e-04
3.581131143492220044e-04
3.828105705112373486e-04
3.951592985922450208e-04
3.087182020251914242e-04
3.704618424302296765e-04
3.828105705112373486e-04
3.334156581872067143e-04
3.704618424302296765e-04
3.951592985922450208e-04
3.828105705112373486e-04
4.075080266732526387e-04
3.828105705112373486e-04
3.581131143492220044e-04
3.457643862682143864e-04
3.334156581872067143e-04
3.704618424302296765e-04
3.704618424302296765e-04
3.581131143492220044e-04
3.581131143492220044e-04
3.704618424302296765e-04
3.334156581872067143e-04
3.334156581872067143e-04
3.828105705112373486e-04
3.457643862682143864e-04
3.704618424302296765e-04
3.210669301061990421e-04
3.334156581872067143e-04
3.210669301061990421e-04
3.457643862682143864e-04
3.581131143492220044e-04
3.210669301061990421e-04
3.087182020251914242e-04
3.210669301061990421e-04
3.334156581872067143e-04
3.210669301061990421e-04
3.210669301061990421e-04
3.210669301061990421e-04
3.210669301061990421e-04
2.840207458631760799e-04
3.334156581872067143e-04
3.210669301061990421e-04
2.840207458631760799e-04
3.457643862682143864e-04
3.087182020251914242e-04
3.457643862682143864e-04
2.963694739441837520e-04
3.334156581872067143e-04
2.963694739441837520e-04
3.334156581872067143e-04
3.210669301061990421e-04
3.210669301061990421e-04
2.963694739441837520e-04
2.840207458631760799e-04
2.840207458631760799e-04
3.210669301061990421e-04
2.963694739441837520e-04
2.963694739441837520e-04
2.963694739441837520e-04
3.087182020251914242e-04
3.210669301061990421e-04
2.840207458631760799e-04
2.963694739441837520e-04
3.210669301061990421e-04
2.963694739441837520e-04
2.840207458631760799e-04
2.840207458631760799e-04
2.716720177821684620e-04
2.716720177821684620e-04
2.840207458631760799e-04
2.840207458631760799e-04
2.716720177821684620e-04
2.716720177821684620e-04
2.593232897011607898e-04
2.716720177821684620e-04
2.963694739441837520e-04
2.716720177821684620e-04
2.716720177821684620e-04
2.222771054581378005e-04
2.716720177821684620e-04
2.840207458631760799e-04
2.346258335391454726e-04
2.840207458631760799e-04
2.716720177821684620e-04
2.593232897011607898e-04
2.716720177821684620e-04
2.716720177821684620e-04
2.593232897011607898e-04
2.469745616201531177e-04
2.716720177821684620e-04
2.716720177821684620e-04
2.716720177821684620e-04
2.716720177821684620e-04
2.593232897011607898e-04
2.593232897011607898e-04
2.716720177821684620e-04
2.346258335391454726e-04
2.716720177821684620e-04
2.222771054581378005e-04
2.222771054581378005e-04
2.346258335391454726e-04
2.222771054581378005e-04
2.346258335391454726e-04
2.346258335391454726e-04
2.222771054581378005e-04
2.469745616201531177e-04
2.222771054581378005e-04
2.469745616201531177e-04
2.593232897011607898e-04
2.346258335391454726e-04
2.222771054581378005e-04
2.346258335391454726e-04
2.346258335391454726e-04
2.099283773771301554e-04
2.469745616201531177e-04
2.346258335391454726e-04
2.222771054581378005e-04
2.346258335391454726e-04
2.346258335391454726e-04
1.852309212151148383e-04
1.605334650530995211e-04
2.222771054581378005e-04
2.346258335391454726e-04
2.099283773771301554e-04
2.099283773771301554e-04
1.975796492961225104e-04
2.099283773771301554e-04
2.099283773771301554e-04
2.099283773771301554e-04
2.222771054581378005e-04
1.852309212151148383e-04
1.852309212151148383e-04
1.481847369720918760e-04
2.099283773771301554e-04
1.852309212151148383e-04
1.975796492961225104e-04
2.222771054581378005e-04
1.975796492961225104e-04
1.975796492961225104e-04
1.728821931341071932e-04
2.222771054581378005e-04
2.099283773771301554e-04
1.975796492961225104e-04
1.852309212151148383e-04
2.099283773771301554e-04
2.099283773771301554e-04
1.852309212151148383e-04
1.975796492961225104e-04
1.852309212151148383e-04
1.975796492961225104e-04
1.975796492961225104e-04
2.099283773771301554e-04
1.728821931341071932e-04
1.728821931341071932e-04
1.852309212151148383e-04
1.975796492961225104e-04
1.852309212151148383e-04
1.852309212151148383e-04
1.728821931341071932e-04
1.852309212151148383e-04
1.605334650530995211e-04
1.975796492961225104e-04
1.481847369720918760e-04
1.605334650530995211e-04
1.605334650530995211e-04
1.605334650530995211e-04
1.852309212151148383e-04
1.975796492961225104e-04
1.852309212151148383e-04
1.605334650530995211e-04
1.728821931341071932e-04
1.481847369720918760e-04
1.728821931341071932e-04
1.728821931341071932e-04
1.852309212151148383e-04
1.852309212151148383e-04
1.728821931341071932e-04
1.728821931341071932e-04
1.605334650530995211e-04
1.852309212151148383e-04
1.605334650530995211e-04
1.728821931341071932e-04
1.728821931341071932e-04
1.852309212151148383e-04
1.852309212151148383e-04
1.728821931341071932e-04
1.605334650530995211e-04
1.728821931341071932e-04
1.605334650530995211e-04
1.852309212151148383e-04
1.852309212151148383e-04
1.728821931341071932e-04
1.481847369720918760e-04
1.852309212151148383e-04
1.605334650530995211e-04
1.481847369720918760e-04
1.605334650530995211e-04
1.728821931341071932e-04
1.605334650530995211e-04
1.605334650530995211e-04
1.728821931341071932e-04
1.728821931341071932e-04
1.605334650530995211e-04
1.728821931341071932e-04
1.605334650530995211e-04
1.481847369720918760e-04
1.728821931341071932e-04
1.605334650530995211e-04
1.605334650530995211e-04
1.481847369720918760e-04
1.481847369720918760e-04
1.481847369720918760e-04
1.605334650530995211e-04
1.605334650530995211e-04
1.605334650530995211e-04
1.728821931341071932e-04
1.605334650530995211e-04
1.481847369720918760e-04
1.481847369720918760e-04
1.358360088910842310e-04
1.111385527290689002e-04
1.234872808100765588e-04
1.358360088910842310e-04
1.358360088910842310e-04
1.605334650530995211e-04
1.481847369720918760e-04
1.481847369720918760e-04
1.234872808100765588e-04
1.234872808100765588e-04
1.234872808100765588e-04
1.234872808100765588e-04
1.358360088910842310e-04
1.358360088910842310e-04
1.481847369720918760e-04
1.234872808100765588e-04
1.111385527290689002e-04
1.234872808100765588e-04
1.358360088910842310e-04
1.358360088910842310e-04
9.878982464806125520e-05
1.358360088910842310e-04
1.234872808100765588e-04
1.358360088910842310e-04
1.481847369720918760e-04
1.358360088910842310e-04
1.481847369720918760e-04
1.234872808100765588e-04
1.481847369720918760e-04
1.111385527290689002e-04
1.358360088910842310e-04
9.878982464806125520e-05
1.234872808100765588e-04
9.878982464806125520e-05
9.878982464806125520e-05
9.878982464806125520e-05
1.358360088910842310e-04
1.234872808100765588e-04
1.111385527290689002e-04
1.234872808100765588e-04
1.111385527290689002e-04
1.234872808100765588e-04
1.111385527290689002e-04
1.358360088910842310e-04
1.234872808100765588e-04
1.358360088910842310e-04
9.878982464806125520e-05
1.234872808100765588e-04
8.644109656705359660e-05
1.234872808100765588e-04
1.234872808100765588e-04
9.878982464806125520e-05
8.644109656705359660e-05
9.878982464806125520e-05
9.878982464806125520e-05
9.878982464806125520e-05
9.878982464806125520e-05
1.234872808100765588e-04
1.111385527290689002e-04
1.234872808100765588e-04
1.234872808100765588e-04
8.644109656705359660e-05
1.234872808100765588e-04
9.878982464806125520e-05
9.878982464806125520e-05
1.234872808100765588e-04
1.234872808100765588e-04
1.111385527290689002e-04
1.111385527290689002e-04
1.234872808100765588e-04
1.234872808100765588e-04
1.111385527290689002e-04
1.234872808100765588e-04
1.234872808100765588e-04
1.234872808100765588e-04
1.234872808100765588e-04
1.234872808100765588e-04
1.111385527290689002e-04
1.111385527290689002e-04
1.111385527290689002e-04
1.111385527290689002e-04
8.644109656705359660e-05
8.644109656705359660e-05
9.878982464806125520e-05
1.111385527290689002e-04
1.111385527290689002e-04
9.878982464806125520e-05
8.644109656705359660e-05
1.111385527290689002e-04
9.878982464806125520e-05
9.878982464806125520e-05
9.878982464806125520e-05
9.878982464806125520e-05
9.878982464806125520e-05
9.878982464806125520e-05
9.878982464806125520e-05
9.878982464806125520e-05
8.644109656705359660e-05
8.644109656705359660e-05
8.644109656705359660e-05
8.644109656705359660e-05
8.644109656705359660e-05
7.409236848604593801e-05
8.644109656705359660e-05
7.409236848604593801e-05
9.878982464806125520e-05
8.644109656705359660e-05
8.644109656705359660e-05
6.174364040503827942e-05
9.878982464806125520e-05
9.878982464806125520e-05
8.644109656705359660e-05
8.644109656705359660e-05
9.878982464806125520e-05
8.644109656705359660e-05
9.878982464806125520e-05
8.644109656705359660e-05
8.644109656705359660e-05
9.878982464806125520e-05
7.409236848604593801e-05
9.878982464806125520e-05
8.644109656705359660e-05
8.644109656705359660e-05
8.644109656705359660e-05
9.878982464806125520e-05
9.878982464806125520e-05
9.878982464806125520e-05
4.939491232403062760e-05
8.644109656705359660e-05
8.644109656705359660e-05
8.644109656705359660e-05
8.644109656705359660e-05
9.878982464806125520e-05
8.644109656705359660e-05
9.878982464806125520e-05
8.644109656705359660e-05
9.878982464806125520e-05
8.644109656705359660e-05
9.878982464806125520e-05
6.174364040503827942e-05
8.644109656705359660e-05
8.644109656705359660e-05
4.939491232403062760e-05
8.644109656705359660e-05
6.174364040503827942e-05
8.644109656705359660e-05
6.174364040503827942e-05
6.174364040503827942e-05
7.409236848604593801e-05
8.644109656705359660e-05
8.644109656705359660e-05
8.644109656705359660e-05
8.644109656705359660e-05
7.409236848604593801e-05
7.409236848604593801e-05
6.174364040503827942e-05
7.409236848604593801e-05
6.174364040503827942e-05
4.939491232403062760e-05
7.409236848604593801e-05
7.409236848604593801e-05
7.409236848604593801e-05
7.409236848604593801e-05
6.174364040503827942e-05
6.174364040503827942e-05
4.939491232403062760e-05
6.174364040503827942e-05
7.409236848604593801e-05
4.939491232403062760e-05
7.409236848604593801e-05
7.409236848604593801e-05
4.939491232403062760e-05
4.939491232403062760e-05
7.409236848604593801e-05
6.174364040503827942e-05
7.409236848604593801e-05
6.174364040503827942e-05
7.409236848604593801e-05
6.174364040503827942e-05
7.409236848604593801e-05
6.174364040503827942e-05
4.939491232403062760e-05
6.174364040503827942e-05
4.939491232403062760e-05
3.704618424302296901e-05
4.939491232403062760e-05
6.174364040503827942e-05
4.939491232403062760e-05
6.174364040503827942e-05
7.409236848604593801e-05
7.409236848604593801e-05
6.174364040503827942e-05
2.469745616201531380e-05
6.174364040503827942e-05
6.174364040503827942e-05
7.409236848604593801e-05
6.174364040503827942e-05
7.409236848604593801e-05
7.409236848604593801e-05
7.409236848604593801e-05
6.174364040503827942e-05
4.939491232403062760e-05
6.174364040503827942e-05
7.409236848604593801e-05
7.409236848604593801e-05
4.939491232403062760e-05
6.174364040503827942e-05
6.174364040503827942e-05
7.409236848604593801e-05
7.409236848604593801e-05
7.409236848604593801e-05
6.174364040503827942e-05
4.939491232403062760e-05
3.704618424302296901e-05
4.939491232403062760e-05
7.409236848604593801e-05
4.939491232403062760e-05
6.174364040503827942e-05
4.939491232403062760e-05
4.939491232403062760e-05
6.174364040503827942e-05
4.939491232403062760e-05
4.939491232403062760e-05
4.939491232403062760e-05
4.939491232403062760e-05
6.174364040503827942e-05
4.939491232403062760e-05
4.939491232403062760e-05
4.939491232403062760e-05
6.174364040503827942e-05
6.174364040503827942e-05
6.174364040503827942e-05
6.174364040503827942e-05
6.174364040503827942e-05
6.174364040503827942e-05
3.704618424302296901e-05
6.174364040503827942e-05
6.174364040503827942e-05
3.704618424302296901e-05
3.704618424302296901e-05
4.939491232403062760e-05
4.939491232403062760e-05
4.939491232403062760e-05
6.174364040503827942e-05
6.174364040503827942e-05
6.174364040503827942e-05
4.939491232403062760e-05
4.939491232403062760e-05
6.174364040503827942e-05
6.174364040503827942e-05
6.174364040503827942e-05
4.939491232403062760e-05
4.939491232403062760e-05
6.174364040503827942e-05
4.939491232403062760e-05
3.704618424302296901e-05
4.939491232403062760e-05
3.704618424302296901e-05
4.939491232403062760e-05
4.939491232403062760e-05
4.939491232403062760e-05
4.939491232403062760e-05
4.939491232403062760e-05
4.939491232403062760e-05
4.939491232403062760e-05
4.939491232403062760e-05
4.939491232403062760e-05
3.704618424302296901e-05
4.939491232403062760e-05
4.939491232403062760e-05
4.939491232403062760e-05
3.704618424302296901e-05
3.704618424302296901e-05
4.939491232403062760e-05
4.939491232403062760e-05
3.704618424302296901e-05
4.939491232403062760e-05
3.704618424302296901e-05
4.939491232403062760e-05
2.469745616201531380e-05
3.704618424302296901e-05
4.939491232403062760e-05
4.939491232403062760e-05
3.704618424302296901e-05
4.939491232403062760e-05
4.939491232403062760e-05
4.939491232403062760e-05
4.939491232403062760e-05
4.939491232403062760e-05
4.939491232403062760e-05
3.704618424302296901e-05
3.704618424302296901e-05
3.704618424302296901e-05
4.939491232403062760e-05
4.939491232403062760e-05
3.704618424302296901e-05
