1.524149892258369653e-03
1.219319913806695722e-02
1.229831292373994786e-02
2.806538077468859887e-02
6.884952961580911857e-02
5.765491144163557152e-02
5.613076154937719775e-02
7.883533925474325941e-04
2.785515320334261847e-03
3.678982498554685295e-04
5.255689283649550808e-05
1.030115099595311882e-02
1.103694749566405588e-03
3.920744205602564453e-02
1.424291795869028245e-02
1.471592999421874118e-03
2.675145845377621331e-02
1.592473852945813784e-02
5.255689283649550808e-05
5.255689283649550808e-05
2.470173963315288636e-03
1.266621117359541769e-02
4.730120355284595456e-04
1.576706785094865242e-04
2.102275713459820106e-03
1.040626478162610946e-02
6.884952961580910989e-03
5.255689283649550808e-05
3.153413570189730485e-04
5.255689283649550266e-04
5.308246176486046235e-03
5.255689283649550266e-04
5.255689283649550808e-05
5.360803069322541553e-03
5.781258212014505618e-04
1.051137856729910183e-02
5.255689283649550808e-05
5.255689283649550808e-05
2.459662584747989572e-02
5.255689283649550808e-05
6.832396068744416321e-04
1.051137856729910162e-04
4.835234140957586635e-03
5.255689283649550808e-05
5.255689283649550808e-05
2.275713459820255524e-02
9.197456246386712803e-03
2.785515320334261847e-03
5.098018605140064094e-03
5.255689283649550808e-05
3.153413570189730485e-04
5.571030640668523694e-03
5.255689283649550808e-05
5.255689283649550808e-05
4.414778998265622353e-03
5.255689283649550808e-05
1.476848688705523736e-02
5.255689283649550808e-05
5.255689283649550808e-05
2.785515320334261847e-03
8.514216639512272797e-03
1.024859410311662437e-02
5.255689283649550808e-05
3.153413570189730485e-04
1.361223524465233689e-02
1.061649235297209247e-02
5.255689283649550808e-05
1.471592999421874118e-03
1.524149892258369653e-03
1.256109738792242532e-02
5.255689283649550808e-05
5.255689283649550808e-05
5.255689283649550808e-05
7.200294318599884634e-03
1.156251642402901124e-03
8.724444210858254070e-03
5.255689283649550808e-05
5.255689283649550808e-05
9.302570032059705174e-03
1.051137856729910162e-04
5.413359962159036871e-03
2.890629106007252917e-03
1.292899563777789515e-02
4.467335891102117672e-03
5.255689283649550808e-05
5.255689283649550266e-04
5.255689283649550808e-05
7.463078782782362093e-03
6.832396068744416321e-04
5.255689283649550808e-05
5.255689283649550808e-05
1.219319913806695722e-02
1.187785778104798358e-02
3.153413570189730485e-04
8.251432175329795338e-03
5.255689283649550808e-05
7.463078782782362093e-03
5.255689283649550808e-05
5.255689283649550808e-05
5.255689283649550808e-05
2.627844641824775133e-04
1.681820570767856259e-03
5.255689283649550808e-05
5.255689283649550808e-05
6.674725390234929716e-03
5.255689283649550808e-05
1.734377463604351794e-03
5.255689283649550808e-05
5.255689283649550808e-05
1.009092342460713755e-02
5.255689283649550808e-05
3.573868712881694224e-03
3.573868712881694224e-03
5.255689283649550808e-05
5.255689283649550808e-05
4.782677248121091317e-03
2.417617070478793317e-03
5.255689283649550808e-05
5.255689283649550808e-05
5.255689283649550808e-05
5.255689283649550808e-05
4.730120355284595456e-04
5.255689283649550808e-05
8.514216639512272797e-03
5.255689283649550808e-05
8.461659746675776611e-03
2.207389499132811177e-03
8.461659746675776611e-03
8.409102853839280425e-03
5.255689283649550808e-05
5.255689283649550808e-05
5.255689283649550808e-05
1.944605034950333718e-03
1.997161927786829036e-03
5.255689283649550808e-05
3.153413570189730485e-04
5.255689283649550808e-05
5.255689283649550808e-05
5.255689283649550808e-05
5.255689283649550808e-05
6.832396068744416321e-04
5.255689283649550808e-05
5.255689283649550808e-05
5.886371997687496471e-03
5.255689283649550808e-05
5.255689283649550808e-05
5.255689283649550808e-05
5.255689283649550808e-05
5.255689283649550808e-05
5.255689283649550808e-05
5.255689283649550808e-05
5.255689283649550808e-05
5.255689283649550808e-05
5.255689283649550808e-05
5.255689283649550808e-05
6.306827140379460753e-03
5.255689283649550808e-05
5.255689283649550808e-05
2.890629106007252917e-03
5.255689283649550808e-05
5.255689283649550808e-05
4.467335891102117672e-03
5.255689283649550808e-05
6.096599569033478612e-03
6.149156461869973930e-03
1.734377463604351794e-03
5.991485783360487975e-03
2.943185998843748236e-03
5.255689283649550808e-05
5.255689283649550808e-05
3.941766962737162754e-03
4.204551426919640213e-03
1.576706785094865242e-04
5.255689283649550808e-05
8.934671782204235560e-04
5.255689283649550808e-05
2.838072213170757165e-03
4.572449676775109176e-03
5.255689283649550808e-05
5.255689283649550808e-05
5.255689283649550808e-05
5.255689283649550808e-05
5.255689283649550808e-05
5.255689283649550808e-05
5.255689283649550808e-05
1.208808535239396659e-03
5.255689283649550808e-05
5.255689283649550808e-05
5.255689283649550808e-05
5.255689283649550808e-05
5.255689283649550808e-05
1.839491249277342647e-03
5.255689283649550808e-05
5.255689283649550808e-05
5.255689283649550808e-05
5.255689283649550808e-05
5.255689283649550808e-05
5.255689283649550808e-05
5.255689283649550808e-05
4.467335891102117672e-03
1.051137856729910053e-03
2.838072213170757165e-03
2.627844641824775133e-04
1.576706785094865188e-03
5.255689283649550808e-05
1.786934356440847112e-03
5.255689283649550808e-05
3.153413570189730485e-04
4.414778998265622353e-03
4.204551426919640646e-04
2.627844641824775133e-04
3.153413570189730376e-03
5.255689283649550808e-05
5.255689283649550808e-05
5.255689283649550808e-05
2.575287748988279706e-03
5.255689283649550808e-05
5.255689283649550808e-05
2.627844641824775133e-04
4.257108319756136398e-03
2.627844641824775133e-04
5.255689283649550808e-05
5.255689283649550808e-05
5.255689283649550808e-05
2.575287748988279706e-03
5.255689283649550808e-05
5.255689283649550808e-05
5.255689283649550808e-05
3.784096284227676365e-03
5.255689283649550808e-05
2.627844641824775133e-04
5.255689283649550808e-05
3.153413570189730485e-04
5.255689283649550808e-05
5.255689283649550808e-05
5.255689283649550808e-05
1.051137856729910053e-03
5.255689283649550808e-05
5.255689283649550808e-05
1.681820570767856259e-03
5.255689283649550808e-05
5.255689283649550808e-05
5.255689283649550808e-05
1.471592999421874118e-03
5.255689283649550808e-05
3.258527355862721447e-03
4.730120355284595456e-04
3.258527355862721447e-03
5.255689283649550808e-05
5.255689283649550808e-05
5.255689283649550808e-05
4.730120355284595456e-04
5.255689283649550808e-05
5.255689283649550808e-05
5.255689283649550808e-05
5.255689283649550808e-05
5.255689283649550808e-05
5.255689283649550808e-05
1.576706785094865242e-04
5.255689283649550808e-05
5.255689283649550808e-05
2.995742891680243988e-03
5.255689283649550808e-05
5.255689283649550808e-05
5.255689283649550808e-05
5.255689283649550808e-05
5.255689283649550808e-05
4.730120355284595456e-04
2.627844641824775133e-04
5.255689283649550808e-05
5.255689283649550808e-05
2.838072213170757165e-03
5.255689283649550808e-05
2.575287748988279706e-03
2.838072213170757165e-03
5.255689283649550808e-05
5.255689283649550808e-05
5.255689283649550808e-05
5.255689283649550808e-05
5.255689283649550808e-05
5.255689283649550808e-05
5.255689283649550808e-05
5.255689283649550808e-05
6.832396068744416321e-04
5.255689283649550808e-05
5.255689283649550808e-05
5.255689283649550808e-05
1.629263677931360723e-03
5.255689283649550808e-05
5.255689283649550808e-05
5.255689283649550808e-05
5.255689283649550808e-05
5.255689283649550808e-05
1.944605034950333718e-03
5.255689283649550808e-05
5.255689283649550808e-05
5.255689283649550808e-05
2.470173963315288636e-03
2.470173963315288636e-03
2.049718820623324788e-03
2.365060177642297999e-03
2.365060177642297999e-03
5.255689283649550808e-05
5.255689283649550808e-05
3.153413570189730485e-04
2.312503284805802247e-03
5.255689283649550808e-05
2.207389499132811177e-03
5.255689283649550808e-05
1.786934356440847112e-03
3.153413570189730485e-04
5.255689283649550808e-05
5.255689283649550808e-05
5.255689283649550808e-05
5.255689283649550808e-05
1.944605034950333718e-03
5.255689283649550808e-05
1.786934356440847112e-03
2.102275713459820323e-04
1.629263677931360723e-03
2.627844641824775133e-04
5.255689283649550808e-05
1.734377463604351794e-03
1.681820570767856259e-03
5.255689283649550808e-05
2.627844641824775133e-04
8.409102853839281293e-04
8.409102853839281293e-04
5.255689283649550808e-05
5.255689283649550808e-05
2.049718820623324788e-03
1.681820570767856259e-03
1.839491249277342647e-03
5.255689283649550808e-05
5.255689283649550808e-05
5.255689283649550808e-05
5.255689283649550808e-05
5.255689283649550808e-05
5.255689283649550808e-05
5.255689283649550808e-05
5.255689283649550808e-05
5.255689283649550808e-05
5.255689283649550808e-05
1.629263677931360723e-03
2.049718820623324788e-03
1.471592999421874118e-03
5.255689283649550808e-05
5.255689283649550808e-05
5.255689283649550808e-05
5.255689283649550808e-05
5.255689283649550808e-05
2.627844641824775133e-04
1.576706785094865242e-04
1.997161927786829036e-03
5.255689283649550808e-05
5.255689283649550808e-05
1.997161927786829036e-03
5.255689283649550808e-05
5.255689283649550808e-05
1.576706785094865188e-03
5.255689283649550808e-05
5.255689283649550808e-05
5.255689283649550808e-05
5.255689283649550808e-05
5.255689283649550808e-05
2.627844641824775133e-04
1.786934356440847112e-03
1.681820570767856259e-03
5.255689283649550266e-04
5.255689283649550808e-05
1.576706785094865188e-03
5.255689283649550808e-05
5.255689283649550808e-05
5.255689283649550808e-05
1.786934356440847112e-03
5.255689283649550808e-05
5.255689283649550808e-05
5.255689283649550808e-05
1.681820570767856259e-03
1.786934356440847112e-03
1.681820570767856259e-03
1.839491249277342647e-03
5.255689283649550808e-05
1.681820570767856259e-03
5.255689283649550808e-05
1.786934356440847112e-03
1.681820570767856259e-03
5.255689283649550808e-05
5.255689283649550808e-05
5.255689283649550808e-05
5.255689283649550808e-05
5.255689283649550808e-05
5.255689283649550808e-05
5.255689283649550808e-05
5.255689283649550808e-05
5.255689283649550808e-05
5.255689283649550808e-05
5.255689283649550808e-05
5.255689283649550808e-05
1.629263677931360723e-03
1.471592999421874118e-03
5.255689283649550808e-05
5.255689283649550808e-05
5.255689283649550808e-05
5.255689283649550808e-05
5.255689283649550808e-05
1.471592999421874118e-03
5.255689283649550808e-05
5.255689283649550808e-05
5.255689283649550808e-05
5.255689283649550808e-05
5.255689283649550808e-05
5.255689283649550808e-05
5.255689283649550808e-05
5.255689283649550808e-05
1.419036106585378583e-03
5.255689283649550808e-05
1.208808535239396659e-03
5.255689283649550808e-05
1.366479213748883264e-03
5.255689283649550808e-05
5.255689283649550808e-05
6.306827140379460970e-04
5.255689283649550808e-05
5.255689283649550808e-05
5.255689283649550808e-05
5.255689283649550808e-05
5.255689283649550808e-05
5.255689283649550808e-05
2.627844641824775133e-04
8.409102853839281293e-04
1.156251642402901124e-03
5.255689283649550808e-05
5.255689283649550808e-05
5.255689283649550808e-05
5.255689283649550808e-05
5.255689283649550808e-05
5.255689283649550808e-05
5.255689283649550808e-05
5.781258212014505618e-04
5.255689283649550808e-05
5.255689283649550808e-05
5.255689283649550808e-05
5.255689283649550808e-05
5.255689283649550808e-05
5.255689283649550808e-05
5.255689283649550808e-05
5.255689283649550808e-05
5.255689283649550808e-05
1.103694749566405588e-03
6.306827140379460970e-04
1.103694749566405588e-03
3.153413570189730485e-04
1.208808535239396659e-03
5.255689283649550808e-05
5.255689283649550808e-05
1.208808535239396659e-03
1.313922320912387729e-03
5.255689283649550808e-05
5.255689283649550808e-05
5.255689283649550808e-05
5.255689283649550808e-05
8.409102853839281293e-04
5.255689283649550808e-05
5.255689283649550808e-05
5.255689283649550808e-05
5.255689283649550808e-05
5.255689283649550808e-05
1.103694749566405588e-03
5.255689283649550808e-05
5.255689283649550808e-05
1.208808535239396659e-03
5.255689283649550808e-05
1.208808535239396659e-03
5.255689283649550808e-05
1.208808535239396659e-03
5.255689283649550808e-05
2.627844641824775133e-04
5.255689283649550808e-05
5.255689283649550808e-05
2.627844641824775133e-04
5.255689283649550808e-05
5.255689283649550808e-05
5.255689283649550808e-05
5.255689283649550808e-05
5.255689283649550808e-05
5.255689283649550808e-05
5.255689283649550808e-05
5.255689283649550808e-05
5.255689283649550808e-05
5.255689283649550808e-05
1.103694749566405588e-03
5.255689283649550808e-05
6.832396068744416321e-04
5.255689283649550808e-05
1.051137856729910053e-03
5.255689283649550808e-05
5.255689283649550808e-05
5.255689283649550808e-05
5.255689283649550808e-05
5.255689283649550808e-05
5.781258212014505618e-04
9.460240710569190912e-04
5.255689283649550808e-05
5.255689283649550808e-05
2.102275713459820323e-04
9.460240710569190912e-04
5.255689283649550808e-05
5.255689283649550808e-05
5.255689283649550808e-05
5.255689283649550808e-05
5.255689283649550808e-05
5.255689283649550808e-05
5.255689283649550808e-05
5.255689283649550808e-05
5.255689283649550808e-05
5.255689283649550808e-05
6.832396068744416321e-04
5.255689283649550808e-05
5.255689283649550808e-05
5.255689283649550808e-05
5.255689283649550808e-05
5.255689283649550808e-05
5.255689283649550808e-05
5.255689283649550808e-05
5.255689283649550808e-05
5.255689283649550808e-05
5.255689283649550808e-05
5.255689283649550808e-05
5.255689283649550808e-05
5.255689283649550808e-05
5.255689283649550808e-05
5.255689283649550808e-05
5.255689283649550808e-05
5.255689283649550808e-05
5.255689283649550808e-05
5.255689283649550808e-05
5.255689283649550808e-05
5.255689283649550808e-05
5.255689283649550808e-05
5.255689283649550808e-05
5.255689283649550808e-05
1.051137856729910162e-04
5.255689283649550808e-05
5.255689283649550808e-05
5.255689283649550808e-05
5.255689283649550808e-05
2.627844641824775133e-04
5.255689283649550808e-05
5.255689283649550808e-05
5.255689283649550808e-05
5.255689283649550808e-05
5.781258212014505618e-04
5.255689283649550808e-05
5.255689283649550808e-05
5.255689283649550808e-05
5.255689283649550808e-05
5.255689283649550808e-05
5.255689283649550808e-05
5.255689283649550808e-05
5.255689283649550808e-05
5.255689283649550808e-05
5.255689283649550808e-05
5.255689283649550808e-05
5.255689283649550808e-05
5.255689283649550808e-05
5.255689283649550808e-05
5.255689283649550808e-05
5.255689283649550808e-05
5.255689283649550808e-05
5.255689283649550808e-05
8.409102853839281293e-04
5.255689283649550808e-05
5.255689283649550808e-05
5.255689283649550808e-05
5.255689283649550808e-05
5.255689283649550808e-05
5.255689283649550808e-05
5.255689283649550808e-05
5.781258212014505618e-04
5.255689283649550808e-05
5.255689283649550808e-05
5.255689283649550808e-05
5.255689283649550808e-05
5.255689283649550808e-05
5.255689283649550808e-05
5.255689283649550808e-05
5.255689283649550808e-05
5.255689283649550808e-05
5.255689283649550808e-05
5.255689283649550808e-05
5.255689283649550808e-05
5.255689283649550808e-05
5.255689283649550808e-05
5.255689283649550808e-05
2.627844641824775133e-04
5.255689283649550808e-05
5.255689283649550808e-05
5.255689283649550808e-05
5.255689283649550808e-05
5.255689283649550808e-05
5.255689283649550808e-05
5.255689283649550808e-05
4.730120355284595456e-04
5.255689283649550808e-05
5.255689283649550808e-05
5.255689283649550808e-05
5.255689283649550808e-05
5.255689283649550808e-05
5.255689283649550808e-05
6.832396068744416321e-04
5.255689283649550808e-05
5.255689283649550808e-05
5.255689283649550808e-05
5.255689283649550808e-05
5.255689283649550808e-05
5.255689283649550808e-05
5.255689283649550808e-05
5.255689283649550808e-05
5.255689283649550808e-05
5.255689283649550808e-05
5.255689283649550808e-05
5.255689283649550808e-05
5.255689283649550808e-05
3.153413570189730485e-04
5.255689283649550808e-05
2.627844641824775133e-04
5.255689283649550808e-05
5.255689283649550808e-05
5.781258212014505618e-04
5.255689283649550808e-05
5.255689283649550808e-05
5.781258212014505618e-04
5.255689283649550808e-05
5.255689283649550808e-05
5.255689283649550808e-05
5.255689283649550808e-05
5.255689283649550808e-05
5.255689283649550808e-05
5.255689283649550808e-05
5.255689283649550808e-05
5.255689283649550808e-05
5.255689283649550266e-04
2.102275713459820323e-04
5.255689283649550808e-05
5.255689283649550808e-05
5.255689283649550808e-05
5.255689283649550808e-05
5.255689283649550808e-05
5.255689283649550808e-05
5.255689283649550808e-05
5.781258212014505618e-04
5.255689283649550808e-05
5.781258212014505618e-04
5.255689283649550808e-05
5.255689283649550808e-05
3.153413570189730485e-04
5.781258212014505618e-04
5.255689283649550808e-05
5.255689283649550808e-05
5.255689283649550808e-05
5.255689283649550808e-05
5.255689283649550808e-05
5.255689283649550266e-04
5.255689283649550808e-05
5.255689283649550808e-05
5.255689283649550808e-05
5.255689283649550808e-05
5.781258212014505618e-04
5.255689283649550808e-05
5.255689283649550808e-05
5.255689283649550808e-05
5.255689283649550808e-05
5.781258212014505618e-04
5.255689283649550808e-05
5.255689283649550808e-05
5.255689283649550808e-05
1.576706785094865242e-04
5.255689283649550808e-05
5.781258212014505618e-04
5.781258212014505618e-04
5.255689283649550808e-05
5.255689283649550808e-05
5.255689283649550808e-05
5.255689283649550808e-05
5.255689283649550808e-05
5.255689283649550808e-05
5.255689283649550808e-05
5.255689283649550808e-05
5.255689283649550808e-05
5.255689283649550808e-05
5.255689283649550808e-05
5.255689283649550808e-05
5.255689283649550808e-05
5.255689283649550808e-05
5.255689283649550808e-05
5.255689283649550808e-05
5.255689283649550808e-05
5.255689283649550808e-05
1.576706785094865242e-04
