2.608913683946592968e-02
2.142543722183915325e-02
2.111201654861154589e-02
1.867987212436532374e-02
1.758916818153325248e-02
1.740111577759669015e-02
1.397856202595123241e-02
1.439227731461167198e-02
1.296307904469378748e-02
1.252429010217514030e-02
1.246160596752961779e-02
1.189744875571992731e-02
1.130821789005202749e-02
9.339936062182661869e-03
9.540525293048329747e-03
8.988904908167743082e-03
8.888610292734909143e-03
8.499968657932677196e-03
8.449821350216260227e-03
8.487431831003573388e-03
8.274305773208801701e-03
8.211621638563279188e-03
8.123863850059550792e-03
7.797906349902839623e-03
7.584780292108067069e-03
7.283896445809565252e-03
7.497022503604337806e-03
7.020623080298376596e-03
7.221212311164044474e-03
6.995549426440168111e-03
6.732276060928978588e-03
6.519150003134206901e-03
6.519150003134206901e-03
6.318560772268539023e-03
6.343634426126747508e-03
6.017676925970037206e-03
6.067824233686454176e-03
5.929919137466307076e-03
5.904845483608098591e-03
5.842161348962577813e-03
5.842161348962577813e-03
5.854698175891681622e-03
5.616498464238701450e-03
5.453519714160345866e-03
5.340688271798408118e-03
5.415909233373033572e-03
5.415909233373033572e-03
5.190246348649157210e-03
5.064878079358114786e-03
4.901899329279759202e-03
4.676236444555882839e-03
4.688773271484987515e-03
4.613552309910362061e-03
4.701310098414091324e-03
4.513257694477528122e-03
4.588478656052153576e-03
4.412963079044694183e-03
4.438036732902902667e-03
4.375352598257381022e-03
4.287594809753651759e-03
4.300131636682755568e-03
4.224910675108130113e-03
4.387889425186485698e-03
4.011784617313357559e-03
4.024321444242462235e-03
3.798658559518585873e-03
3.898953174951419812e-03
3.685827117156647691e-03
3.685827117156647691e-03
3.710900771014856176e-03
3.861342694164107085e-03
3.723437597943960418e-03
3.648216636369334964e-03
3.623142982511126479e-03
3.522848367078292540e-03
3.485237886290979813e-03
3.347332790070833147e-03
3.284648655425311935e-03
3.309722309283520420e-03
3.146743559205165269e-03
3.071522597630539815e-03
2.946154328339497391e-03
3.071522597630539815e-03
3.008838462985018603e-03
3.008838462985018603e-03
2.983764809126810118e-03
2.996301636055914361e-03
2.958691155268601634e-03
2.996301636055914361e-03
2.983764809126810118e-03
2.883470193693976179e-03
2.896007020623080422e-03
2.870933366764871937e-03
2.820786059048454968e-03
2.770638751332037998e-03
2.870933366764871937e-03
2.845859712906663452e-03
2.795712405190246483e-03
2.733028270544725271e-03
2.733028270544725271e-03
2.745565097473829513e-03
2.695417789757412544e-03
2.620196828182787090e-03
2.632733655111891332e-03
2.532439039679057393e-03
2.482291731962640424e-03
2.432144424246223454e-03
2.331849808813389515e-03
2.356923462671598000e-03
2.394533943458910727e-03
2.407070770388014969e-03
2.281702501096972546e-03
2.281702501096972546e-03
2.331849808813389515e-03
2.256628847238764061e-03
2.156334231805930122e-03
2.068576443302200425e-03
2.168871058735034364e-03
2.131260577947721637e-03
2.081113270231304668e-03
2.143797404876825879e-03
2.093650097160408910e-03
2.068576443302200425e-03
2.043502789443991940e-03
1.955745000940261810e-03
2.005892308656678780e-03
1.955745000940261810e-03
2.005892308656678780e-03
1.993355481727574537e-03
1.955745000940261810e-03
2.030965962514887698e-03
1.905597693223845058e-03
1.993355481727574537e-03
1.968281827869366053e-03
1.755155770074594149e-03
1.855450385507428088e-03
1.830376731649219603e-03
1.855450385507428088e-03
1.767692597003698391e-03
1.730082116216385664e-03
1.755155770074594149e-03
1.717545289287281422e-03
1.642324327712655968e-03
1.654861154641760210e-03
1.730082116216385664e-03
1.617250673854447483e-03
1.692471635429072937e-03
1.705008462358177180e-03
1.554566539208926271e-03
1.692471635429072937e-03
1.604713846925343241e-03
1.592177019996238998e-03
1.579640193067134756e-03
1.592177019996238998e-03
1.579640193067134756e-03
1.491882404563405059e-03
1.491882404563405059e-03
1.617250673854447483e-03
1.504419231492509302e-03
1.542029712279822029e-03
1.491882404563405059e-03
1.554566539208926271e-03
1.454271923776092332e-03
1.466808750705196574e-03
1.454271923776092332e-03
1.391587789130571120e-03
1.416661442988779605e-03
1.353977308343258393e-03
1.341440481414154151e-03
1.341440481414154151e-03
1.316366827555945666e-03
1.328903654485049908e-03
1.291293173697737181e-03
1.429198269917883847e-03
1.404124616059675363e-03
1.328903654485049908e-03
1.341440481414154151e-03
1.291293173697737181e-03
1.353977308343258393e-03
1.241145865981320212e-03
1.278756346768632939e-03
1.228609039052215969e-03
1.328903654485049908e-03
1.316366827555945666e-03
1.303830000626841424e-03
1.253682692910424454e-03
1.303830000626841424e-03
1.190998558264903242e-03
1.316366827555945666e-03
1.278756346768632939e-03
1.241145865981320212e-03
1.266219519839528697e-03
1.115777596690277788e-03
1.165924904406694758e-03
1.203535385194007485e-03
1.190998558264903242e-03
1.090703942832069303e-03
1.028019808186548091e-03
1.090703942832069303e-03
1.103240769761173546e-03
1.053093462044756576e-03
1.090703942832069303e-03
1.053093462044756576e-03
1.078167115902965061e-03
1.028019808186548091e-03
1.065630288973860819e-03
1.002946154328339390e-03
1.028019808186548091e-03
1.040556635115652334e-03
1.053093462044756576e-03
9.277251927537140440e-04
1.040556635115652334e-03
1.015482981257443849e-03
1.103240769761173546e-03
1.040556635115652334e-03
9.778725004701309051e-04
1.053093462044756576e-03
1.053093462044756576e-03
1.002946154328339390e-03
1.002946154328339390e-03
9.277251927537140440e-04
1.028019808186548091e-03
9.402620196828182864e-04
9.151883658246098016e-04
9.402620196828182864e-04
9.778725004701309051e-04
9.653356735410267711e-04
9.527988466119225288e-04
8.901147119664013169e-04
8.775778850372970745e-04
9.778725004701309051e-04
8.901147119664013169e-04
8.525042311790885898e-04
8.901147119664013169e-04
9.026515388955055593e-04
8.525042311790885898e-04
8.148937503917758627e-04
9.527988466119225288e-04
9.026515388955055593e-04
8.525042311790885898e-04
8.148937503917758627e-04
8.274305773208801050e-04
8.525042311790885898e-04
7.396727888171504084e-04
7.396727888171504084e-04
7.647464426753588932e-04
8.274305773208801050e-04
7.647464426753588932e-04
8.274305773208801050e-04
7.522096157462546508e-04
8.148937503917758627e-04
7.647464426753588932e-04
8.023569234626716203e-04
7.647464426753588932e-04
8.148937503917758627e-04
7.020623080298376813e-04
7.522096157462546508e-04
8.148937503917758627e-04
7.772832696044631355e-04
7.271359618880461661e-04
7.898200965335673779e-04
7.145991349589419237e-04
7.522096157462546508e-04
7.271359618880461661e-04
7.271359618880461661e-04
6.017676925970037423e-04
7.020623080298376813e-04
6.895254811007334389e-04
6.519150003134207118e-04
6.519150003134207118e-04
6.895254811007334389e-04
6.644518272425249542e-04
6.769886541716291966e-04
6.769886541716291966e-04
6.644518272425249542e-04
6.393781733843164694e-04
6.268413464552122271e-04
6.769886541716291966e-04
6.519150003134207118e-04
6.644518272425249542e-04
5.390835579514825305e-04
6.268413464552122271e-04
6.519150003134207118e-04
6.519150003134207118e-04
5.892308656678995000e-04
6.143045195261079847e-04
5.892308656678995000e-04
5.641572118096910152e-04
6.017676925970037423e-04
5.516203848805867728e-04
5.892308656678995000e-04
6.143045195261079847e-04
5.766940387387952576e-04
6.017676925970037423e-04
5.892308656678995000e-04
5.516203848805867728e-04
5.265467310223782881e-04
5.766940387387952576e-04
5.766940387387952576e-04
6.017676925970037423e-04
5.516203848805867728e-04
5.516203848805867728e-04
5.516203848805867728e-04
5.892308656678995000e-04
5.516203848805867728e-04
5.390835579514825305e-04
5.766940387387952576e-04
5.516203848805867728e-04
5.390835579514825305e-04
5.265467310223782881e-04
5.892308656678995000e-04
5.265467310223782881e-04
5.516203848805867728e-04
5.641572118096910152e-04
4.387889425186485373e-04
5.265467310223782881e-04
5.265467310223782881e-04
5.265467310223782881e-04
4.763994233059612644e-04
5.390835579514825305e-04
4.889362502350654525e-04
4.763994233059612644e-04
5.014730771641696949e-04
4.889362502350654525e-04
5.014730771641696949e-04
4.763994233059612644e-04
5.390835579514825305e-04
5.014730771641696949e-04
4.513257694477527796e-04
4.889362502350654525e-04
4.763994233059612644e-04
4.889362502350654525e-04
4.889362502350654525e-04
4.638625963768570220e-04
5.014730771641696949e-04
4.763994233059612644e-04
5.265467310223782881e-04
4.638625963768570220e-04
4.763994233059612644e-04
4.638625963768570220e-04
4.513257694477527796e-04
5.140099040932740457e-04
4.638625963768570220e-04
4.763994233059612644e-04
4.763994233059612644e-04
4.137152886604400525e-04
4.763994233059612644e-04
4.889362502350654525e-04
4.889362502350654525e-04
4.763994233059612644e-04
4.387889425186485373e-04
4.763994233059612644e-04
4.638625963768570220e-04
4.638625963768570220e-04
4.763994233059612644e-04
4.763994233059612644e-04
4.638625963768570220e-04
4.387889425186485373e-04
4.638625963768570220e-04
4.137152886604400525e-04
4.137152886604400525e-04
4.011784617313358101e-04
4.638625963768570220e-04
4.011784617313358101e-04
4.387889425186485373e-04
4.011784617313358101e-04
4.137152886604400525e-04
4.137152886604400525e-04
4.513257694477527796e-04
3.886416348022315678e-04
4.137152886604400525e-04
4.011784617313358101e-04
3.761048078731273254e-04
4.262521155895442949e-04
4.137152886604400525e-04
3.635679809440230830e-04
4.011784617313358101e-04
4.137152886604400525e-04
3.886416348022315678e-04
4.137152886604400525e-04
3.886416348022315678e-04
4.262521155895442949e-04
3.886416348022315678e-04
3.886416348022315678e-04
3.886416348022315678e-04
4.137152886604400525e-04
3.886416348022315678e-04
3.886416348022315678e-04
3.761048078731273254e-04
3.886416348022315678e-04
3.635679809440230830e-04
3.635679809440230830e-04
3.761048078731273254e-04
3.510311540149188407e-04
3.510311540149188407e-04
3.510311540149188407e-04
3.635679809440230830e-04
3.886416348022315678e-04
3.886416348022315678e-04
3.761048078731273254e-04
3.384943270858145983e-04
3.259575001567103559e-04
3.008838462985018712e-04
3.635679809440230830e-04
3.510311540149188407e-04
3.008838462985018712e-04
3.384943270858145983e-04
3.761048078731273254e-04
3.510311540149188407e-04
3.886416348022315678e-04
3.259575001567103559e-04
3.886416348022315678e-04
3.510311540149188407e-04
3.635679809440230830e-04
3.384943270858145983e-04
3.259575001567103559e-04
3.384943270858145983e-04
3.384943270858145983e-04
3.134206732276061135e-04
3.134206732276061135e-04
3.384943270858145983e-04
3.008838462985018712e-04
3.510311540149188407e-04
3.134206732276061135e-04
3.384943270858145983e-04
3.134206732276061135e-04
3.008838462985018712e-04
2.758101924402933864e-04
3.510311540149188407e-04
3.008838462985018712e-04
3.259575001567103559e-04
2.883470193693976288e-04
2.883470193693976288e-04
3.384943270858145983e-04
2.883470193693976288e-04
2.632733655111891440e-04
3.008838462985018712e-04
3.259575001567103559e-04
3.008838462985018712e-04
3.008838462985018712e-04
3.134206732276061135e-04
3.259575001567103559e-04
3.259575001567103559e-04
2.758101924402933864e-04
3.008838462985018712e-04
3.008838462985018712e-04
2.883470193693976288e-04
2.758101924402933864e-04
3.008838462985018712e-04
2.507365385820848475e-04
3.008838462985018712e-04
2.507365385820848475e-04
2.883470193693976288e-04
2.758101924402933864e-04
2.758101924402933864e-04
2.758101924402933864e-04
2.758101924402933864e-04
3.008838462985018712e-04
2.883470193693976288e-04
2.507365385820848475e-04
2.758101924402933864e-04
2.883470193693976288e-04
2.883470193693976288e-04
2.758101924402933864e-04
2.883470193693976288e-04
2.758101924402933864e-04
2.131260577947721474e-04
2.507365385820848475e-04
2.507365385820848475e-04
2.758101924402933864e-04
2.381997116529806322e-04
2.758101924402933864e-04
2.381997116529806322e-04
2.758101924402933864e-04
2.507365385820848475e-04
2.758101924402933864e-04
2.758101924402933864e-04
2.381997116529806322e-04
2.758101924402933864e-04
2.507365385820848475e-04
2.381997116529806322e-04
2.632733655111891440e-04
2.131260577947721474e-04
2.381997116529806322e-04
2.131260577947721474e-04
2.256628847238763898e-04
2.381997116529806322e-04
2.507365385820848475e-04
2.381997116529806322e-04
2.507365385820848475e-04
1.880524039365636627e-04
2.507365385820848475e-04
2.256628847238763898e-04
2.632733655111891440e-04
2.256628847238763898e-04
2.381997116529806322e-04
2.131260577947721474e-04
2.507365385820848475e-04
2.131260577947721474e-04
2.256628847238763898e-04
2.131260577947721474e-04
2.507365385820848475e-04
2.131260577947721474e-04
2.005892308656679051e-04
1.880524039365636627e-04
2.256628847238763898e-04
2.131260577947721474e-04
2.131260577947721474e-04
2.256628847238763898e-04
2.131260577947721474e-04
2.381997116529806322e-04
2.256628847238763898e-04
2.381997116529806322e-04
2.005892308656679051e-04
2.256628847238763898e-04
2.005892308656679051e-04
2.005892308656679051e-04
1.504419231492509356e-04
2.131260577947721474e-04
1.880524039365636627e-04
1.755155770074594203e-04
1.755155770074594203e-04
1.880524039365636627e-04
2.131260577947721474e-04
1.880524039365636627e-04
2.131260577947721474e-04
2.005892308656679051e-04
2.131260577947721474e-04
2.131260577947721474e-04
2.131260577947721474e-04
2.005892308656679051e-04
2.005892308656679051e-04
2.005892308656679051e-04
2.256628847238763898e-04
1.880524039365636627e-04
2.005892308656679051e-04
2.256628847238763898e-04
1.880524039365636627e-04
2.131260577947721474e-04
2.005892308656679051e-04
2.131260577947721474e-04
1.755155770074594203e-04
2.005892308656679051e-04
2.005892308656679051e-04
1.504419231492509356e-04
1.755155770074594203e-04
2.005892308656679051e-04
1.755155770074594203e-04
1.755155770074594203e-04
1.629787500783551780e-04
2.005892308656679051e-04
1.629787500783551780e-04
2.005892308656679051e-04
1.880524039365636627e-04
1.629787500783551780e-04
1.880524039365636627e-04
1.253682692910424237e-04
1.755155770074594203e-04
1.755155770074594203e-04
2.005892308656679051e-04
2.005892308656679051e-04
1.629787500783551780e-04
1.504419231492509356e-04
1.755155770074594203e-04
1.629787500783551780e-04
1.629787500783551780e-04
1.880524039365636627e-04
1.880524039365636627e-04
1.629787500783551780e-04
1.629787500783551780e-04
1.629787500783551780e-04
1.880524039365636627e-04
1.629787500783551780e-04
1.755155770074594203e-04
1.755155770074594203e-04
1.504419231492509356e-04
1.379050962201466932e-04
1.880524039365636627e-04
1.755155770074594203e-04
1.755155770074594203e-04
1.504419231492509356e-04
1.755155770074594203e-04
1.629787500783551780e-04
1.504419231492509356e-04
1.379050962201466932e-04
1.629787500783551780e-04
1.629787500783551780e-04
1.629787500783551780e-04
1.629787500783551780e-04
1.504419231492509356e-04
1.755155770074594203e-04
1.755155770074594203e-04
1.629787500783551780e-04
1.629787500783551780e-04
1.504419231492509356e-04
1.504419231492509356e-04
1.755155770074594203e-04
1.755155770074594203e-04
1.379050962201466932e-04
1.379050962201466932e-04
1.379050962201466932e-04
1.379050962201466932e-04
1.379050962201466932e-04
1.504419231492509356e-04
1.379050962201466932e-04
1.253682692910424237e-04
1.629787500783551780e-04
1.379050962201466932e-04
1.629787500783551780e-04
1.379050962201466932e-04
1.504419231492509356e-04
1.629787500783551780e-04
1.379050962201466932e-04
1.253682692910424237e-04
1.504419231492509356e-04
1.253682692910424237e-04
1.253682692910424237e-04
1.253682692910424237e-04
1.379050962201466932e-04
1.253682692910424237e-04
1.379050962201466932e-04
1.504419231492509356e-04
1.253682692910424237e-04
1.128314423619381949e-04
1.379050962201466932e-04
1.253682692910424237e-04
1.128314423619381949e-04
1.504419231492509356e-04
1.504419231492509356e-04
1.504419231492509356e-04
1.504419231492509356e-04
1.504419231492509356e-04
1.504419231492509356e-04
1.253682692910424237e-04
1.128314423619381949e-04
1.504419231492509356e-04
1.253682692910424237e-04
1.002946154328339525e-04
1.128314423619381949e-04
8.775778850372971016e-05
1.253682692910424237e-04
1.128314423619381949e-04
1.128314423619381949e-04
1.379050962201466932e-04
1.253682692910424237e-04
1.253682692910424237e-04
1.253682692910424237e-04
1.253682692910424237e-04
1.128314423619381949e-04
1.253682692910424237e-04
1.253682692910424237e-04
1.253682692910424237e-04
1.128314423619381949e-04
1.253682692910424237e-04
1.253682692910424237e-04
1.253682692910424237e-04
8.775778850372971016e-05
1.253682692910424237e-04
1.128314423619381949e-04
1.002946154328339525e-04
1.002946154328339525e-04
1.002946154328339525e-04
1.253682692910424237e-04
1.128314423619381949e-04
1.128314423619381949e-04
1.128314423619381949e-04
1.128314423619381949e-04
1.002946154328339525e-04
1.253682692910424237e-04
7.522096157462546779e-05
1.128314423619381949e-04
8.775778850372971016e-05
1.128314423619381949e-04
1.253682692910424237e-04
7.522096157462546779e-05
1.128314423619381949e-04
1.128314423619381949e-04
1.253682692910424237e-04
1.253682692910424237e-04
1.253682692910424237e-04
1.253682692910424237e-04
1.002946154328339525e-04
7.522096157462546779e-05
1.128314423619381949e-04
6.268413464552121186e-05
1.128314423619381949e-04
1.128314423619381949e-04
1.128314423619381949e-04
1.128314423619381949e-04
1.002946154328339525e-04
1.002946154328339525e-04
1.002946154328339525e-04
1.002946154328339525e-04
7.522096157462546779e-05
1.002946154328339525e-04
1.002946154328339525e-04
8.775778850372971016e-05
8.775778850372971016e-05
1.002946154328339525e-04
8.775778850372971016e-05
