3.122184889017918380e-02
2.986419157483979209e-02
2.267885427384545849e-02
2.112907564029765928e-02
1.686398237607107664e-02
1.321367733011138794e-02
1.142481438945979789e-02
1.125830924701251394e-02
1.108326537931152329e-02
9.879305118538853764e-03
9.840880854897171917e-03
9.635951448808207850e-03
9.661567624569327925e-03
9.392597779077561937e-03
8.786348286064372959e-03
8.649728682005064159e-03
8.551533341587433737e-03
8.551533341587433737e-03
8.145943892036357215e-03
8.034940463738168490e-03
7.672044640455626292e-03
8.017863013230755106e-03
7.838549782902911114e-03
7.659236552575066255e-03
7.693391453589893889e-03
7.701930178843600580e-03
7.236569652516575482e-03
6.941983631263688552e-03
7.185337300994334465e-03
6.843788290846059864e-03
7.048717696935024798e-03
7.082872597949852432e-03
6.877943191860887498e-03
6.916367455502567610e-03
6.873673829234033285e-03
6.826710840338645614e-03
6.502239280697784396e-03
6.199114534191190774e-03
6.182037083683776524e-03
6.036878754370760165e-03
5.942952776579983956e-03
5.481861612879813071e-03
5.426359898730718709e-03
5.340972646193650059e-03
5.225699855268607120e-03
4.820110405717530598e-03
4.773147416822142927e-03
4.845726581478650673e-03
4.824379768344383944e-03
4.790224867329556310e-03
4.794494229956409656e-03
4.683490801658220064e-03
4.376096692524773096e-03
4.427329044047014113e-03
4.777416779448996273e-03
4.598103549121151414e-03
4.470022670315548438e-03
4.213860912704342487e-03
4.179706011689514854e-03
4.324864341002532080e-03
4.196783462196928237e-03
4.273631989480290196e-03
4.064433220764471916e-03
3.957699155093136537e-03
4.047355770257058533e-03
4.303517527868264483e-03
3.795463375272705494e-03
3.906466803570894653e-03
3.774116562138438331e-03
3.902197440944041307e-03
3.791194012645852148e-03
3.650305045959688702e-03
3.658843771213395393e-03
3.641766320705982010e-03
3.573456518676326743e-03
3.308756035811413667e-03
3.530762892407792418e-03
3.415490101482749480e-03
3.364257749960508463e-03
3.108095992349302079e-03
3.125173442856715895e-03
3.159328343871543529e-03
3.120904080229862550e-03
3.061133003453914408e-03
2.766546982201027044e-03
2.830587421603828965e-03
2.937321487275164778e-03
2.886089135752923328e-03
2.689698454917665519e-03
2.877550410499216636e-03
2.886089135752923328e-03
2.685429092290811739e-03
2.856203597364949474e-03
2.800701883215854678e-03
2.638466103395424069e-03
2.711045268051932682e-03
2.689698454917665519e-03
2.681159729663958394e-03
2.702506542798225556e-03
2.553078850858355418e-03
2.497577136709260622e-03
2.612849927634303560e-03
2.553078850858355418e-03
2.587233751873183052e-03
2.339610719515683359e-03
2.548809488231502073e-03
2.497577136709260622e-03
2.510385224589821093e-03
2.442075422560165826e-03
2.382304345784217684e-03
2.360957532649950522e-03
2.335341356888830013e-03
2.237146016471200892e-03
2.360957532649950522e-03
2.254223466978614709e-03
2.215799203336933729e-03
2.254223466978614709e-03
2.117603862919304608e-03
2.053563423516503120e-03
2.160297489187838933e-03
2.373765620530510993e-03
2.091987687158184100e-03
2.091987687158184100e-03
2.087718324531330754e-03
2.109065137665597917e-03
2.019408522501675921e-03
2.074910236650770283e-03
2.079179599277623629e-03
2.006600434621115450e-03
1.963906808352581124e-03
1.985253621486848287e-03
1.993792346740554979e-03
1.878519555815512257e-03
1.951098720472020653e-03
1.844364654800684841e-03
1.908405094203486328e-03
1.810209753785857207e-03
1.242384524414350076e-03
1.741899951756202373e-03
1.776054852771029790e-03
1.758977402263615973e-03
1.797401665905296953e-03
1.784593578024736699e-03
1.746169314383055719e-03
1.741899951756202373e-03
1.622357798204306090e-03
1.771785490144176444e-03
1.665051424472840415e-03
1.724822501248788557e-03
1.656512699219133506e-03
1.686398237607107577e-03
1.630896523458012998e-03
1.609549710323745835e-03
1.622357798204306090e-03
1.605280347696892273e-03
1.592472259816332019e-03
1.562586721428357948e-03
1.665051424472840415e-03
1.647973973965426598e-03
1.532701183040383877e-03
1.588202897189478673e-03
1.502815644652409806e-03
1.554047996174651039e-03
1.434505842622754756e-03
1.490007556771849552e-03
1.494276919398702897e-03
1.507085007279263368e-03
1.618088435577452744e-03
1.443044567876461664e-03
1.421697754742194501e-03
1.472930106264435735e-03
1.391812216354220430e-03
1.541239908294090785e-03
1.374734765846806830e-03
1.357657315339393014e-03
1.357657315339393014e-03
1.340579864831979197e-03
1.353387952712539451e-03
1.353387952712539451e-03
1.259461974921763892e-03
1.280808788056031055e-03
4.867073394612918269e-04
1.148458546623574517e-03
1.216768348653229567e-03
1.212498986026376221e-03
1.221037711280082913e-03
1.255192612294910547e-03
1.144189183996721171e-03
1.212498986026376221e-03
1.144189183996721171e-03
1.208229623399522659e-03
1.174074722384695242e-03
1.144189183996721171e-03
1.135650458743014263e-03
1.152727909250428080e-03
1.131381096116160917e-03
1.114303645608747100e-03
1.105764920355040192e-03
1.075879381967066121e-03
1.084418107220773029e-03
1.054532568832798958e-03
1.114303645608747100e-03
1.050263206205945613e-03
1.071610019340212775e-03
1.028916393071678233e-03
1.041724480952238704e-03
9.264516900271958745e-04
1.016108305191117979e-03
1.003300217310557725e-03
9.691453162957301996e-04
9.691453162957301996e-04
7.215222839382308320e-04
9.136436021466355119e-04
8.666806132512477326e-04
9.307210526540493287e-04
9.136436021466355119e-04
8.453338001169805700e-04
9.563372284151699454e-04
8.197176243558599532e-04
9.734146789225836538e-04
8.965661516392218035e-04
9.477985031614630370e-04
8.752193385049546409e-04
9.179129647734889661e-04
9.179129647734889661e-04
8.837580637586614409e-04
8.624112506243942784e-04
8.496031627438340242e-04
8.197176243558599532e-04
8.026401738484461364e-04
9.093742395197820577e-04
8.154482617290064990e-04
7.727546354604720655e-04
7.983708112215926822e-04
7.941014485947393365e-04
8.325257122364202074e-04
7.642159102067652655e-04
8.239869869827132990e-04
8.069095364752995906e-04
8.367950748632736616e-04
8.111788991021530448e-04
7.898320859678858823e-04
7.257916465650842862e-04
7.642159102067652655e-04
7.385997344456446487e-04
7.642159102067652655e-04
7.642159102067652655e-04
7.855627233410324281e-04
6.745592950428430526e-04
7.684852728336187197e-04
8.282563496095667532e-04
7.684852728336187197e-04
7.087141960576705778e-04
4.653605263270246643e-04
7.599465475799118113e-04
7.257916465650842862e-04
7.343303718187911945e-04
7.343303718187911945e-04
7.215222839382308320e-04
6.489431192817224359e-04
6.489431192817224359e-04
6.617512071622826900e-04
7.514078223262049029e-04
6.105188556400414565e-04
7.087141960576705778e-04
6.959061081771102152e-04
7.001754708039636694e-04
7.044448334308171236e-04
6.873673829234034152e-04
6.617512071622826900e-04
6.959061081771102152e-04
6.830980202965499610e-04
6.959061081771102152e-04
6.574818445354293443e-04
6.660205697891361442e-04
5.763639546252140398e-04
5.336703283566796062e-04
6.446737566548689817e-04
6.318656687743087275e-04
6.574818445354293443e-04
6.233269435206018191e-04
6.532124819085758901e-04
6.105188556400414565e-04
5.720945919983605856e-04
5.550171414909467688e-04
6.190575808937483649e-04
6.446737566548689817e-04
4.952460647149987353e-04
6.233269435206018191e-04
6.147882182668949107e-04
6.105188556400414565e-04
5.806333172520673856e-04
5.720945919983605856e-04
5.934414051326277481e-04
5.379396909835330604e-04
5.635558667446536772e-04
4.781686142075849727e-04
5.678252293715071314e-04
5.507477788640934230e-04
5.507477788640934230e-04
5.592865041178002230e-04
5.806333172520673856e-04
5.806333172520673856e-04
5.507477788640934230e-04
5.891720425057742939e-04
5.294009657298261520e-04
5.507477788640934230e-04
5.464784162372399688e-04
5.720945919983605856e-04
5.379396909835330604e-04
4.909767020881452811e-04
5.550171414909467688e-04
3.415490101482749805e-04
5.294009657298261520e-04
5.251316031029728063e-04
5.080541525955589895e-04
5.379396909835330604e-04
5.165928778492658979e-04
5.080541525955589895e-04
4.952460647149987353e-04
5.123235152224124437e-04
5.080541525955589895e-04
5.208622404761193521e-04
5.080541525955589895e-04
4.952460647149987353e-04
5.123235152224124437e-04
4.610911637001712101e-04
4.312056253121971392e-04
4.781686142075849727e-04
5.123235152224124437e-04
5.422090536103865146e-04
5.123235152224124437e-04
4.995154273418520811e-04
4.952460647149987353e-04
5.123235152224124708e-05
4.909767020881452811e-04
5.123235152224124437e-04
3.073941091334474554e-04
5.165928778492658979e-04
5.123235152224124437e-04
1.921213182084046799e-04
3.543570980288352889e-04
3.927813616705162140e-04
4.781686142075849727e-04
4.738992515807315185e-04
4.269362626853436850e-04
4.525524384464643017e-04
3.671651859093955973e-04
4.183975374316368308e-04
1.793132303278443444e-04
4.440137131927574476e-04
4.525524384464643017e-04
4.226669000584902850e-04
4.440137131927574476e-04
4.269362626853436850e-04
3.372796475214215263e-04
4.397443505659039934e-04
4.354749879390505934e-04
4.397443505659039934e-04
4.226669000584902850e-04
4.183975374316368308e-04
4.226669000584902850e-04
4.354749879390505934e-04
4.183975374316368308e-04
4.269362626853436850e-04
4.312056253121971392e-04
4.183975374316368308e-04
3.543570980288352889e-04
6.404043940280155546e-05
4.226669000584902850e-04
4.098588121779299766e-04
3.372796475214215263e-04
4.354749879390505934e-04
3.970507242973696682e-04
4.141281748047833766e-04
4.055894495510765224e-04
3.586264606556886889e-04
4.141281748047833766e-04
3.458183727751283805e-04
3.799732737899559057e-04
3.927813616705162140e-04
3.031247465065940554e-04
4.098588121779299766e-04
4.013200869242230682e-04
4.013200869242230682e-04
4.141281748047833766e-04
3.885119990436627598e-04
3.970507242973696682e-04
3.586264606556886889e-04
3.714345485362489973e-04
3.671651859093955973e-04
3.671651859093955973e-04
3.671651859093955973e-04
3.500877354019818347e-04
2.988553838797406012e-04
3.757039111631024515e-04
3.031247465065940554e-04
3.287409222677146721e-04
3.458183727751283805e-04
2.604311202380596760e-04
3.757039111631024515e-04
3.586264606556886889e-04
3.628958232825421431e-04
3.586264606556886889e-04
3.330102848945680721e-04
3.586264606556886889e-04
3.330102848945680721e-04
3.586264606556886889e-04
3.330102848945680721e-04
3.415490101482749805e-04
3.330102848945680721e-04
3.372796475214215263e-04
3.458183727751283805e-04
3.415490101482749805e-04
3.330102848945680721e-04
3.586264606556886889e-04
3.116634717603009096e-04
3.073941091334474554e-04
2.988553838797406012e-04
3.116634717603009096e-04
3.159328343871543637e-04
3.159328343871543637e-04
3.244715596408612179e-04
3.202021970140077637e-04
3.159328343871543637e-04
3.116634717603009096e-04
3.372796475214215263e-04
3.458183727751283805e-04
1.536970545667237277e-04
3.415490101482749805e-04
3.415490101482749805e-04
3.372796475214215263e-04
3.031247465065940554e-04
3.372796475214215263e-04
2.903166586260336928e-04
3.330102848945680721e-04
3.287409222677146721e-04
2.988553838797406012e-04
3.287409222677146721e-04
2.860472959991802928e-04
3.116634717603009096e-04
2.775085707454733844e-04
2.945860212528871470e-04
2.348149444769390322e-04
2.945860212528871470e-04
2.775085707454733844e-04
2.732392081186199844e-04
2.860472959991802928e-04
2.860472959991802928e-04
2.689698454917665302e-04
2.561617576112062218e-04
2.860472959991802928e-04
2.775085707454733844e-04
2.775085707454733844e-04
1.280808788056031177e-05
2.775085707454733844e-04
2.775085707454733844e-04
2.775085707454733844e-04
2.945860212528871470e-04
2.903166586260336928e-04
2.903166586260336928e-04
1.750438677009909173e-04
2.732392081186199844e-04
2.817779333723268386e-04
2.561617576112062218e-04
2.476230323574993676e-04
2.647004828649130760e-04
2.689698454917665302e-04
2.647004828649130760e-04
2.732392081186199844e-04
2.689698454917665302e-04
2.433536697306459134e-04
2.604311202380596760e-04
2.561617576112062218e-04
2.561617576112062218e-04
2.647004828649130760e-04
2.561617576112062218e-04
2.518923949843527676e-04
2.390843071037924864e-04
2.561617576112062218e-04
2.476230323574993676e-04
2.732392081186199844e-04
2.647004828649130760e-04
2.561617576112062218e-04
2.561617576112062218e-04
2.561617576112062218e-04
2.561617576112062218e-04
2.561617576112062218e-04
2.732392081186199844e-04
2.561617576112062354e-05
2.604311202380596760e-04
2.177374939695252967e-04
2.091987687158184154e-04
2.390843071037924864e-04
2.476230323574993676e-04
2.433536697306459134e-04
2.348149444769390322e-04
1.366196040593099922e-04
5.123235152224124708e-05
2.305455818500856051e-04
5.550171414909468094e-05
2.006600434621115341e-04
2.348149444769390322e-04
2.305455818500856051e-04
1.963906808352581070e-04
2.433536697306459134e-04
1.963906808352581070e-04
2.134681313426718425e-04
2.305455818500856051e-04
1.963906808352581070e-04
2.134681313426718425e-04
2.134681313426718425e-04
4.269362626853437256e-05
1.921213182084046799e-04
2.262762192232321509e-04
2.305455818500856051e-04
2.177374939695252967e-04
1.963906808352581070e-04
2.220068565963787238e-04
2.134681313426718425e-04
2.177374939695252967e-04
2.134681313426718425e-04
2.091987687158184154e-04
2.006600434621115341e-04
2.134681313426718425e-04
2.220068565963787238e-04
1.793132303278443444e-04
1.963906808352581070e-04
1.878519555815512257e-04
1.835825929546977986e-04
2.091987687158184154e-04
2.134681313426718425e-04
1.878519555815512257e-04
2.049294060889649883e-04
1.793132303278443444e-04
1.835825929546977986e-04
7.684852728336186384e-05
1.835825929546977986e-04
1.963906808352581070e-04
1.835825929546977986e-04
1.793132303278443444e-04
1.835825929546977986e-04
1.835825929546977986e-04
1.878519555815512257e-04
1.963906808352581070e-04
1.750438677009909173e-04
1.878519555815512257e-04
1.835825929546977986e-04
1.750438677009909173e-04
2.006600434621115341e-04
1.878519555815512257e-04
1.665051424472840361e-04
1.878519555815512257e-04
2.006600434621115341e-04
1.963906808352581070e-04
1.878519555815512257e-04
1.536970545667237277e-04
1.963906808352581070e-04
1.793132303278443444e-04
1.878519555815512257e-04
1.878519555815512257e-04
1.665051424472840361e-04
1.665051424472840361e-04
1.835825929546977986e-04
1.494276919398703006e-04
1.707745050741374903e-04
1.622357798204306090e-04
1.579664171935771819e-04
1.835825929546977986e-04
1.579664171935771819e-04
1.793132303278443444e-04
1.536970545667237277e-04
1.793132303278443444e-04
1.793132303278443444e-04
1.622357798204306090e-04
1.707745050741374903e-04
1.793132303278443444e-04
1.707745050741374903e-04
1.835825929546977986e-04
1.878519555815512257e-04
1.536970545667237277e-04
1.793132303278443444e-04
1.707745050741374903e-04
1.793132303278443444e-04
1.793132303278443444e-04
1.793132303278443444e-04
1.536970545667237277e-04
1.622357798204306090e-04
1.536970545667237277e-04
1.536970545667237277e-04
1.793132303278443444e-04
1.622357798204306090e-04
1.793132303278443444e-04
1.665051424472840361e-04
1.622357798204306090e-04
1.366196040593099922e-04
1.793132303278443444e-04
6.404043940280155546e-05
1.707745050741374903e-04
1.793132303278443444e-04
1.793132303278443444e-04
1.793132303278443444e-04
1.793132303278443444e-04
1.878519555815512257e-04
1.878519555815512257e-04
1.793132303278443444e-04
4.696298889538780643e-05
1.835825929546977986e-04
1.793132303278443444e-04
1.665051424472840361e-04
1.750438677009909173e-04
1.622357798204306090e-04
1.793132303278443444e-04
1.536970545667237277e-04
1.451583293130168464e-04
1.536970545667237277e-04
1.750438677009909173e-04
1.707745050741374903e-04
1.707745050741374903e-04
1.408889666861634193e-04
1.707745050741374903e-04
1.536970545667237277e-04
1.366196040593099922e-04
1.366196040593099922e-04
1.110034282981893619e-04
1.024647030444824942e-04
1.665051424472840361e-04
1.408889666861634193e-04
1.665051424472840361e-04
1.451583293130168464e-04
1.665051424472840361e-04
1.622357798204306090e-04
1.323502414324565380e-04
1.408889666861634193e-04
3.415490101482749805e-05
1.195421535518962432e-04
1.622357798204306090e-04
1.408889666861634193e-04
1.579664171935771819e-04
1.536970545667237277e-04
1.451583293130168464e-04
1.366196040593099922e-04
1.408889666861634193e-04
1.366196040593099922e-04
1.536970545667237277e-04
1.195421535518962432e-04
1.408889666861634193e-04
1.536970545667237277e-04
1.408889666861634193e-04
2.134681313426718628e-05
1.451583293130168464e-04
1.280808788056031109e-04
1.494276919398703006e-04
1.494276919398703006e-04
1.494276919398703006e-04
1.494276919398703006e-04
1.152727909250428025e-04
1.494276919398703006e-04
1.494276919398703006e-04
1.024647030444824942e-04
1.408889666861634193e-04
1.110034282981893619e-04
1.238115161787496838e-04
1.451583293130168464e-04
1.366196040593099922e-04
2.134681313426718628e-05
1.323502414324565380e-04
1.238115161787496838e-04
1.280808788056031109e-04
1.195421535518962432e-04
1.408889666861634193e-04
1.110034282981893619e-04
1.195421535518962432e-04
1.280808788056031177e-05
1.280808788056031109e-04
1.110034282981893619e-04
1.280808788056031177e-05
1.238115161787496838e-04
1.280808788056031177e-05
1.110034282981893619e-04
1.280808788056031109e-04
1.110034282981893619e-04
9.392597779077561286e-05
1.195421535518962432e-04
1.195421535518962432e-04
1.152727909250428025e-04
1.280808788056031109e-04
1.238115161787496838e-04
1.195421535518962432e-04
0.000000000000000000e+00
0.000000000000000000e+00
1.152727909250428025e-04
1.238115161787496838e-04
9.392597779077561286e-05
1.152727909250428025e-04
1.152727909250428025e-04
1.024647030444824942e-04
9.819534041762905351e-05
1.067340656713359212e-04
9.392597779077561286e-05
1.067340656713359212e-04
1.067340656713359212e-04
1.707745050741374903e-05
1.024647030444824942e-04
8.538725253706874513e-05
9.819534041762905351e-05
1.110034282981893619e-04
9.392597779077561286e-05
1.024647030444824942e-04
1.067340656713359212e-04
9.392597779077561286e-05
1.024647030444824942e-04
9.819534041762905351e-05
8.538725253706874513e-06
8.965661516392217222e-05
9.819534041762905351e-05
8.538725253706874513e-06
8.538725253706874513e-06
8.538725253706874513e-06
9.819534041762905351e-05
9.392597779077561286e-05
9.392597779077561286e-05
8.965661516392217222e-05
9.392597779077561286e-05
9.392597779077561286e-05
9.392597779077561286e-05
8.965661516392217222e-05
9.392597779077561286e-05
8.111788991021530448e-05
8.965661516392217222e-05
8.965661516392217222e-05
8.965661516392217222e-05
8.965661516392217222e-05
9.392597779077561286e-05
8.965661516392217222e-05
1.024647030444824942e-04
8.965661516392217222e-05
9.819534041762905351e-05
9.392597779077561286e-05
9.819534041762905351e-05
1.024647030444824942e-04
8.965661516392217222e-05
9.392597779077561286e-05
8.965661516392217222e-05
8.965661516392217222e-05
8.538725253706874513e-05
9.392597779077561286e-05
8.965661516392217222e-05
9.392597779077561286e-05
9.392597779077561286e-05
6.830980202965499610e-05
0.000000000000000000e+00
9.819534041762905351e-05
0.000000000000000000e+00
8.538725253706874513e-05
9.819534041762905351e-05
7.257916465650842319e-05
7.684852728336186384e-05
0.000000000000000000e+00
9.392597779077561286e-05
8.965661516392217222e-05
9.392597779077561286e-05
9.392597779077561286e-05
8.538725253706874513e-05
8.538725253706874513e-05
8.538725253706874513e-05
9.392597779077561286e-05
8.538725253706874513e-05
8.111788991021530448e-05
7.684852728336186384e-05
6.830980202965499610e-05
8.538725253706874513e-05
8.538725253706874513e-05
9.392597779077561286e-05
8.538725253706874513e-05
8.111788991021530448e-05
7.684852728336186384e-05
8.538725253706874513e-05
9.392597779077561286e-05
9.392597779077561286e-05
8.538725253706874513e-05
9.392597779077561286e-05
6.830980202965499610e-05
8.538725253706874513e-05
9.392597779077561286e-05
8.538725253706874513e-05
9.392597779077561286e-05
7.684852728336186384e-05
7.684852728336186384e-05
9.392597779077561286e-05
7.684852728336186384e-05
7.684852728336186384e-05
7.684852728336186384e-05
7.684852728336186384e-05
8.538725253706874513e-05
8.538725253706874513e-05
8.111788991021530448e-05
8.538725253706874513e-05
6.404043940280155546e-05
7.257916465650842319e-05
8.111788991021530448e-05
7.257916465650842319e-05
7.684852728336186384e-05
6.830980202965499610e-05
5.123235152224124708e-05
6.830980202965499610e-05
6.830980202965499610e-05
7.684852728336186384e-05
7.257916465650842319e-05
7.684852728336186384e-05
7.684852728336186384e-05
6.830980202965499610e-05
7.257916465650842319e-05
6.830980202965499610e-05
6.830980202965499610e-05
7.257916465650842319e-05
5.977107677594812159e-05
6.404043940280155546e-05
5.977107677594812159e-05
6.830980202965499610e-05
6.830980202965499610e-05
5.977107677594812159e-05
6.830980202965499610e-05
5.977107677594812159e-05
5.977107677594812159e-05
5.977107677594812159e-05
6.830980202965499610e-05
6.830980202965499610e-05
4.269362626853437256e-05
5.977107677594812159e-05
6.830980202965499610e-05
4.696298889538780643e-05
6.830980202965499610e-05
5.550171414909468094e-05
4.696298889538780643e-05
6.404043940280155546e-05
6.404043940280155546e-05
4.696298889538780643e-05
5.977107677594812159e-05
5.977107677594812159e-05
5.977107677594812159e-05
5.977107677594812159e-05
5.977107677594812159e-05
5.977107677594812159e-05
4.696298889538780643e-05
5.550171414909468094e-05
5.550171414909468094e-05
5.550171414909468094e-05
5.123235152224124708e-05
5.550171414909468094e-05
5.123235152224124708e-05
5.123235152224124708e-05
5.550171414909468094e-05
4.696298889538780643e-05
4.696298889538780643e-05
4.696298889538780643e-05
4.696298889538780643e-05
0.000000000000000000e+00
3.842426364168093192e-05
4.269362626853437256e-05
4.696298889538780643e-05
4.696298889538780643e-05
5.123235152224124708e-05
4.696298889538780643e-05
5.123235152224124708e-05
5.123235152224124708e-05
4.269362626853437256e-05
4.696298889538780643e-05
4.696298889538780643e-05
4.696298889538780643e-05
4.269362626853437256e-05
4.696298889538780643e-05
4.696298889538780643e-05
4.269362626853437256e-05
4.696298889538780643e-05
4.269362626853437256e-05
4.696298889538780643e-05
4.269362626853437256e-05
4.696298889538780643e-05
4.696298889538780643e-05
4.696298889538780643e-05
4.696298889538780643e-05
2.561617576112062354e-05
4.696298889538780643e-05
4.269362626853437256e-05
4.696298889538780643e-05
4.696298889538780643e-05
5.123235152224124708e-05
4.696298889538780643e-05
4.696298889538780643e-05
3.842426364168093192e-05
4.269362626853437256e-05
4.696298889538780643e-05
4.696298889538780643e-05
4.696298889538780643e-05
3.415490101482749805e-05
4.696298889538780643e-05
4.696298889538780643e-05
4.696298889538780643e-05
4.696298889538780643e-05
