0 4 1
0 38 1
0 317 1
1 177 1
2 82 1
2 91 1
3 10 1
3 19 1
3 28 1
3 35 1
3 401 1
4 3 1
4 25 1
4 38 1
4 92 1
4 104 1
4 127 1
4 386 1
5 46 1
5 133 1
5 353 1
7 356 1
7 753 1
8 87 4
8 366 1
9 5 1
9 115 2
9 143 1
9 155 1
9 651 1
10 11 1
10 14 1
11 14 1
11 26 1
11 28 1
11 34 1
11 39 1
11 49 1
11 113 1
11 115 2
11 309 1
11 651 1
12 14 1
12 26 1
12 28 1
12 34 1
12 39 1
12 49 1
12 113 1
12 203 1
13 10 1
13 14 1
13 19 1
13 26 1
13 39 1
13 49 1
13 113 1
13 115 2
13 307 1
14 0 1
14 11 2
14 27 1
14 39 1
14 53 1
14 57 1
14 58 1
14 115 4
14 165 1
14 269 1
14 296 1
14 359 1
14 872 1
15 0 1
15 7 1
15 39 1
15 54 1
15 58 1
15 113 1
15 115 4
15 117 1
15 182 1
15 190 1
15 240 1
15 248 1
15 303 1
15 481 1
15 632 1
16 0 1
16 39 1
16 67 1
16 98 1
16 113 1
16 115 4
16 122 1
16 141 1
16 232 1
16 632 1
17 39 1
17 53 1
17 57 1
17 113 1
17 115 4
17 156 1
17 632 1
17 699 1
18 63 1
18 115 4
18 234 1
18 376 1
18 412 1
18 492 1
18 577 1
18 632 1
19 0 1
19 25 1
19 98 1
19 103 1
19 115 4
19 156 1
19 180 1
19 232 1
19 400 1
19 632 1
20 47 1
20 53 1
20 57 1
20 115 4
20 168 1
20 632 1
20 755 1
21 10 1
21 19 1
21 28 1
21 34 1
21 35 1
21 632 1
22 50 2
22 53 1
22 54 1
22 57 1
22 69 1
22 111 1
22 197 1
22 205 1
22 207 1
22 244 1
22 255 1
22 388 1
22 560 4
23 10 1
23 69 1
23 171 1
23 205 1
23 244 1
23 255 1
23 425 1
23 443 1
23 560 4
25 1 1
25 111 1
26 1 2
26 9 1
26 15 2
26 20 1
26 24 1
26 37 1
26 40 2
26 48 1
26 115 2
26 138 1
26 162 1
26 213 1
26 592 1
27 0 1
27 1 3
27 15 1
27 18 1
27 24 1
27 37 1
27 44 1
27 81 1
27 115 2
27 345 1
28 1 2
28 18 1
28 24 1
28 37 1
28 44 1
28 67 1
28 81 1
28 115 2
28 226 1
28 233 1
28 345 1
29 0 1
29 1 3
29 9 1
29 18 1
29 24 1
29 27 1
29 37 1
29 44 1
29 81 1
29 115 2
29 226 1
29 232 1
29 233 1
29 749 1
30 0 2
30 1 2
30 27 1
30 31 1
30 39 1
30 48 1
30 67 1
30 79 1
30 102 1
30 115 4
30 229 1
30 314 1
30 402 1
30 405 1
32 17 1
33 10 1
33 90 1
33 115 3
33 131 2
33 445 1
33 651 1
34 23 1
34 40 1
34 115 3
34 131 2
34 651 1
34 661 1
35 15 2
35 23 1
35 40 1
35 48 2
35 95 1
35 115 3
35 651 1
36 0 1
36 20 1
36 25 1
36 27 1
36 59 2
36 84 1
36 108 1
36 115 4
36 140 1
36 144 1
36 147 1
37 23 1
37 25 1
37 40 1
37 43 1
37 59 2
37 84 1
37 108 1
37 115 4
37 131 1
37 135 1
38 10 1
38 23 1
38 27 1
38 36 1
38 40 1
38 103 1
38 115 4
38 120 1
38 124 1
38 142 1
38 145 1
38 291 4
39 23 1
39 27 1
39 29 2
39 40 1
39 53 1
39 57 1
39 71 1
39 115 4
39 124 1
39 134 1
39 142 1
39 145 1
39 220 1
39 291 4
40 29 1
40 53 1
40 57 1
40 115 4
40 124 1
40 133 1
40 142 1
40 145 1
40 151 1
40 291 4
41 10 1
41 36 1
41 55 1
41 84 1
41 100 2
41 102 1
41 103 1
41 115 4
41 172 1
41 185 1
41 364 1
41 389 1
41 651 1
41 756 1
42 23 1
42 31 1
42 32 1
42 40 1
42 47 2
42 100 1
42 115 3
42 133 1
42 651 1
43 20 1
43 27 1
43 43 1
43 59 1
43 95 1
43 115 4
43 140 1
43 144 2
43 147 2
43 373 1
44 2 2
44 27 1
44 34 2
44 118 1
44 121 1
44 176 1
44 401 1
45 2 3
45 21 2
45 22 1
45 34 1
45 192 1
45 311 1
46 2 2
46 3 1
46 9 1
46 12 1
46 40 1
46 55 1
46 70 1
46 115 4
46 140 1
46 160 1
46 183 1
47 3 1
47 8 1
47 22 1
47 27 1
47 39 1
47 43 1
47 52 1
47 121 1
47 222 1
48 2 2
48 12 1
48 20 1
48 40 1
48 67 2
48 105 1
48 372 2
48 703 1
49 8 1
49 22 1
49 70 1
49 75 1
49 80 1
49 115 2
49 118 1
49 140 1
49 202 1
49 238 1
49 316 1
49 553 1
50 2 1
50 9 1
50 52 1
50 76 1
50 80 1
50 118 1
50 176 1
50 202 1
50 250 1
53 74 1
53 244 6
54 74 1
54 244 6
55 22 1
55 55 1
55 58 1
55 70 1
55 105 1
55 122 1
55 173 1
55 237 1
55 238 1
55 258 4
55 260 1
56 12 1
56 22 1
56 39 1
56 62 3
56 149 1
56 191 1
56 216 1
56 244 4
56 254 1
56 257 1
57 12 1
57 20 1
57 39 1
57 40 1
57 55 1
57 62 2
57 77 1
57 135 1
57 149 1
57 244 4
57 256 1
59 211 1
59 287 1
60 11 1
60 101 1
60 167 2
60 323 1
60 367 1
60 378 1
61 132 1
61 167 1
62 0 1
62 1 2
62 15 1
62 20 1
62 24 1
62 67 1
62 68 1
62 81 2
62 106 1
62 243 1
62 345 1
63 198 1
63 315 1
63 331 1
63 380 1
64 47 1
64 59 1
64 165 1
64 189 1
64 322 1
65 8 1
65 205 1
65 385 1
66 14 1
66 51 1
66 87 2
66 239 1
66 344 1
66 383 1
