2.671390271926464902e-02
2.697379219784428600e-02
2.203589210483120758e-02
2.224106800897302644e-02
2.252831427477157075e-02
2.137932921157739349e-02
2.006620342506975838e-02
1.861629370246758314e-02
1.202330798271051063e-02
1.169502653608360185e-02
1.179077529134978444e-02
1.157192099359851192e-02
1.113421239809596688e-02
9.916835366854516096e-03
9.492805164961426456e-03
9.424413196914154661e-03
9.356021228866881131e-03
8.904634239754882427e-03
8.603709580346884447e-03
8.234392952891612938e-03
8.740493516441429772e-03
8.001860261530885018e-03
7.865076325436341428e-03
7.728292389341796104e-03
7.769327570170158834e-03
7.372654155495978259e-03
6.866553591946161425e-03
7.099086283306888477e-03
6.675056081413798838e-03
6.551950538928708045e-03
5.772282103189801429e-03
6.497236964490889916e-03
6.442523390053071786e-03
6.114241943426163874e-03
5.909066039284346754e-03
6.319417847567981861e-03
5.758603709580346897e-03
5.717568528751983299e-03
5.061005635498167475e-03
5.772282103189801429e-03
5.074684029107622008e-03
5.389287082125075387e-03
4.924221699403622150e-03
5.033648848279258410e-03
5.266181539639984595e-03
5.225146358811620997e-03
5.047327241888712943e-03
5.102040816326530205e-03
4.595940252776714238e-03
4.978935273841440280e-03
4.978935273841440280e-03
4.746402582480713228e-03
4.855829731356349488e-03
4.855829731356349488e-03
4.896864912184713085e-03
4.951578486622531215e-03
4.910543305794167618e-03
4.158231657274170066e-03
4.035126114789079274e-03
4.103518082836351936e-03
3.994090933960715677e-03
3.706844668162170928e-03
3.597417519286535102e-03
3.816271817037807188e-03
3.870985391475625318e-03
3.665809487333807331e-03
3.570060732067626037e-03
3.720523061771625461e-03
3.269136072659626756e-03
3.611095912895989635e-03
3.679487880943261863e-03
3.515347157629807907e-03
3.146030530174536398e-03
3.132352136565081865e-03
3.173387317393445463e-03
3.022924987689445606e-03
3.050281774908354671e-03
3.050281774908354671e-03
3.255457679050172224e-03
2.940854626032718844e-03
2.544181211358538270e-03
2.804070689938173520e-03
2.954533019642173377e-03
2.886141051594900715e-03
3.091316955736718268e-03
2.735678721890901291e-03
2.585216392186901434e-03
2.804070689938173520e-03
2.680965147453083161e-03
2.585216392186901434e-03
2.585216392186901434e-03
2.708321934671992226e-03
2.585216392186901434e-03
2.380040488045083880e-03
2.297970126388357119e-03
2.434754062482902010e-03
2.311648519997811652e-03
2.297970126388357119e-03
2.516824424139629205e-03
2.202221371122175392e-03
2.393718881654538413e-03
2.243256551950538989e-03
2.352683700826174815e-03
2.284291732778902587e-03
2.380040488045083880e-03
2.311648519997811652e-03
2.024402254199266903e-03
1.969688679761448773e-03
2.393718881654538413e-03
2.079115828637085033e-03
2.092794222246539566e-03
2.120151009465448197e-03
1.914975105323630860e-03
2.161186190293811794e-03
2.038080647808721436e-03
2.092794222246539566e-03
2.092794222246539566e-03
1.956010286151994241e-03
1.928653498933085393e-03
1.901296711714176328e-03
2.010723860589812371e-03
1.846583137276358198e-03
1.846583137276358198e-03
1.846583137276358198e-03
2.024402254199266903e-03
1.942331892542539708e-03
1.750834382010176687e-03
2.010723860589812371e-03
1.928653498933085393e-03
1.873939924495267263e-03
1.901296711714176328e-03
1.956010286151994241e-03
1.696120807572358774e-03
1.791869562838540285e-03
1.696120807572358774e-03
1.819226350057449350e-03
1.914975105323630860e-03
1.709799201181813307e-03
1.668764020353449709e-03
1.545658477868359134e-03
1.641407233134540644e-03
1.709799201181813307e-03
1.395196148164359494e-03
1.682442413962904242e-03
1.573015265087268199e-03
1.641407233134540644e-03
1.463588116211632156e-03
1.449909722602177624e-03
1.504623297039995537e-03
1.600372052306177264e-03
1.422552935383268559e-03
1.504623297039995537e-03
1.490944903430541221e-03
1.531980084258904602e-03
1.586693658696722731e-03
1.285768999288723451e-03
1.367839360945450645e-03
1.531980084258904602e-03
1.586693658696722731e-03
1.436231328992723091e-03
1.354160967335996113e-03
1.436231328992723091e-03
1.463588116211632156e-03
1.436231328992723091e-03
1.463588116211632156e-03
1.299447392898177983e-03
1.354160967335996113e-03
1.408874541773814026e-03
1.381517754554905178e-03
1.395196148164359494e-03
1.299447392898177983e-03
1.340482573726541581e-03
1.367839360945450645e-03
1.217377031241451005e-03
1.299447392898177983e-03
1.340482573726541581e-03
1.285768999288723451e-03
1.190020244022541940e-03
1.162663456803632875e-03
1.217377031241451005e-03
1.203698637631996473e-03
1.135306669584724027e-03
1.272090605679269135e-03
1.176341850413087408e-03
9.985227334901789192e-04
1.258412212069814603e-03
1.176341850413087408e-03
1.162663456803632875e-03
1.244733818460360070e-03
1.039557914318542517e-03
1.080593095146905897e-03
1.066914701537451365e-03
1.025879520709087984e-03
1.025879520709087984e-03
9.848443398807243867e-04
1.107949882365814962e-03
9.711659462712698542e-04
1.039557914318542517e-03
1.094271488756360430e-03
1.094271488756360430e-03
1.053236307927996832e-03
9.164523718334518327e-04
7.659900421294523008e-04
9.438091590523608977e-04
1.066914701537451365e-03
9.711659462712698542e-04
8.617387973956338112e-04
9.164523718334518327e-04
1.012201127099633452e-03
9.027739782239974087e-04
1.025879520709087984e-03
9.574875526618154302e-04
9.438091590523608977e-04
1.025879520709087984e-03
9.848443398807243867e-04
9.027739782239974087e-04
8.890955846145428762e-04
9.027739782239974087e-04
8.617387973956338112e-04
7.523116485199977683e-04
8.343820101767248547e-04
8.343820101767248547e-04
8.617387973956338112e-04
7.933468293483613657e-04
8.890955846145428762e-04
9.164523718334518327e-04
8.207036165672703222e-04
8.617387973956338112e-04
7.659900421294523008e-04
9.301307654429063652e-04
7.523116485199977683e-04
6.839196804727253227e-04
8.207036165672703222e-04
8.480604037861793872e-04
7.796684357389068332e-04
7.933468293483613657e-04
8.207036165672703222e-04
7.659900421294523008e-04
8.343820101767248547e-04
7.933468293483613657e-04
7.659900421294523008e-04
8.617387973956338112e-04
8.343820101767248547e-04
8.480604037861793872e-04
7.796684357389068332e-04
7.933468293483613657e-04
7.112764676916342793e-04
7.796684357389068332e-04
7.933468293483613657e-04
7.523116485199977683e-04
7.796684357389068332e-04
7.249548613010888118e-04
7.523116485199977683e-04
6.975980740821797468e-04
7.112764676916342793e-04
6.839196804727253227e-04
7.249548613010888118e-04
7.386332549105433442e-04
6.565628932538162578e-04
6.292061060349073013e-04
6.975980740821797468e-04
6.565628932538162578e-04
6.565628932538162578e-04
6.292061060349073013e-04
7.523116485199977683e-04
7.386332549105433442e-04
6.839196804727253227e-04
6.702412868632707903e-04
6.565628932538162578e-04
6.702412868632707903e-04
6.428844996443617253e-04
6.565628932538162578e-04
6.702412868632707903e-04
6.839196804727253227e-04
5.334573507687256824e-04
6.839196804727253227e-04
5.744925315970892798e-04
5.744925315970892798e-04
6.702412868632707903e-04
6.018493188159982363e-04
5.334573507687256824e-04
6.292061060349073013e-04
6.018493188159982363e-04
5.881709252065437038e-04
6.428844996443617253e-04
6.155277124254527688e-04
5.881709252065437038e-04
6.018493188159982363e-04
6.155277124254527688e-04
5.744925315970892798e-04
6.155277124254527688e-04
6.292061060349073013e-04
5.471357443781802148e-04
5.608141379876347473e-04
5.471357443781802148e-04
5.881709252065437038e-04
5.744925315970892798e-04
5.061005635498167258e-04
5.881709252065437038e-04
5.197789571592712583e-04
4.924221699403621933e-04
4.650653827214531826e-04
5.334573507687256824e-04
5.197789571592712583e-04
5.744925315970892798e-04
4.377085955025441719e-04
5.197789571592712583e-04
5.334573507687256824e-04
5.197789571592712583e-04
5.608141379876347473e-04
5.334573507687256824e-04
5.608141379876347473e-04
4.377085955025441719e-04
5.197789571592712583e-04
5.608141379876347473e-04
5.061005635498167258e-04
4.787437763309077151e-04
4.787437763309077151e-04
5.471357443781802148e-04
5.471357443781802148e-04
4.377085955025441719e-04
5.197789571592712583e-04
4.924221699403621933e-04
4.924221699403621933e-04
4.377085955025441719e-04
4.924221699403621933e-04
5.197789571592712583e-04
4.787437763309077151e-04
4.650653827214531826e-04
4.650653827214531826e-04
4.650653827214531826e-04
4.513869891119987043e-04
4.924221699403621933e-04
4.377085955025441719e-04
4.103518082836351611e-04
4.103518082836351611e-04
4.787437763309077151e-04
4.513869891119987043e-04
4.513869891119987043e-04
4.103518082836351611e-04
4.924221699403621933e-04
4.240302018930896936e-04
4.240302018930896936e-04
4.240302018930896936e-04
4.377085955025441719e-04
4.513869891119987043e-04
4.377085955025441719e-04
4.103518082836351611e-04
4.513869891119987043e-04
3.966734146741806829e-04
4.103518082836351611e-04
4.103518082836351611e-04
4.103518082836351611e-04
4.377085955025441719e-04
4.513869891119987043e-04
4.650653827214531826e-04
4.240302018930896936e-04
3.966734146741806829e-04
4.240302018930896936e-04
4.513869891119987043e-04
4.240302018930896936e-04
3.829950210647261504e-04
3.966734146741806829e-04
3.966734146741806829e-04
3.556382338458171396e-04
3.829950210647261504e-04
3.556382338458171396e-04
4.377085955025441719e-04
3.146030530174536506e-04
3.556382338458171396e-04
4.240302018930896936e-04
4.103518082836351611e-04
3.146030530174536506e-04
3.556382338458171396e-04
2.872462657985446399e-04
3.693166274552716721e-04
4.103518082836351611e-04
4.103518082836351611e-04
3.419598402363626614e-04
3.966734146741806829e-04
3.966734146741806829e-04
3.693166274552716721e-04
3.966734146741806829e-04
3.966734146741806829e-04
3.966734146741806829e-04
3.556382338458171396e-04
3.556382338458171396e-04
3.556382338458171396e-04
3.829950210647261504e-04
3.556382338458171396e-04
3.282814466269081289e-04
3.009246594079991182e-04
3.146030530174536506e-04
3.693166274552716721e-04
3.419598402363626614e-04
3.693166274552716721e-04
3.693166274552716721e-04
3.693166274552716721e-04
2.598894785796356291e-04
3.693166274552716721e-04
3.556382338458171396e-04
3.282814466269081289e-04
3.282814466269081289e-04
3.282814466269081289e-04
3.419598402363626614e-04
3.556382338458171396e-04
3.009246594079991182e-04
3.419598402363626614e-04
2.598894785796356291e-04
2.735678721890901074e-04
3.009246594079991182e-04
3.419598402363626614e-04
3.282814466269081289e-04
3.146030530174536506e-04
3.146030530174536506e-04
3.146030530174536506e-04
1.094271488756360430e-04
3.419598402363626614e-04
2.735678721890901074e-04
3.419598402363626614e-04
3.009246594079991182e-04
3.146030530174536506e-04
3.282814466269081289e-04
3.282814466269081289e-04
1.914975105323630752e-04
3.146030530174536506e-04
2.735678721890901074e-04
2.598894785796356291e-04
2.735678721890901074e-04
3.146030530174536506e-04
3.146030530174536506e-04
3.146030530174536506e-04
3.009246594079991182e-04
2.872462657985446399e-04
3.009246594079991182e-04
2.735678721890901074e-04
2.598894785796356291e-04
2.462110849701810967e-04
2.598894785796356291e-04
3.009246594079991182e-04
3.009246594079991182e-04
2.872462657985446399e-04
2.188542977512720859e-04
3.009246594079991182e-04
2.872462657985446399e-04
2.598894785796356291e-04
2.872462657985446399e-04
2.735678721890901074e-04
2.325326913607265913e-04
2.462110849701810967e-04
2.598894785796356291e-04
2.735678721890901074e-04
2.735678721890901074e-04
2.462110849701810967e-04
2.735678721890901074e-04
2.051759041418175806e-04
2.598894785796356291e-04
2.735678721890901074e-04
2.735678721890901074e-04
2.598894785796356291e-04
2.598894785796356291e-04
2.598894785796356291e-04
2.325326913607265913e-04
2.325326913607265913e-04
2.462110849701810967e-04
2.325326913607265913e-04
1.641407233134540644e-04
2.325326913607265913e-04
1.641407233134540644e-04
1.914975105323630752e-04
2.325326913607265913e-04
2.188542977512720859e-04
2.051759041418175806e-04
2.462110849701810967e-04
2.051759041418175806e-04
2.462110849701810967e-04
1.641407233134540644e-04
2.462110849701810967e-04
2.462110849701810967e-04
2.462110849701810967e-04
2.462110849701810967e-04
2.051759041418175806e-04
2.051759041418175806e-04
2.462110849701810967e-04
2.051759041418175806e-04
1.778191169229085698e-04
1.914975105323630752e-04
2.325326913607265913e-04
2.462110849701810967e-04
2.325326913607265913e-04
2.325326913607265913e-04
2.325326913607265913e-04
2.051759041418175806e-04
2.188542977512720859e-04
2.325326913607265913e-04
2.325326913607265913e-04
2.325326913607265913e-04
2.325326913607265913e-04
1.778191169229085698e-04
2.325326913607265913e-04
2.188542977512720859e-04
2.051759041418175806e-04
2.188542977512720859e-04
1.914975105323630752e-04
2.188542977512720859e-04
1.914975105323630752e-04
1.778191169229085698e-04
1.914975105323630752e-04
2.188542977512720859e-04
2.188542977512720859e-04
2.188542977512720859e-04
2.188542977512720859e-04
2.188542977512720859e-04
2.051759041418175806e-04
2.188542977512720859e-04
2.188542977512720859e-04
2.051759041418175806e-04
2.051759041418175806e-04
2.188542977512720859e-04
1.914975105323630752e-04
2.188542977512720859e-04
2.188542977512720859e-04
2.188542977512720859e-04
1.778191169229085698e-04
1.914975105323630752e-04
1.641407233134540644e-04
2.188542977512720859e-04
1.641407233134540644e-04
2.051759041418175806e-04
2.051759041418175806e-04
1.778191169229085698e-04
1.914975105323630752e-04
1.778191169229085698e-04
2.051759041418175806e-04
1.778191169229085698e-04
1.914975105323630752e-04
1.914975105323630752e-04
1.914975105323630752e-04
1.778191169229085698e-04
1.914975105323630752e-04
1.778191169229085698e-04
1.914975105323630752e-04
1.914975105323630752e-04
1.778191169229085698e-04
1.641407233134540644e-04
1.914975105323630752e-04
1.504623297039995591e-04
1.914975105323630752e-04
1.914975105323630752e-04
1.914975105323630752e-04
1.914975105323630752e-04
1.504623297039995591e-04
1.914975105323630752e-04
1.914975105323630752e-04
1.778191169229085698e-04
1.778191169229085698e-04
1.778191169229085698e-04
1.778191169229085698e-04
1.641407233134540644e-04
1.778191169229085698e-04
1.778191169229085698e-04
1.778191169229085698e-04
1.504623297039995591e-04
1.641407233134540644e-04
1.778191169229085698e-04
1.641407233134540644e-04
1.778191169229085698e-04
1.778191169229085698e-04
1.778191169229085698e-04
1.641407233134540644e-04
1.504623297039995591e-04
1.641407233134540644e-04
1.367839360945450537e-04
1.504623297039995591e-04
1.367839360945450537e-04
1.641407233134540644e-04
1.504623297039995591e-04
1.367839360945450537e-04
8.207036165672703222e-05
1.367839360945450537e-04
1.641407233134540644e-04
1.367839360945450537e-04
1.641407233134540644e-04
1.641407233134540644e-04
1.367839360945450537e-04
1.094271488756360430e-04
1.641407233134540644e-04
1.641407233134540644e-04
1.367839360945450537e-04
1.641407233134540644e-04
9.574875526618153759e-05
1.367839360945450537e-04
1.367839360945450537e-04
1.641407233134540644e-04
1.504623297039995591e-04
1.504623297039995591e-04
1.641407233134540644e-04
1.641407233134540644e-04
1.504623297039995591e-04
1.367839360945450537e-04
1.231055424850905483e-04
1.504623297039995591e-04
5.471357443781802148e-05
1.504623297039995591e-04
1.504623297039995591e-04
1.504623297039995591e-04
1.231055424850905483e-04
1.367839360945450537e-04
1.504623297039995591e-04
1.367839360945450537e-04
1.231055424850905483e-04
1.504623297039995591e-04
1.504623297039995591e-04
1.367839360945450537e-04
9.574875526618153759e-05
1.367839360945450537e-04
1.231055424850905483e-04
1.094271488756360430e-04
1.367839360945450537e-04
8.207036165672703222e-05
1.367839360945450537e-04
1.231055424850905483e-04
1.367839360945450537e-04
1.367839360945450537e-04
1.367839360945450537e-04
1.231055424850905483e-04
1.367839360945450537e-04
1.367839360945450537e-04
1.231055424850905483e-04
1.231055424850905483e-04
1.367839360945450537e-04
1.094271488756360430e-04
1.367839360945450537e-04
1.367839360945450537e-04
1.094271488756360430e-04
8.207036165672703222e-05
1.367839360945450537e-04
1.367839360945450537e-04
1.094271488756360430e-04
1.367839360945450537e-04
1.367839360945450537e-04
1.367839360945450537e-04
1.367839360945450537e-04
1.367839360945450537e-04
1.094271488756360430e-04
8.207036165672703222e-05
9.574875526618153759e-05
1.231055424850905483e-04
1.231055424850905483e-04
1.231055424850905483e-04
1.231055424850905483e-04
1.231055424850905483e-04
1.231055424850905483e-04
1.231055424850905483e-04
1.231055424850905483e-04
1.231055424850905483e-04
1.231055424850905483e-04
1.231055424850905483e-04
1.231055424850905483e-04
1.231055424850905483e-04
1.094271488756360430e-04
6.839196804727252685e-05
1.231055424850905483e-04
5.471357443781802148e-05
1.094271488756360430e-04
1.094271488756360430e-04
8.207036165672703222e-05
1.094271488756360430e-04
9.574875526618153759e-05
1.094271488756360430e-04
8.207036165672703222e-05
1.094271488756360430e-04
9.574875526618153759e-05
9.574875526618153759e-05
1.094271488756360430e-04
9.574875526618153759e-05
1.094271488756360430e-04
1.094271488756360430e-04
1.094271488756360430e-04
1.094271488756360430e-04
1.094271488756360430e-04
9.574875526618153759e-05
1.094271488756360430e-04
2.735678721890901074e-05
9.574875526618153759e-05
1.094271488756360430e-04
1.094271488756360430e-04
1.094271488756360430e-04
1.094271488756360430e-04
5.471357443781802148e-05
8.207036165672703222e-05
1.094271488756360430e-04
1.094271488756360430e-04
1.094271488756360430e-04
1.094271488756360430e-04
1.094271488756360430e-04
1.094271488756360430e-04
1.094271488756360430e-04
1.094271488756360430e-04
1.094271488756360430e-04
8.207036165672703222e-05
5.471357443781802148e-05
1.094271488756360430e-04
8.207036165672703222e-05
1.094271488756360430e-04
5.471357443781802148e-05
1.094271488756360430e-04
2.735678721890901074e-05
1.094271488756360430e-04
1.094271488756360430e-04
1.094271488756360430e-04
9.574875526618153759e-05
1.094271488756360430e-04
9.574875526618153759e-05
1.094271488756360430e-04
8.207036165672703222e-05
1.094271488756360430e-04
5.471357443781802148e-05
8.207036165672703222e-05
8.207036165672703222e-05
9.574875526618153759e-05
9.574875526618153759e-05
8.207036165672703222e-05
9.574875526618153759e-05
9.574875526618153759e-05
9.574875526618153759e-05
9.574875526618153759e-05
9.574875526618153759e-05
8.207036165672703222e-05
9.574875526618153759e-05
9.574875526618153759e-05
8.207036165672703222e-05
9.574875526618153759e-05
8.207036165672703222e-05
9.574875526618153759e-05
8.207036165672703222e-05
8.207036165672703222e-05
8.207036165672703222e-05
6.839196804727252685e-05
8.207036165672703222e-05
5.471357443781802148e-05
8.207036165672703222e-05
8.207036165672703222e-05
8.207036165672703222e-05
8.207036165672703222e-05
8.207036165672703222e-05
8.207036165672703222e-05
8.207036165672703222e-05
5.471357443781802148e-05
8.207036165672703222e-05
8.207036165672703222e-05
8.207036165672703222e-05
8.207036165672703222e-05
8.207036165672703222e-05
8.207036165672703222e-05
8.207036165672703222e-05
8.207036165672703222e-05
4.103518082836351611e-05
8.207036165672703222e-05
6.839196804727252685e-05
8.207036165672703222e-05
5.471357443781802148e-05
8.207036165672703222e-05
8.207036165672703222e-05
5.471357443781802148e-05
8.207036165672703222e-05
6.839196804727252685e-05
8.207036165672703222e-05
8.207036165672703222e-05
8.207036165672703222e-05
8.207036165672703222e-05
8.207036165672703222e-05
8.207036165672703222e-05
8.207036165672703222e-05
2.735678721890901074e-05
8.207036165672703222e-05
8.207036165672703222e-05
6.839196804727252685e-05
8.207036165672703222e-05
8.207036165672703222e-05
8.207036165672703222e-05
8.207036165672703222e-05
8.207036165672703222e-05
5.471357443781802148e-05
8.207036165672703222e-05
8.207036165672703222e-05
8.207036165672703222e-05
8.207036165672703222e-05
8.207036165672703222e-05
8.207036165672703222e-05
8.207036165672703222e-05
6.839196804727252685e-05
6.839196804727252685e-05
5.471357443781802148e-05
6.839196804727252685e-05
6.839196804727252685e-05
6.839196804727252685e-05
5.471357443781802148e-05
6.839196804727252685e-05
6.839196804727252685e-05
6.839196804727252685e-05
6.839196804727252685e-05
6.839196804727252685e-05
6.839196804727252685e-05
6.839196804727252685e-05
6.839196804727252685e-05
5.471357443781802148e-05
6.839196804727252685e-05
6.839196804727252685e-05
6.839196804727252685e-05
6.839196804727252685e-05
6.839196804727252685e-05
6.839196804727252685e-05
6.839196804727252685e-05
6.839196804727252685e-05
6.839196804727252685e-05
6.839196804727252685e-05
6.839196804727252685e-05
6.839196804727252685e-05
6.839196804727252685e-05
5.471357443781802148e-05
6.839196804727252685e-05
5.471357443781802148e-05
5.471357443781802148e-05
5.471357443781802148e-05
4.103518082836351611e-05
2.735678721890901074e-05
5.471357443781802148e-05
2.735678721890901074e-05
5.471357443781802148e-05
5.471357443781802148e-05
5.471357443781802148e-05
5.471357443781802148e-05
5.471357443781802148e-05
2.735678721890901074e-05
5.471357443781802148e-05
5.471357443781802148e-05
5.471357443781802148e-05
5.471357443781802148e-05
2.735678721890901074e-05
5.471357443781802148e-05
5.471357443781802148e-05
2.735678721890901074e-05
5.471357443781802148e-05
5.471357443781802148e-05
5.471357443781802148e-05
5.471357443781802148e-05
5.471357443781802148e-05
4.103518082836351611e-05
5.471357443781802148e-05
5.471357443781802148e-05
5.471357443781802148e-05
5.471357443781802148e-05
5.471357443781802148e-05
5.471357443781802148e-05
4.103518082836351611e-05
5.471357443781802148e-05
5.471357443781802148e-05
5.471357443781802148e-05
5.471357443781802148e-05
2.735678721890901074e-05
5.471357443781802148e-05
5.471357443781802148e-05
5.471357443781802148e-05
4.103518082836351611e-05
5.471357443781802148e-05
5.471357443781802148e-05
2.735678721890901074e-05
5.471357443781802148e-05
5.471357443781802148e-05
5.471357443781802148e-05
0.000000000000000000e+00
5.471357443781802148e-05
5.471357443781802148e-05
5.471357443781802148e-05
4.103518082836351611e-05
5.471357443781802148e-05
5.471357443781802148e-05
5.471357443781802148e-05
5.471357443781802148e-05
5.471357443781802148e-05
5.471357443781802148e-05
5.471357443781802148e-05
5.471357443781802148e-05
5.471357443781802148e-05
5.471357443781802148e-05
5.471357443781802148e-05
4.103518082836351611e-05
5.471357443781802148e-05
4.103518082836351611e-05
2.735678721890901074e-05
5.471357443781802148e-05
5.471357443781802148e-05
5.471357443781802148e-05
5.471357443781802148e-05
5.471357443781802148e-05
5.471357443781802148e-05
5.471357443781802148e-05
5.471357443781802148e-05
5.471357443781802148e-05
