2.532238874133185824e-02
2.320718208804547697e-02
2.106793899551720473e-02
2.112803009362193216e-02
2.118812119172665612e-02
2.023868184167197312e-02
1.827971204345788317e-02
1.671734349273498732e-02
1.688559856742822066e-02
1.146538151838186713e-02
1.134519932217241400e-02
1.181390988738928276e-02
1.094859807468121643e-02
1.061208792529474629e-02
9.999158724626533434e-03
9.193938010023194538e-03
8.785318542911053213e-03
7.968079608686768830e-03
8.232480440347566056e-03
7.944043169444877858e-03
7.114786015599648857e-03
7.787806314372589141e-03
7.150840674462485315e-03
6.706166548487506665e-03
6.766257646592234096e-03
6.453783936447654926e-03
6.489838595310490517e-03
6.045164469335512734e-03
6.682130109245616560e-03
5.696636100328097106e-03
5.937000492747004227e-03
5.961036931988895199e-03
5.528381025634862035e-03
5.564435684497698494e-03
5.444253488288245367e-03
5.576453904118643980e-03
5.985073371230786171e-03
5.480308147151080958e-03
5.203889095869338247e-03
5.179852656627447274e-03
4.735178530652469492e-03
4.831324287620031646e-03
4.879397166103813591e-03
4.843342507240977132e-03
4.807287848378141541e-03
4.687105652168687547e-03
4.855360726861922618e-03
4.614996334443015498e-03
4.627014554063960984e-03
4.458759479370725913e-03
4.434723040128834941e-03
4.602978114822070012e-03
4.362613722403162891e-03
4.518850577475452476e-03
4.326559063540327300e-03
4.278486185056545356e-03
4.062158231879529208e-03
4.146285769226146743e-03
3.953994255291021567e-03
4.554905236338288935e-03
4.242431526193709765e-03
3.605465886283605939e-03
3.821793839460622087e-03
3.377119713485644305e-03
3.545374788178879376e-03
3.593447666662660453e-03
3.785739180597786063e-03
3.557393007799824428e-03
3.292992176139026769e-03
3.473265470453206893e-03
3.305010395759972255e-03
3.341065054622808280e-03
3.256937517276190745e-03
3.136755321066737184e-03
3.184828199550518695e-03
2.944463807131611575e-03
3.196846419171463748e-03
3.160791760308627723e-03
2.884372709026884578e-03
2.980518465994447599e-03
2.644008316607977891e-03
2.932445587510666089e-03
3.028591344478229110e-03
2.511807900777578845e-03
3.076664222962010621e-03
2.992536685615393086e-03
2.932445587510666089e-03
2.944463807131611575e-03
2.752172293196485965e-03
2.680062975470813916e-03
2.764190512817431018e-03
3.004554905236338138e-03
2.523826120398524331e-03
2.872354489405939525e-03
2.740154073575540479e-03
2.547862559640414869e-03
2.680062975470813916e-03
2.415662143810015823e-03
2.607953657745141433e-03
2.499789681156633359e-03
2.475753241914742820e-03
2.439698583051906795e-03
2.451716802672851848e-03
2.307498167221507749e-03
2.271443508358671724e-03
2.199334190632999675e-03
2.271443508358671724e-03
2.115206653286382139e-03
2.115206653286382139e-03
2.055115555181655576e-03
2.235388849495835700e-03
2.055115555181655576e-03
1.983006237455983093e-03
1.838787602004638994e-03
2.127224872907327625e-03
1.922915139351256530e-03
1.850805821625584480e-03
1.766678284278966945e-03
1.995024457076928579e-03
1.922915139351256530e-03
1.766678284278966945e-03
1.946951578593147285e-03
1.898878700109365774e-03
1.790714723520857700e-03
1.778696503899912214e-03
1.826769382383693725e-03
1.814751162762748239e-03
1.742641845037076189e-03
1.766678284278966945e-03
1.646496088069513385e-03
1.634477868448568115e-03
1.814751162762748239e-03
1.634477868448568115e-03
1.766678284278966945e-03
1.874842260867475019e-03
1.802732943141802970e-03
1.838787602004638994e-03
1.658514307690458654e-03
1.658514307690458654e-03
1.694568966553294895e-03
1.634477868448568115e-03
1.610441429206677360e-03
1.514295672239114555e-03
1.502277452618169069e-03
1.670532527311404140e-03
1.670532527311404140e-03
1.586404989964786605e-03
1.562368550722895849e-03
1.622459648827622629e-03
1.562368550722895849e-03
1.574386770343841335e-03
1.490259232997223800e-03
1.634477868448568115e-03
1.273931279820207435e-03
1.502277452618169069e-03
1.562368550722895849e-03
1.490259232997223800e-03
1.346040597545879484e-03
1.430168134892497020e-03
1.466222793755333044e-03
1.334022377924934215e-03
1.478241013376278530e-03
1.466222793755333044e-03
1.358058817166824970e-03
1.538332111481005311e-03
1.334022377924934215e-03
1.442186354513442289e-03
1.358058817166824970e-03
1.442186354513442289e-03
1.201821962094535385e-03
1.334022377924934215e-03
1.309985938683043459e-03
1.237876620957371410e-03
1.346040597545879484e-03
1.177785522852644630e-03
1.358058817166824970e-03
1.370077036787770240e-03
1.406131695650606264e-03
1.213840181715480655e-03
1.261913060199262165e-03
1.225858401336425924e-03
1.165767303231699361e-03
1.189803742473589899e-03
1.285949499441152704e-03
1.309985938683043459e-03
1.117694424747917850e-03
1.285949499441152704e-03
1.141730863989808605e-03
1.141730863989808605e-03
1.225858401336425924e-03
1.141730863989808605e-03
1.285949499441152704e-03
1.297967719062098190e-03
1.105676205126972581e-03
1.117694424747917850e-03
1.153749083610753874e-03
1.177785522852644630e-03
1.045585107022245800e-03
1.141730863989808605e-03
1.117694424747917850e-03
1.141730863989808605e-03
9.854940089175190203e-04
9.254029108127922402e-04
1.033566887401300314e-03
1.009530448159409559e-03
1.045585107022245800e-03
9.854940089175190203e-04
8.532935930871200824e-04
1.105676205126972581e-03
1.009530448159409559e-03
8.412753734661747047e-04
1.009530448159409559e-03
1.021548667780355045e-03
1.009530448159409559e-03
9.254029108127922402e-04
1.033566887401300314e-03
9.734757892965736426e-04
1.057603326643191070e-03
9.013664715709014848e-04
8.893482519499561071e-04
9.614575696756282649e-04
8.773300323290107294e-04
9.133846911918468625e-04
9.254029108127922402e-04
8.172389342242840577e-04
9.013664715709014848e-04
8.412753734661747047e-04
9.013664715709014848e-04
9.254029108127922402e-04
9.133846911918468625e-04
8.773300323290107294e-04
9.494393500546828872e-04
9.374211304337375095e-04
9.013664715709014848e-04
9.614575696756282649e-04
9.614575696756282649e-04
9.133846911918468625e-04
9.494393500546828872e-04
9.494393500546828872e-04
9.254029108127922402e-04
8.893482519499561071e-04
9.374211304337375095e-04
8.292571538452293270e-04
9.254029108127922402e-04
9.254029108127922402e-04
7.691660557405026553e-04
9.133846911918468625e-04
9.133846911918468625e-04
7.932024949823933023e-04
7.932024949823933023e-04
8.653118127080654601e-04
8.653118127080654601e-04
8.653118127080654601e-04
7.451296164986118999e-04
8.292571538452293270e-04
8.412753734661747047e-04
6.730202987729397420e-04
7.811842753614479246e-04
7.811842753614479246e-04
8.052207146033386800e-04
8.172389342242840577e-04
7.331113968776665222e-04
7.451296164986118999e-04
6.369656399101037174e-04
7.691660557405026553e-04
7.691660557405026553e-04
7.331113968776665222e-04
7.090749576357758752e-04
7.691660557405026553e-04
6.369656399101037174e-04
7.451296164986118999e-04
6.970567380148304975e-04
7.691660557405026553e-04
6.610020791519944728e-04
6.610020791519944728e-04
5.768745418053769372e-04
6.730202987729397420e-04
6.249474202891583396e-04
6.249474202891583396e-04
6.249474202891583396e-04
7.090749576357758752e-04
5.528381025634862903e-04
6.610020791519944728e-04
6.730202987729397420e-04
7.210931772567211444e-04
6.129292006682129619e-04
6.009109810472676927e-04
6.129292006682129619e-04
6.009109810472676927e-04
5.768745418053769372e-04
6.489838595310490951e-04
6.489838595310490951e-04
5.528381025634862903e-04
6.009109810472676927e-04
6.610020791519944728e-04
6.249474202891583396e-04
5.768745418053769372e-04
6.009109810472676927e-04
5.528381025634862903e-04
5.768745418053769372e-04
5.648563221844315595e-04
5.888927614263223149e-04
5.768745418053769372e-04
6.249474202891583396e-04
5.047652240797047794e-04
5.648563221844315595e-04
5.648563221844315595e-04
6.129292006682129619e-04
5.288016633215955348e-04
5.288016633215955348e-04
5.648563221844315595e-04
4.927470044587595101e-04
4.927470044587595101e-04
5.047652240797047794e-04
5.167834437006501571e-04
5.047652240797047794e-04
5.768745418053769372e-04
5.047652240797047794e-04
5.528381025634862903e-04
5.648563221844315595e-04
4.807287848378141324e-04
5.167834437006501571e-04
5.167834437006501571e-04
4.086194671121420288e-04
5.648563221844315595e-04
5.648563221844315595e-04
5.528381025634862903e-04
5.408198829425409125e-04
5.528381025634862903e-04
4.687105652168687547e-04
5.047652240797047794e-04
4.687105652168687547e-04
5.528381025634862903e-04
4.807287848378141324e-04
5.408198829425409125e-04
4.566923455959234312e-04
5.167834437006501571e-04
4.566923455959234312e-04
5.047652240797047794e-04
4.446741259749780535e-04
5.288016633215955348e-04
4.807287848378141324e-04
4.807287848378141324e-04
5.167834437006501571e-04
4.687105652168687547e-04
4.206376867330873523e-04
5.167834437006501571e-04
4.326559063540327300e-04
5.047652240797047794e-04
5.047652240797047794e-04
4.086194671121420288e-04
4.807287848378141324e-04
4.807287848378141324e-04
4.927470044587595101e-04
3.966012474911966511e-04
5.047652240797047794e-04
4.807287848378141324e-04
4.446741259749780535e-04
3.244919297655245475e-04
4.927470044587595101e-04
4.687105652168687547e-04
4.566923455959234312e-04
4.807287848378141324e-04
4.086194671121420288e-04
4.206376867330873523e-04
3.845830278702513276e-04
4.446741259749780535e-04
4.446741259749780535e-04
3.845830278702513276e-04
4.566923455959234312e-04
3.845830278702513276e-04
4.566923455959234312e-04
4.446741259749780535e-04
4.687105652168687547e-04
4.446741259749780535e-04
4.206376867330873523e-04
4.687105652168687547e-04
4.086194671121420288e-04
4.566923455959234312e-04
4.566923455959234312e-04
3.845830278702513276e-04
4.326559063540327300e-04
4.086194671121420288e-04
4.086194671121420288e-04
4.566923455959234312e-04
4.326559063540327300e-04
3.725648082493059499e-04
3.966012474911966511e-04
4.206376867330873523e-04
4.446741259749780535e-04
3.966012474911966511e-04
3.365101493864698710e-04
3.845830278702513276e-04
4.206376867330873523e-04
3.966012474911966511e-04
4.326559063540327300e-04
2.644008316607977674e-04
3.845830278702513276e-04
3.966012474911966511e-04
4.206376867330873523e-04
3.966012474911966511e-04
4.206376867330873523e-04
3.966012474911966511e-04
4.206376867330873523e-04
4.206376867330873523e-04
4.206376867330873523e-04
4.206376867330873523e-04
4.206376867330873523e-04
3.605465886283605722e-04
4.086194671121420288e-04
3.845830278702513276e-04
3.605465886283605722e-04
3.605465886283605722e-04
3.485283690074152487e-04
3.365101493864698710e-04
4.086194671121420288e-04
3.725648082493059499e-04
3.244919297655245475e-04
3.725648082493059499e-04
3.845830278702513276e-04
3.845830278702513276e-04
3.845830278702513276e-04
3.605465886283605722e-04
3.845830278702513276e-04
3.845830278702513276e-04
3.845830278702513276e-04
3.365101493864698710e-04
3.244919297655245475e-04
3.124737101445791698e-04
3.605465886283605722e-04
3.605465886283605722e-04
3.605465886283605722e-04
3.004554905236338463e-04
3.004554905236338463e-04
3.605465886283605722e-04
3.365101493864698710e-04
3.365101493864698710e-04
3.004554905236338463e-04
3.605465886283605722e-04
3.605465886283605722e-04
3.244919297655245475e-04
3.365101493864698710e-04
3.124737101445791698e-04
2.163279531770163650e-04
3.485283690074152487e-04
2.884372709026884686e-04
3.485283690074152487e-04
3.244919297655245475e-04
3.244919297655245475e-04
3.485283690074152487e-04
3.004554905236338463e-04
2.644008316607977674e-04
3.244919297655245475e-04
3.365101493864698710e-04
3.124737101445791698e-04
3.244919297655245475e-04
3.124737101445791698e-04
3.244919297655245475e-04
3.365101493864698710e-04
3.124737101445791698e-04
2.764190512817431451e-04
3.244919297655245475e-04
2.884372709026884686e-04
3.244919297655245475e-04
3.004554905236338463e-04
3.124737101445791698e-04
3.124737101445791698e-04
3.124737101445791698e-04
2.523826120398523897e-04
2.884372709026884686e-04
3.124737101445791698e-04
3.124737101445791698e-04
2.644008316607977674e-04
2.884372709026884686e-04
3.124737101445791698e-04
2.764190512817431451e-04
2.764190512817431451e-04
2.523826120398523897e-04
2.764190512817431451e-04
2.764190512817431451e-04
2.283461727979617156e-04
2.764190512817431451e-04
2.523826120398523897e-04
2.764190512817431451e-04
2.764190512817431451e-04
2.764190512817431451e-04
2.644008316607977674e-04
2.764190512817431451e-04
3.004554905236338463e-04
2.764190512817431451e-04
2.764190512817431451e-04
2.764190512817431451e-04
2.764190512817431451e-04
2.884372709026884686e-04
2.884372709026884686e-04
2.523826120398523897e-04
2.644008316607977674e-04
2.764190512817431451e-04
2.523826120398523897e-04
2.764190512817431451e-04
2.163279531770163650e-04
2.764190512817431451e-04
2.523826120398523897e-04
2.764190512817431451e-04
2.764190512817431451e-04
2.403643924189070662e-04
2.523826120398523897e-04
2.644008316607977674e-04
2.644008316607977674e-04
1.922915139351256638e-04
2.403643924189070662e-04
2.523826120398523897e-04
2.644008316607977674e-04
2.283461727979617156e-04
2.523826120398523897e-04
2.283461727979617156e-04
2.403643924189070662e-04
2.644008316607977674e-04
2.644008316607977674e-04
2.523826120398523897e-04
2.523826120398523897e-04
2.283461727979617156e-04
1.922915139351256638e-04
2.403643924189070662e-04
2.403643924189070662e-04
2.403643924189070662e-04
1.922915139351256638e-04
2.403643924189070662e-04
2.403643924189070662e-04
2.403643924189070662e-04
2.283461727979617156e-04
2.403643924189070662e-04
1.922915139351256638e-04
2.403643924189070662e-04
2.403643924189070662e-04
2.283461727979617156e-04
2.403643924189070662e-04
2.283461727979617156e-04
2.283461727979617156e-04
2.043097335560710144e-04
2.283461727979617156e-04
2.043097335560710144e-04
1.562368550722895849e-04
1.562368550722895849e-04
2.163279531770163650e-04
2.163279531770163650e-04
2.043097335560710144e-04
1.922915139351256638e-04
1.922915139351256638e-04
1.682550746932349355e-04
2.163279531770163650e-04
2.163279531770163650e-04
2.163279531770163650e-04
1.922915139351256638e-04
1.442186354513442343e-04
7.210931772567211716e-05
1.682550746932349355e-04
2.163279531770163650e-04
2.163279531770163650e-04
2.163279531770163650e-04
2.163279531770163650e-04
2.163279531770163650e-04
1.442186354513442343e-04
2.163279531770163650e-04
1.802732943141802861e-04
1.922915139351256638e-04
1.442186354513442343e-04
2.163279531770163650e-04
1.922915139351256638e-04
1.682550746932349355e-04
1.922915139351256638e-04
2.043097335560710144e-04
1.922915139351256638e-04
1.322004158303988837e-04
2.043097335560710144e-04
1.682550746932349355e-04
2.043097335560710144e-04
2.043097335560710144e-04
1.802732943141802861e-04
1.922915139351256638e-04
1.922915139351256638e-04
1.562368550722895849e-04
1.201821962094535331e-04
1.922915139351256638e-04
1.442186354513442343e-04
1.922915139351256638e-04
1.802732943141802861e-04
1.922915139351256638e-04
1.802732943141802861e-04
1.922915139351256638e-04
1.922915139351256638e-04
1.922915139351256638e-04
1.922915139351256638e-04
1.922915139351256638e-04
1.922915139351256638e-04
1.922915139351256638e-04
1.922915139351256638e-04
1.682550746932349355e-04
1.682550746932349355e-04
1.922915139351256638e-04
1.562368550722895849e-04
1.922915139351256638e-04
1.922915139351256638e-04
1.682550746932349355e-04
1.922915139351256638e-04
1.922915139351256638e-04
1.802732943141802861e-04
1.562368550722895849e-04
1.802732943141802861e-04
1.322004158303988837e-04
1.802732943141802861e-04
1.802732943141802861e-04
1.802732943141802861e-04
1.562368550722895849e-04
1.562368550722895849e-04
1.682550746932349355e-04
1.682550746932349355e-04
1.682550746932349355e-04
1.442186354513442343e-04
1.682550746932349355e-04
1.682550746932349355e-04
1.322004158303988837e-04
1.682550746932349355e-04
1.682550746932349355e-04
1.682550746932349355e-04
1.682550746932349355e-04
1.682550746932349355e-04
1.442186354513442343e-04
1.442186354513442343e-04
1.682550746932349355e-04
1.562368550722895849e-04
1.682550746932349355e-04
1.682550746932349355e-04
1.682550746932349355e-04
1.682550746932349355e-04
1.322004158303988837e-04
1.562368550722895849e-04
1.562368550722895849e-04
1.322004158303988837e-04
1.442186354513442343e-04
1.562368550722895849e-04
1.562368550722895849e-04
1.201821962094535331e-04
1.442186354513442343e-04
1.562368550722895849e-04
1.562368550722895849e-04
1.442186354513442343e-04
1.562368550722895849e-04
1.322004158303988837e-04
1.442186354513442343e-04
1.081639765885081825e-04
1.442186354513442343e-04
1.442186354513442343e-04
1.201821962094535331e-04
1.442186354513442343e-04
1.442186354513442343e-04
1.442186354513442343e-04
1.442186354513442343e-04
1.201821962094535331e-04
1.442186354513442343e-04
1.442186354513442343e-04
1.442186354513442343e-04
1.442186354513442343e-04
1.442186354513442343e-04
1.442186354513442343e-04
1.442186354513442343e-04
1.442186354513442343e-04
1.442186354513442343e-04
1.442186354513442343e-04
1.322004158303988837e-04
9.614575696756283191e-05
1.442186354513442343e-04
1.442186354513442343e-04
1.322004158303988837e-04
9.614575696756283191e-05
1.442186354513442343e-04
1.322004158303988837e-04
1.322004158303988837e-04
1.322004158303988837e-04
1.322004158303988837e-04
1.322004158303988837e-04
1.081639765885081825e-04
1.081639765885081825e-04
1.201821962094535331e-04
1.081639765885081825e-04
1.322004158303988837e-04
1.201821962094535331e-04
1.322004158303988837e-04
1.201821962094535331e-04
1.322004158303988837e-04
8.412753734661746776e-05
1.201821962094535331e-04
1.201821962094535331e-04
1.201821962094535331e-04
1.201821962094535331e-04
1.201821962094535331e-04
1.201821962094535331e-04
1.081639765885081825e-04
9.614575696756283191e-05
7.210931772567211716e-05
1.201821962094535331e-04
1.201821962094535331e-04
7.210931772567211716e-05
1.201821962094535331e-04
1.201821962094535331e-04
1.201821962094535331e-04
7.210931772567211716e-05
1.081639765885081825e-04
1.201821962094535331e-04
1.201821962094535331e-04
1.081639765885081825e-04
1.201821962094535331e-04
1.201821962094535331e-04
9.614575696756283191e-05
1.081639765885081825e-04
1.201821962094535331e-04
1.201821962094535331e-04
1.201821962094535331e-04
1.201821962094535331e-04
1.201821962094535331e-04
1.081639765885081825e-04
1.081639765885081825e-04
7.210931772567211716e-05
1.201821962094535331e-04
9.614575696756283191e-05
1.201821962094535331e-04
9.614575696756283191e-05
9.614575696756283191e-05
1.081639765885081825e-04
7.210931772567211716e-05
1.081639765885081825e-04
9.614575696756283191e-05
9.614575696756283191e-05
1.081639765885081825e-04
8.412753734661746776e-05
9.614575696756283191e-05
9.614575696756283191e-05
1.081639765885081825e-04
1.081639765885081825e-04
1.081639765885081825e-04
1.081639765885081825e-04
8.412753734661746776e-05
1.081639765885081825e-04
1.081639765885081825e-04
9.614575696756283191e-05
7.210931772567211716e-05
9.614575696756283191e-05
9.614575696756283191e-05
9.614575696756283191e-05
9.614575696756283191e-05
9.614575696756283191e-05
8.412753734661746776e-05
9.614575696756283191e-05
9.614575696756283191e-05
9.614575696756283191e-05
9.614575696756283191e-05
9.614575696756283191e-05
9.614575696756283191e-05
9.614575696756283191e-05
9.614575696756283191e-05
9.614575696756283191e-05
9.614575696756283191e-05
8.412753734661746776e-05
9.614575696756283191e-05
9.614575696756283191e-05
9.614575696756283191e-05
8.412753734661746776e-05
8.412753734661746776e-05
9.614575696756283191e-05
9.614575696756283191e-05
8.412753734661746776e-05
9.614575696756283191e-05
8.412753734661746776e-05
8.412753734661746776e-05
9.614575696756283191e-05
8.412753734661746776e-05
9.614575696756283191e-05
9.614575696756283191e-05
9.614575696756283191e-05
9.614575696756283191e-05
9.614575696756283191e-05
9.614575696756283191e-05
9.614575696756283191e-05
9.614575696756283191e-05
9.614575696756283191e-05
9.614575696756283191e-05
9.614575696756283191e-05
8.412753734661746776e-05
9.614575696756283191e-05
8.412753734661746776e-05
9.614575696756283191e-05
9.614575696756283191e-05
9.614575696756283191e-05
9.614575696756283191e-05
9.614575696756283191e-05
8.412753734661746776e-05
9.614575696756283191e-05
9.614575696756283191e-05
4.807287848378141595e-05
8.412753734661746776e-05
7.210931772567211716e-05
8.412753734661746776e-05
8.412753734661746776e-05
7.210931772567211716e-05
8.412753734661746776e-05
7.210931772567211716e-05
8.412753734661746776e-05
8.412753734661746776e-05
8.412753734661746776e-05
7.210931772567211716e-05
8.412753734661746776e-05
8.412753734661746776e-05
8.412753734661746776e-05
4.807287848378141595e-05
7.210931772567211716e-05
7.210931772567211716e-05
8.412753734661746776e-05
7.210931772567211716e-05
7.210931772567211716e-05
7.210931772567211716e-05
7.210931772567211716e-05
7.210931772567211716e-05
7.210931772567211716e-05
7.210931772567211716e-05
7.210931772567211716e-05
4.807287848378141595e-05
4.807287848378141595e-05
7.210931772567211716e-05
7.210931772567211716e-05
4.807287848378141595e-05
7.210931772567211716e-05
7.210931772567211716e-05
7.210931772567211716e-05
7.210931772567211716e-05
7.210931772567211716e-05
7.210931772567211716e-05
6.009109810472676655e-05
7.210931772567211716e-05
7.210931772567211716e-05
7.210931772567211716e-05
7.210931772567211716e-05
7.210931772567211716e-05
7.210931772567211716e-05
4.807287848378141595e-05
4.807287848378141595e-05
7.210931772567211716e-05
7.210931772567211716e-05
7.210931772567211716e-05
7.210931772567211716e-05
7.210931772567211716e-05
7.210931772567211716e-05
7.210931772567211716e-05
7.210931772567211716e-05
4.807287848378141595e-05
4.807287848378141595e-05
6.009109810472676655e-05
7.210931772567211716e-05
7.210931772567211716e-05
7.210931772567211716e-05
3.605465886283605858e-05
7.210931772567211716e-05
7.210931772567211716e-05
7.210931772567211716e-05
7.210931772567211716e-05
7.210931772567211716e-05
7.210931772567211716e-05
7.210931772567211716e-05
4.807287848378141595e-05
7.210931772567211716e-05
7.210931772567211716e-05
4.807287848378141595e-05
7.210931772567211716e-05
7.210931772567211716e-05
4.807287848378141595e-05
7.210931772567211716e-05
7.210931772567211716e-05
7.210931772567211716e-05
6.009109810472676655e-05
7.210931772567211716e-05
4.807287848378141595e-05
6.009109810472676655e-05
7.210931772567211716e-05
7.210931772567211716e-05
7.210931772567211716e-05
7.210931772567211716e-05
6.009109810472676655e-05
6.009109810472676655e-05
6.009109810472676655e-05
6.009109810472676655e-05
6.009109810472676655e-05
6.009109810472676655e-05
6.009109810472676655e-05
6.009109810472676655e-05
4.807287848378141595e-05
6.009109810472676655e-05
6.009109810472676655e-05
6.009109810472676655e-05
6.009109810472676655e-05
4.807287848378141595e-05
6.009109810472676655e-05
