2.684708997403126296e-02
2.118234125973827639e-02
2.052039309537145514e-02
1.798716838942919852e-02
1.791078975507917961e-02
1.699424614287896665e-02
1.444829166454503731e-02
1.399001985844493083e-02
1.248790671622791379e-02
1.258974489536127117e-02
1.216966240643617241e-02
1.188960741381944047e-02
1.134222720097764585e-02
9.585518610927237088e-03
9.318193390702174395e-03
9.152706349610469083e-03
8.923570446560415842e-03
8.579866591985335980e-03
8.274352054585263835e-03
8.516217730026986316e-03
8.185243647843575693e-03
7.395997759560059455e-03
7.459646621518407385e-03
7.383267987168389349e-03
7.230510718468354144e-03
7.332348897601710658e-03
7.306889352818371312e-03
7.077753449768318071e-03
7.205051173685014798e-03
6.555832781709862792e-03
6.352156423443148896e-03
6.339426651051478789e-03
6.288507561484800966e-03
6.161209837568104239e-03
6.021182341259738273e-03
6.059371658434746857e-03
6.123020520393095655e-03
5.728397576251336235e-03
5.944803706909720237e-03
5.741127348643006341e-03
5.893884617343041546e-03
5.677478486684658411e-03
5.842965527776363723e-03
5.499261673201282993e-03
5.461072356026274409e-03
5.257395997759559646e-03
5.371963949284587134e-03
5.193747135801211716e-03
5.168287591017872371e-03
4.773664646876113818e-03
4.824583736442792509e-03
4.697286012526095782e-03
4.659096695351087197e-03
4.595447833392739267e-03
4.417231019909363850e-03
4.455420337084373301e-03
4.404501247517694611e-03
4.213554661642649954e-03
4.315392840776007335e-03
4.239014206425989299e-03
4.111716482509292572e-03
4.188095116859310608e-03
4.035337848159274536e-03
4.086256937725953227e-03
3.768012627934212710e-03
3.806201945109221295e-03
3.806201945109221295e-03
3.806201945109221295e-03
3.755282855542543038e-03
3.666174448800855329e-03
3.589795814450837726e-03
3.640714904017515983e-03
3.615255359234177072e-03
3.322470594225775033e-03
3.526146952492489363e-03
3.322470594225775033e-03
3.233362187484087758e-03
3.246091959875757431e-03
3.169713325525739395e-03
3.246091959875757431e-03
3.067875146392382447e-03
3.093334691175721792e-03
2.940577422475686153e-03
2.991496512042364844e-03
2.851469015733998878e-03
3.042415601609043101e-03
3.029685829217373429e-03
2.902388105300677135e-03
2.915117877692346808e-03
2.876928560517337790e-03
2.864198788125668117e-03
2.864198788125668117e-03
2.775090381383980842e-03
2.813279698558989860e-03
2.711441519425632479e-03
2.736901064208971824e-03
2.685981974642293567e-03
2.698711747033963240e-03
2.749630836600641497e-03
2.775090381383980842e-03
2.736901064208971824e-03
2.545954478333927601e-03
2.533224705942257928e-03
2.469575843983909565e-03
2.444116299200570219e-03
2.380467437242222289e-03
2.342278120067213271e-03
2.380467437242222289e-03
2.431386526808900547e-03
2.393197209633891962e-03
2.278629258108864908e-03
2.214980396150516978e-03
2.227710168542186651e-03
2.214980396150516978e-03
2.240439940933855890e-03
2.176791078975507960e-03
2.202250623758847305e-03
2.138601761800498942e-03
1.998574265492132976e-03
2.011304037883802649e-03
2.074952899842151012e-03
2.011304037883802649e-03
1.934925403533784829e-03
1.985844493100463303e-03
1.985844493100463303e-03
2.074952899842151012e-03
2.011304037883802649e-03
2.011304037883802649e-03
1.934925403533784829e-03
1.998574265492132976e-03
1.845816996792097337e-03
1.858546769183767010e-03
1.807627679617088536e-03
1.705789500483731371e-03
1.820357452008757992e-03
1.794897907225418863e-03
1.782168134833749190e-03
1.782168134833749190e-03
1.693059728092061698e-03
1.743978817658740172e-03
1.820357452008757992e-03
1.693059728092061698e-03
1.654870410917052897e-03
1.718519272875401044e-03
1.667600183308722353e-03
1.718519272875401044e-03
1.642140638525383224e-03
1.578491776567035078e-03
1.693059728092061698e-03
1.603951321350374206e-03
1.553032231783695732e-03
1.578491776567035078e-03
1.578491776567035078e-03
1.667600183308722353e-03
1.527572687000356387e-03
1.514842914608686714e-03
1.565762004175365405e-03
1.553032231783695732e-03
1.553032231783695732e-03
1.476653597433677913e-03
1.502113142217017258e-03
1.451194052650338568e-03
1.463923825042008240e-03
1.463923825042008240e-03
1.374815418300320748e-03
1.438464280258668895e-03
1.374815418300320748e-03
1.463923825042008240e-03
1.438464280258668895e-03
1.374815418300320748e-03
1.285707011558633256e-03
1.400274963083660094e-03
1.387545190691990421e-03
1.349355873516981620e-03
1.311166556341972602e-03
1.323896328733642274e-03
1.311166556341972602e-03
1.285707011558633256e-03
1.272977239166963800e-03
1.272977239166963800e-03
1.285707011558633256e-03
1.323896328733642274e-03
1.234787921991954782e-03
1.247517694383624455e-03
1.272977239166963800e-03
1.183868832425276308e-03
1.209328377208615437e-03
1.196598604816945981e-03
1.222058149600285110e-03
1.158409287641936963e-03
1.158409287641936963e-03
1.196598604816945981e-03
1.171139060033606636e-03
1.183868832425276308e-03
1.107490198075258489e-03
1.094760425683588816e-03
1.120219970466927945e-03
1.132949742858597618e-03
1.120219970466927945e-03
1.107490198075258489e-03
1.120219970466927945e-03
1.082030653291919144e-03
1.145679515250267290e-03
1.094760425683588816e-03
1.005652018941901324e-03
1.082030653291919144e-03
1.069300880900249471e-03
1.069300880900249471e-03
1.018381791333570997e-03
1.031111563725240670e-03
1.005652018941901324e-03
1.031111563725240670e-03
9.801924741585619789e-04
9.929222465502316516e-04
1.018381791333570997e-03
1.005652018941901324e-03
1.043841336116910126e-03
9.165436122002138322e-04
9.292733845918835049e-04
1.018381791333570997e-03
9.292733845918835049e-04
9.674627017668924146e-04
9.547329293752227419e-04
1.005652018941901324e-03
9.801924741585619789e-04
1.005652018941901324e-03
1.005652018941901324e-03
8.656245226335353583e-04
8.656245226335353583e-04
8.528947502418656856e-04
9.420031569835531776e-04
8.528947502418656856e-04
8.910840674168745952e-04
9.420031569835531776e-04
8.019756606751871032e-04
8.528947502418656856e-04
7.765161158918478662e-04
7.765161158918478662e-04
8.019756606751871032e-04
8.147054330668567759e-04
8.147054330668567759e-04
8.147054330668567759e-04
7.510565711085086292e-04
7.383267987168389565e-04
8.019756606751871032e-04
7.892458882835175389e-04
8.147054330668567759e-04
8.019756606751871032e-04
8.019756606751871032e-04
7.255970263251692838e-04
7.765161158918478662e-04
7.510565711085086292e-04
7.892458882835175389e-04
7.510565711085086292e-04
7.128672539334997196e-04
7.510565711085086292e-04
6.746779367584908099e-04
7.255970263251692838e-04
6.874077091501603742e-04
7.128672539334997196e-04
7.765161158918478662e-04
7.383267987168389565e-04
7.128672539334997196e-04
7.128672539334997196e-04
6.619481643668211372e-04
6.874077091501603742e-04
7.255970263251692838e-04
6.746779367584908099e-04
7.128672539334997196e-04
6.874077091501603742e-04
6.746779367584908099e-04
6.746779367584908099e-04
7.001374815418300469e-04
6.874077091501603742e-04
6.492183919751514645e-04
5.728397576251336451e-04
7.128672539334997196e-04
6.619481643668211372e-04
5.982993024084729905e-04
6.492183919751514645e-04
6.746779367584908099e-04
6.110290748001425548e-04
6.746779367584908099e-04
6.364886195834819002e-04
6.364886195834819002e-04
5.855695300168033178e-04
5.982993024084729905e-04
5.982993024084729905e-04
6.237588471918122275e-04
5.855695300168033178e-04
6.110290748001425548e-04
5.728397576251336451e-04
5.855695300168033178e-04
5.601099852334639724e-04
5.601099852334639724e-04
5.982993024084729905e-04
5.982993024084729905e-04
5.728397576251336451e-04
5.982993024084729905e-04
5.601099852334639724e-04
5.728397576251336451e-04
5.855695300168033178e-04
5.855695300168033178e-04
5.982993024084729905e-04
5.601099852334639724e-04
5.346504404501247355e-04
4.964611232751158258e-04
5.473802128417944082e-04
4.837313508834462073e-04
5.601099852334639724e-04
5.601099852334639724e-04
5.601099852334639724e-04
5.601099852334639724e-04
5.091908956667854985e-04
5.346504404501247355e-04
5.219206680584550628e-04
5.219206680584550628e-04
4.837313508834462073e-04
5.091908956667854985e-04
5.091908956667854985e-04
5.219206680584550628e-04
4.710015784917765888e-04
5.091908956667854985e-04
5.091908956667854985e-04
4.710015784917765888e-04
4.837313508834462073e-04
5.219206680584550628e-04
5.219206680584550628e-04
4.582718061001069161e-04
5.091908956667854985e-04
5.346504404501247355e-04
5.219206680584550628e-04
5.091908956667854985e-04
5.091908956667854985e-04
4.837313508834462073e-04
4.455420337084372976e-04
4.964611232751158258e-04
4.455420337084372976e-04
4.328122613167676791e-04
4.710015784917765888e-04
4.710015784917765888e-04
4.582718061001069161e-04
4.582718061001069161e-04
4.964611232751158258e-04
4.455420337084372976e-04
4.200824889250980064e-04
4.582718061001069161e-04
4.964611232751158258e-04
4.200824889250980064e-04
4.582718061001069161e-04
4.837313508834462073e-04
4.710015784917765888e-04
4.200824889250980064e-04
4.455420337084372976e-04
4.328122613167676791e-04
4.328122613167676791e-04
4.455420337084372976e-04
4.582718061001069161e-04
4.455420337084372976e-04
4.073527165334283879e-04
4.073527165334283879e-04
4.328122613167676791e-04
4.200824889250980064e-04
3.691633993584194783e-04
4.200824889250980064e-04
4.073527165334283879e-04
4.073527165334283879e-04
4.455420337084372976e-04
4.073527165334283879e-04
4.073527165334283879e-04
3.691633993584194783e-04
4.073527165334283879e-04
3.946229441417587695e-04
4.328122613167676791e-04
4.200824889250980064e-04
3.691633993584194783e-04
4.455420337084372976e-04
4.328122613167676791e-04
3.818931717500890968e-04
4.200824889250980064e-04
3.691633993584194783e-04
4.073527165334283879e-04
3.946229441417587695e-04
3.946229441417587695e-04
3.564336269667498598e-04
3.437038545750801871e-04
3.946229441417587695e-04
3.818931717500890968e-04
3.055145374000712774e-04
3.691633993584194783e-04
3.818931717500890968e-04
3.818931717500890968e-04
3.818931717500890968e-04
4.073527165334283879e-04
3.946229441417587695e-04
3.818931717500890968e-04
3.946229441417587695e-04
3.818931717500890968e-04
3.818931717500890968e-04
3.437038545750801871e-04
3.437038545750801871e-04
3.818931717500890968e-04
3.437038545750801871e-04
3.691633993584194783e-04
3.564336269667498598e-04
3.946229441417587695e-04
3.818931717500890968e-04
3.182443097917409501e-04
3.182443097917409501e-04
3.564336269667498598e-04
3.691633993584194783e-04
3.309740821834105686e-04
3.309740821834105686e-04
3.309740821834105686e-04
3.182443097917409501e-04
3.437038545750801871e-04
3.309740821834105686e-04
3.309740821834105686e-04
3.182443097917409501e-04
3.564336269667498598e-04
3.309740821834105686e-04
3.055145374000712774e-04
2.927847650084016589e-04
3.437038545750801871e-04
2.800549926167319862e-04
3.564336269667498598e-04
3.564336269667498598e-04
3.182443097917409501e-04
2.927847650084016589e-04
3.182443097917409501e-04
3.309740821834105686e-04
3.182443097917409501e-04
3.182443097917409501e-04
2.800549926167319862e-04
3.055145374000712774e-04
2.800549926167319862e-04
3.182443097917409501e-04
3.055145374000712774e-04
2.673252202250623677e-04
2.673252202250623677e-04
3.182443097917409501e-04
2.673252202250623677e-04
2.545954478333927492e-04
2.800549926167319862e-04
2.673252202250623677e-04
2.800549926167319862e-04
2.800549926167319862e-04
2.673252202250623677e-04
3.055145374000712774e-04
2.418656754417231036e-04
2.800549926167319862e-04
2.800549926167319862e-04
2.800549926167319862e-04
2.800549926167319862e-04
2.673252202250623677e-04
2.800549926167319862e-04
2.927847650084016589e-04
2.927847650084016589e-04
3.055145374000712774e-04
2.927847650084016589e-04
2.673252202250623677e-04
2.800549926167319862e-04
2.673252202250623677e-04
2.291359030500534581e-04
2.673252202250623677e-04
2.673252202250623677e-04
2.927847650084016589e-04
2.673252202250623677e-04
2.927847650084016589e-04
2.673252202250623677e-04
2.673252202250623677e-04
2.291359030500534581e-04
2.800549926167319862e-04
2.418656754417231036e-04
2.545954478333927492e-04
2.545954478333927492e-04
2.291359030500534581e-04
2.673252202250623677e-04
2.164061306583838396e-04
2.673252202250623677e-04
2.291359030500534581e-04
2.673252202250623677e-04
2.291359030500534581e-04
2.545954478333927492e-04
2.673252202250623677e-04
2.673252202250623677e-04
2.291359030500534581e-04
1.654870410917052843e-04
2.164061306583838396e-04
2.418656754417231036e-04
2.418656754417231036e-04
2.418656754417231036e-04
2.545954478333927492e-04
2.418656754417231036e-04
2.291359030500534581e-04
2.418656754417231036e-04
2.418656754417231036e-04
2.418656754417231036e-04
2.291359030500534581e-04
1.909465858750445484e-04
2.291359030500534581e-04
2.036763582667141940e-04
2.164061306583838396e-04
2.036763582667141940e-04
2.036763582667141940e-04
2.036763582667141940e-04
2.291359030500534581e-04
2.036763582667141940e-04
2.164061306583838396e-04
2.164061306583838396e-04
2.164061306583838396e-04
2.036763582667141940e-04
1.909465858750445484e-04
2.036763582667141940e-04
2.291359030500534581e-04
2.291359030500534581e-04
1.782168134833749299e-04
2.164061306583838396e-04
2.291359030500534581e-04
2.036763582667141940e-04
2.164061306583838396e-04
2.036763582667141940e-04
1.909465858750445484e-04
1.909465858750445484e-04
2.036763582667141940e-04
2.291359030500534581e-04
1.782168134833749299e-04
2.036763582667141940e-04
2.036763582667141940e-04
1.782168134833749299e-04
1.909465858750445484e-04
1.527572687000356387e-04
2.164061306583838396e-04
2.036763582667141940e-04
1.909465858750445484e-04
1.527572687000356387e-04
1.909465858750445484e-04
1.909465858750445484e-04
1.527572687000356387e-04
1.909465858750445484e-04
1.654870410917052843e-04
1.782168134833749299e-04
1.909465858750445484e-04
1.527572687000356387e-04
2.036763582667141940e-04
1.654870410917052843e-04
2.036763582667141940e-04
1.654870410917052843e-04
1.654870410917052843e-04
2.036763582667141940e-04
1.909465858750445484e-04
1.909465858750445484e-04
1.782168134833749299e-04
1.909465858750445484e-04
1.909465858750445484e-04
1.909465858750445484e-04
1.909465858750445484e-04
1.527572687000356387e-04
1.782168134833749299e-04
1.782168134833749299e-04
1.654870410917052843e-04
1.527572687000356387e-04
1.654870410917052843e-04
1.909465858750445484e-04
1.782168134833749299e-04
1.782168134833749299e-04
1.654870410917052843e-04
1.782168134833749299e-04
1.909465858750445484e-04
1.654870410917052843e-04
1.909465858750445484e-04
1.527572687000356387e-04
1.400274963083659931e-04
1.782168134833749299e-04
1.654870410917052843e-04
1.527572687000356387e-04
1.527572687000356387e-04
1.400274963083659931e-04
1.400274963083659931e-04
1.527572687000356387e-04
1.782168134833749299e-04
1.400274963083659931e-04
1.654870410917052843e-04
1.654870410917052843e-04
1.782168134833749299e-04
1.527572687000356387e-04
1.654870410917052843e-04
1.527572687000356387e-04
1.654870410917052843e-04
1.400274963083659931e-04
1.527572687000356387e-04
1.654870410917052843e-04
1.527572687000356387e-04
1.400274963083659931e-04
1.527572687000356387e-04
1.145679515250267290e-04
1.527572687000356387e-04
1.400274963083659931e-04
1.527572687000356387e-04
1.654870410917052843e-04
1.272977239166963746e-04
1.654870410917052843e-04
1.400274963083659931e-04
1.654870410917052843e-04
1.272977239166963746e-04
1.400274963083659931e-04
1.400274963083659931e-04
1.400274963083659931e-04
1.400274963083659931e-04
1.527572687000356387e-04
1.400274963083659931e-04
1.527572687000356387e-04
1.527572687000356387e-04
1.272977239166963746e-04
1.400274963083659931e-04
1.527572687000356387e-04
1.400274963083659931e-04
1.400274963083659931e-04
1.400274963083659931e-04
1.527572687000356387e-04
8.910840674168746495e-05
1.400274963083659931e-04
1.272977239166963746e-04
1.527572687000356387e-04
1.527572687000356387e-04
1.272977239166963746e-04
1.272977239166963746e-04
1.272977239166963746e-04
1.400274963083659931e-04
1.145679515250267290e-04
1.400274963083659931e-04
1.272977239166963746e-04
1.272977239166963746e-04
1.018381791333570970e-04
1.145679515250267290e-04
1.272977239166963746e-04
1.400274963083659931e-04
1.018381791333570970e-04
7.637863435001781935e-05
1.400274963083659931e-04
1.400274963083659931e-04
1.272977239166963746e-04
1.272977239166963746e-04
1.018381791333570970e-04
1.272977239166963746e-04
1.145679515250267290e-04
1.272977239166963746e-04
1.018381791333570970e-04
1.272977239166963746e-04
1.272977239166963746e-04
1.272977239166963746e-04
1.018381791333570970e-04
1.272977239166963746e-04
8.910840674168746495e-05
1.145679515250267290e-04
1.272977239166963746e-04
1.272977239166963746e-04
1.272977239166963746e-04
1.272977239166963746e-04
1.018381791333570970e-04
1.272977239166963746e-04
1.018381791333570970e-04
1.145679515250267290e-04
1.272977239166963746e-04
1.018381791333570970e-04
1.272977239166963746e-04
1.018381791333570970e-04
8.910840674168746495e-05
1.272977239166963746e-04
1.018381791333570970e-04
1.145679515250267290e-04
1.272977239166963746e-04
1.145679515250267290e-04
1.145679515250267290e-04
1.145679515250267290e-04
1.145679515250267290e-04
8.910840674168746495e-05
1.018381791333570970e-04
1.018381791333570970e-04
1.145679515250267290e-04
1.145679515250267290e-04
1.018381791333570970e-04
1.145679515250267290e-04
1.145679515250267290e-04
1.018381791333570970e-04
1.145679515250267290e-04
8.910840674168746495e-05
1.145679515250267290e-04
7.637863435001781935e-05
7.637863435001781935e-05
8.910840674168746495e-05
5.091908956667854849e-05
1.018381791333570970e-04
8.910840674168746495e-05
7.637863435001781935e-05
1.018381791333570970e-04
1.018381791333570970e-04
7.637863435001781935e-05
6.364886195834818731e-05
8.910840674168746495e-05
8.910840674168746495e-05
8.910840674168746495e-05
1.018381791333570970e-04
8.910840674168746495e-05
8.910840674168746495e-05
1.018381791333570970e-04
8.910840674168746495e-05
1.018381791333570970e-04
8.910840674168746495e-05
8.910840674168746495e-05
1.018381791333570970e-04
1.018381791333570970e-04
5.091908956667854849e-05
8.910840674168746495e-05
8.910840674168746495e-05
8.910840674168746495e-05
1.018381791333570970e-04
8.910840674168746495e-05
8.910840674168746495e-05
7.637863435001781935e-05
1.018381791333570970e-04
8.910840674168746495e-05
8.910840674168746495e-05
8.910840674168746495e-05
8.910840674168746495e-05
8.910840674168746495e-05
1.018381791333570970e-04
8.910840674168746495e-05
1.018381791333570970e-04
7.637863435001781935e-05
1.018381791333570970e-04
1.018381791333570970e-04
8.910840674168746495e-05
7.637863435001781935e-05
1.018381791333570970e-04
8.910840674168746495e-05
8.910840674168746495e-05
7.637863435001781935e-05
8.910840674168746495e-05
6.364886195834818731e-05
8.910840674168746495e-05
8.910840674168746495e-05
7.637863435001781935e-05
5.091908956667854849e-05
7.637863435001781935e-05
7.637863435001781935e-05
6.364886195834818731e-05
7.637863435001781935e-05
7.637863435001781935e-05
7.637863435001781935e-05
6.364886195834818731e-05
6.364886195834818731e-05
6.364886195834818731e-05
7.637863435001781935e-05
7.637863435001781935e-05
7.637863435001781935e-05
6.364886195834818731e-05
7.637863435001781935e-05
7.637863435001781935e-05
6.364886195834818731e-05
7.637863435001781935e-05
7.637863435001781935e-05
7.637863435001781935e-05
6.364886195834818731e-05
6.364886195834818731e-05
6.364886195834818731e-05
7.637863435001781935e-05
6.364886195834818731e-05
6.364886195834818731e-05
7.637863435001781935e-05
7.637863435001781935e-05
7.637863435001781935e-05
6.364886195834818731e-05
5.091908956667854849e-05
7.637863435001781935e-05
6.364886195834818731e-05
7.637863435001781935e-05
6.364886195834818731e-05
3.818931717500890968e-05
7.637863435001781935e-05
7.637863435001781935e-05
6.364886195834818731e-05
6.364886195834818731e-05
5.091908956667854849e-05
5.091908956667854849e-05
7.637863435001781935e-05
7.637863435001781935e-05
5.091908956667854849e-05
7.637863435001781935e-05
7.637863435001781935e-05
6.364886195834818731e-05
6.364886195834818731e-05
7.637863435001781935e-05
5.091908956667854849e-05
7.637863435001781935e-05
7.637863435001781935e-05
7.637863435001781935e-05
7.637863435001781935e-05
7.637863435001781935e-05
6.364886195834818731e-05
6.364886195834818731e-05
6.364886195834818731e-05
6.364886195834818731e-05
7.637863435001781935e-05
7.637863435001781935e-05
5.091908956667854849e-05
5.091908956667854849e-05
5.091908956667854849e-05
6.364886195834818731e-05
3.818931717500890968e-05
6.364886195834818731e-05
6.364886195834818731e-05
6.364886195834818731e-05
5.091908956667854849e-05
6.364886195834818731e-05
6.364886195834818731e-05
5.091908956667854849e-05
6.364886195834818731e-05
5.091908956667854849e-05
6.364886195834818731e-05
5.091908956667854849e-05
6.364886195834818731e-05
6.364886195834818731e-05
6.364886195834818731e-05
6.364886195834818731e-05
6.364886195834818731e-05
5.091908956667854849e-05
5.091908956667854849e-05
5.091908956667854849e-05
6.364886195834818731e-05
6.364886195834818731e-05
6.364886195834818731e-05
6.364886195834818731e-05
5.091908956667854849e-05
6.364886195834818731e-05
6.364886195834818731e-05
5.091908956667854849e-05
6.364886195834818731e-05
6.364886195834818731e-05
5.091908956667854849e-05
5.091908956667854849e-05
5.091908956667854849e-05
5.091908956667854849e-05
5.091908956667854849e-05
6.364886195834818731e-05
5.091908956667854849e-05
3.818931717500890968e-05
3.818931717500890968e-05
3.818931717500890968e-05
3.818931717500890968e-05
5.091908956667854849e-05
5.091908956667854849e-05
5.091908956667854849e-05
5.091908956667854849e-05
3.818931717500890968e-05
2.545954478333927425e-05
5.091908956667854849e-05
3.818931717500890968e-05
5.091908956667854849e-05
5.091908956667854849e-05
5.091908956667854849e-05
3.818931717500890968e-05
5.091908956667854849e-05
3.818931717500890968e-05
3.818931717500890968e-05
3.818931717500890968e-05
5.091908956667854849e-05
3.818931717500890968e-05
2.545954478333927425e-05
5.091908956667854849e-05
3.818931717500890968e-05
5.091908956667854849e-05
5.091908956667854849e-05
5.091908956667854849e-05
5.091908956667854849e-05
5.091908956667854849e-05
5.091908956667854849e-05
5.091908956667854849e-05
5.091908956667854849e-05
3.818931717500890968e-05
3.818931717500890968e-05
5.091908956667854849e-05
5.091908956667854849e-05
5.091908956667854849e-05
2.545954478333927425e-05
5.091908956667854849e-05
5.091908956667854849e-05
3.818931717500890968e-05
5.091908956667854849e-05
2.545954478333927425e-05
3.818931717500890968e-05
5.091908956667854849e-05
5.091908956667854849e-05
3.818931717500890968e-05
2.545954478333927425e-05
2.545954478333927425e-05
5.091908956667854849e-05
2.545954478333927425e-05
5.091908956667854849e-05
5.091908956667854849e-05
