1.679966400671986659e-03
1.212725745485090240e-02
1.202225955480890410e-02
6.966610667786644895e-02
5.685636287274254547e-02
2.451700965980680227e-02
5.722385552288954125e-02
3.674926501469970817e-04
2.099958000839983324e-04
2.204955900881982490e-03
5.249895002099958310e-05
9.764804703905921590e-03
9.449811003779923875e-04
3.958420831583368132e-02
1.343973120537589327e-02
1.679966400671986659e-03
2.467450650986980146e-02
1.569718605627887578e-02
5.249895002099958310e-05
5.249895002099958310e-05
1.837463250734985409e-03
1.994960100797984158e-03
1.574968500629987493e-04
5.249895002099958310e-05
5.249895002099958310e-05
1.333473330533389324e-02
5.302393952120957460e-03
7.349853002939941635e-04
2.624947501049979155e-04
5.249895002099958310e-04
5.249895002099958310e-05
5.564888702225955809e-03
5.564888702225955809e-03
8.084838303233934931e-03
5.249895002099958310e-05
5.249895002099958310e-04
1.076228475430491410e-02
5.249895002099958310e-05
2.425451490970180479e-02
5.249895002099958310e-05
5.249895002099958310e-05
7.349853002939941635e-04
4.987400251994959961e-03
5.249895002099958310e-05
2.257454850902981813e-02
2.939941201175976654e-03
9.607307853842922407e-03
4.934901301973960812e-03
5.249895002099958310e-05
5.249895002099958310e-05
3.149937001259974986e-04
5.249895002099958310e-05
5.249895002099958310e-05
3.989920201595968316e-03
5.249895002099958310e-05
5.249895002099958310e-05
5.249895002099958310e-05
8.504829903401931596e-03
1.023729525409491740e-02
1.475220495590088242e-02
5.249895002099958310e-05
2.992440151196976237e-03
3.149937001259974986e-04
1.396472070558588824e-02
5.249895002099958310e-05
1.784964300713985826e-03
1.259974800503989995e-02
1.679966400671986659e-03
5.249895002099958310e-05
5.249895002099958310e-05
5.249895002099958310e-05
1.102477950440991245e-03
1.123477530449390992e-02
4.199916001679966648e-03
8.977320453590927410e-03
5.249895002099958310e-05
1.574968500629987493e-04
5.249895002099958310e-05
5.722385552288954125e-03
9.659806803863923291e-03
3.307433851322973736e-03
1.275724485510289739e-02
4.094918101637967482e-03
5.249895002099958310e-05
7.034859302813944136e-03
5.249895002099958310e-05
5.249895002099958310e-05
1.175976480470390662e-02
1.202225955480890410e-02
5.249895002099958310e-05
5.249895002099958310e-05
5.249895002099958310e-05
8.242335153296934114e-03
5.249895002099958310e-05
5.249895002099958310e-05
7.192356152876942452e-03
5.249895002099958310e-04
5.249895002099958310e-05
5.249895002099958310e-05
1.627467450650987076e-03
5.249895002099958310e-05
5.249895002099958310e-05
5.249895002099958310e-05
2.624947501049979155e-04
1.942461150776984358e-03
5.249895002099958310e-05
5.249895002099958310e-05
5.249895002099958310e-05
1.007979840403191996e-02
3.884922301553968716e-03
5.249895002099958310e-05
6.037379252414951623e-03
5.249895002099958310e-05
4.882402351952960795e-03
2.572448551028979572e-03
5.249895002099958310e-05
5.249895002099958310e-05
5.249895002099958310e-05
5.249895002099958310e-05
5.249895002099958310e-05
8.504829903401931596e-03
5.249895002099958310e-05
8.032339353212935781e-03
8.242335153296934114e-03
8.242335153296934114e-03
2.572448551028979572e-03
5.249895002099958310e-05
5.249895002099958310e-05
1.837463250734985409e-03
2.099958000839983324e-03
5.249895002099958310e-05
5.249895002099958310e-05
3.674926501469970817e-04
5.249895002099958310e-05
5.249895002099958310e-05
5.249895002099958310e-05
5.249895002099958310e-05
5.249895002099958310e-05
3.674926501469970817e-04
4.199916001679966648e-03
5.249895002099958310e-05
5.249895002099958310e-05
5.249895002099958310e-05
5.932381352372952457e-03
5.249895002099958310e-05
5.249895002099958310e-05
5.249895002099958310e-05
5.249895002099958310e-05
3.569928601427971651e-03
5.249895002099958310e-05
5.249895002099958310e-05
5.249895002099958310e-05
5.249895002099958310e-05
5.249895002099958310e-05
6.352372952540949122e-03
5.249895002099958310e-05
5.249895002099958310e-05
5.249895002099958310e-05
4.462410751784964130e-03
6.142377152456950790e-03
1.784964300713985826e-03
6.037379252414951623e-03
5.249895002099958310e-05
5.249895002099958310e-05
5.722385552288954125e-03
5.249895002099958310e-05
5.249895002099958310e-05
5.249895002099958310e-05
4.252414951700965798e-03
2.992440151196976237e-03
5.249895002099958310e-05
5.249895002099958310e-05
1.574968500629987493e-04
2.834943301133977488e-03
4.672406551868962463e-03
5.249895002099958310e-05
5.249895002099958310e-05
5.249895002099958310e-05
5.249895002099958310e-05
5.249895002099958310e-05
5.249895002099958310e-05
1.154976900461990828e-03
5.249895002099958310e-05
5.249895002099958310e-05
5.249895002099958310e-05
5.249895002099958310e-05
5.249895002099958310e-05
1.784964300713985826e-03
5.249895002099958310e-05
5.249895002099958310e-05
5.249895002099958310e-05
5.249895002099958310e-05
5.249895002099958310e-05
5.249895002099958310e-05
5.249895002099958310e-05
4.462410751784964130e-03
5.249895002099958310e-05
2.519949601007979989e-03
1.364972700545989161e-03
3.149937001259974986e-04
5.249895002099958310e-05
1.574968500629987493e-03
3.149937001259974986e-04
1.574968500629987493e-03
5.249895002099958310e-05
4.514909701805964147e-03
5.249895002099958310e-05
5.249895002099958310e-05
5.249895002099958310e-05
5.249895002099958310e-05
5.249895002099958310e-05
3.149937001259974986e-04
4.094918101637967482e-03
3.149937001259974986e-04
5.249895002099958310e-05
5.249895002099958310e-05
4.357412851742964964e-03
5.249895002099958310e-05
1.049979000419991662e-04
5.249895002099958310e-05
5.249895002099958310e-05
5.249895002099958310e-05
3.674926501469970817e-04
5.249895002099958310e-05
5.249895002099958310e-05
4.199916001679966648e-03
5.249895002099958310e-05
3.149937001259974986e-04
5.249895002099958310e-05
5.249895002099958310e-05
5.249895002099958310e-05
5.249895002099958310e-05
1.364972700545989161e-03
2.729945401091978321e-03
5.249895002099958310e-05
5.249895002099958310e-05
1.574968500629987493e-03
5.249895002099958310e-05
5.249895002099958310e-04
5.249895002099958310e-05
3.412431751364972902e-03
3.412431751364972902e-03
3.674926501469970817e-04
5.249895002099958310e-05
5.249895002099958310e-04
5.249895002099958310e-05
5.249895002099958310e-05
5.249895002099958310e-05
5.249895002099958310e-05
5.249895002099958310e-05
2.887442251154977071e-03
5.249895002099958310e-05
5.249895002099958310e-05
5.249895002099958310e-05
1.049979000419991662e-04
5.249895002099958310e-05
5.249895002099958310e-05
2.992440151196976237e-03
5.249895002099958310e-05
5.249895002099958310e-05
5.249895002099958310e-05
5.249895002099958310e-05
5.249895002099958310e-05
5.249895002099958310e-05
2.624947501049979155e-04
5.249895002099958310e-05
3.044939101217975820e-03
5.249895002099958310e-05
5.249895002099958310e-05
2.887442251154977071e-03
2.519949601007979989e-03
5.249895002099958310e-05
5.249895002099958310e-05
2.677446451070978738e-03
1.679966400671986659e-03
1.049979000419991662e-04
5.249895002099958310e-05
5.249895002099958310e-05
5.249895002099958310e-05
5.249895002099958310e-05
5.249895002099958310e-05
5.249895002099958310e-05
5.249895002099958310e-05
2.677446451070978738e-03
5.249895002099958310e-05
5.249895002099958310e-05
5.249895002099958310e-05
1.784964300713985826e-03
5.249895002099958310e-05
5.249895002099958310e-05
5.249895002099958310e-05
1.837463250734985409e-03
5.249895002099958310e-05
5.249895002099958310e-05
2.362452750944981240e-03
2.519949601007979989e-03
2.519949601007979989e-03
5.249895002099958310e-05
5.249895002099958310e-05
2.362452750944981240e-03
5.249895002099958310e-05
5.249895002099958310e-05
3.674926501469970817e-04
2.519949601007979989e-03
2.257454850902982074e-03
5.249895002099958310e-05
3.149937001259974986e-04
5.249895002099958310e-05
5.249895002099958310e-05
5.249895002099958310e-05
5.249895002099958310e-05
5.249895002099958310e-05
2.047459050818983741e-03
5.249895002099958310e-05
1.889962200755984775e-03
1.679966400671986659e-03
2.624947501049979155e-04
5.249895002099958310e-05
5.249895002099958310e-05
1.574968500629987493e-04
5.249895002099958310e-05
1.627467450650987076e-03
1.574968500629987493e-04
1.784964300713985826e-03
5.249895002099958310e-05
1.942461150776984358e-03
5.249895002099958310e-05
2.204955900881982490e-03
1.732465350692986242e-03
5.249895002099958310e-05
8.924821503569929128e-04
5.249895002099958310e-05
5.249895002099958310e-05
5.249895002099958310e-05
5.249895002099958310e-05
1.889962200755984775e-03
1.679966400671986659e-03
5.249895002099958310e-05
5.249895002099958310e-05
5.249895002099958310e-05
5.249895002099958310e-05
1.679966400671986659e-03
5.249895002099958310e-05
5.249895002099958310e-05
5.249895002099958310e-05
5.249895002099958310e-05
1.784964300713985826e-03
2.099958000839983324e-03
1.574968500629987493e-04
1.049979000419991662e-04
2.047459050818983741e-03
5.249895002099958310e-05
5.249895002099958310e-05
5.249895002099958310e-05
1.574968500629987493e-04
5.249895002099958310e-05
1.574968500629987493e-03
5.249895002099958310e-05
5.249895002099958310e-05
1.732465350692986242e-03
1.627467450650987076e-03
3.674926501469970817e-04
5.249895002099958310e-04
5.249895002099958310e-05
5.249895002099958310e-05
5.249895002099958310e-05
5.249895002099958310e-05
5.249895002099958310e-05
1.574968500629987493e-03
5.249895002099958310e-05
1.574968500629987493e-03
5.249895002099958310e-05
1.679966400671986659e-03
1.837463250734985409e-03
1.784964300713985826e-03
5.249895002099958310e-05
1.889962200755984775e-03
1.837463250734985409e-03
1.627467450650987076e-03
5.249895002099958310e-05
1.574968500629987493e-03
5.249895002099958310e-05
5.249895002099958310e-05
5.249895002099958310e-05
5.249895002099958310e-05
5.249895002099958310e-05
5.249895002099958310e-05
5.249895002099958310e-05
5.249895002099958310e-05
5.249895002099958310e-05
5.249895002099958310e-05
5.249895002099958310e-05
5.249895002099958310e-05
5.249895002099958310e-05
5.249895002099958310e-05
5.249895002099958310e-05
5.249895002099958310e-05
5.249895002099958310e-05
5.249895002099958310e-05
1.469970600587988327e-03
1.469970600587988327e-03
5.249895002099958310e-05
1.469970600587988327e-03
5.249895002099958310e-05
5.249895002099958310e-05
5.249895002099958310e-05
5.249895002099958310e-05
5.249895002099958310e-05
5.249895002099958310e-05
5.249895002099958310e-05
5.249895002099958310e-05
5.249895002099958310e-05
5.249895002099958310e-05
5.249895002099958310e-05
1.364972700545989161e-03
1.154976900461990828e-03
5.249895002099958310e-05
5.249895002099958310e-05
1.364972700545989161e-03
5.249895002099958310e-05
5.249895002099958310e-05
5.249895002099958310e-05
5.249895002099958310e-05
8.924821503569929128e-04
5.249895002099958310e-05
5.249895002099958310e-05
5.249895002099958310e-05
1.207475850482990411e-03
5.249895002099958310e-05
5.249895002099958310e-05
5.249895002099958310e-05
5.249895002099958310e-05
5.249895002099958310e-05
5.249895002099958310e-05
5.249895002099958310e-05
5.249895002099958310e-05
5.249895002099958310e-05
5.249895002099958310e-05
5.249895002099958310e-05
5.249895002099958310e-05
5.249895002099958310e-05
5.249895002099958310e-05
5.249895002099958310e-05
5.249895002099958310e-05
5.249895002099958310e-05
1.207475850482990411e-03
1.207475850482990411e-03
5.249895002099958310e-05
3.149937001259974986e-04
1.049979000419991662e-03
1.207475850482990411e-03
1.207475850482990411e-03
5.249895002099958310e-05
5.249895002099958310e-05
5.774884502309954142e-04
5.249895002099958310e-05
8.924821503569929128e-04
5.249895002099958310e-05
5.249895002099958310e-05
5.249895002099958310e-05
5.249895002099958310e-05
5.249895002099958310e-05
1.154976900461990828e-03
9.974800503989920790e-04
1.154976900461990828e-03
5.249895002099958310e-05
5.249895002099958310e-05
1.154976900461990828e-03
5.249895002099958310e-05
5.249895002099958310e-05
5.249895002099958310e-05
3.149937001259974986e-04
5.249895002099958310e-05
5.249895002099958310e-05
5.249895002099958310e-05
5.249895002099958310e-05
3.149937001259974986e-04
3.674926501469970817e-04
5.249895002099958310e-05
5.249895002099958310e-05
5.249895002099958310e-05
1.154976900461990828e-03
5.249895002099958310e-05
5.249895002099958310e-05
5.249895002099958310e-05
5.249895002099958310e-05
5.249895002099958310e-05
3.674926501469970817e-04
5.249895002099958310e-05
5.249895002099958310e-05
1.049979000419991662e-03
1.049979000419991662e-03
5.249895002099958310e-05
5.249895002099958310e-05
5.249895002099958310e-05
5.249895002099958310e-05
5.249895002099958310e-05
5.249895002099958310e-05
5.249895002099958310e-05
1.574968500629987493e-04
5.249895002099958310e-05
5.249895002099958310e-05
5.249895002099958310e-05
5.249895002099958310e-05
8.924821503569929128e-04
5.249895002099958310e-05
5.249895002099958310e-05
5.249895002099958310e-05
5.249895002099958310e-05
5.249895002099958310e-05
5.249895002099958310e-05
5.249895002099958310e-05
5.249895002099958310e-05
5.249895002099958310e-05
5.249895002099958310e-05
5.249895002099958310e-05
5.249895002099958310e-05
5.249895002099958310e-05
5.249895002099958310e-05
5.249895002099958310e-05
5.249895002099958310e-05
5.249895002099958310e-05
5.249895002099958310e-05
5.249895002099958310e-05
5.249895002099958310e-05
9.974800503989920790e-04
5.249895002099958310e-05
5.249895002099958310e-05
5.249895002099958310e-05
5.249895002099958310e-05
5.249895002099958310e-05
5.249895002099958310e-05
5.249895002099958310e-05
5.249895002099958310e-05
5.249895002099958310e-05
5.249895002099958310e-05
5.249895002099958310e-05
5.249895002099958310e-05
5.249895002099958310e-05
5.249895002099958310e-05
5.249895002099958310e-05
4.724905501889961937e-04
5.249895002099958310e-05
5.249895002099958310e-05
5.249895002099958310e-05
5.249895002099958310e-05
5.249895002099958310e-05
4.724905501889961937e-04
5.249895002099958310e-05
5.249895002099958310e-05
5.249895002099958310e-05
3.674926501469970817e-04
5.249895002099958310e-05
5.249895002099958310e-05
5.249895002099958310e-05
5.249895002099958310e-05
5.249895002099958310e-05
5.249895002099958310e-05
5.249895002099958310e-05
5.249895002099958310e-05
5.249895002099958310e-05
5.249895002099958310e-05
5.249895002099958310e-05
5.249895002099958310e-05
5.249895002099958310e-05
5.249895002099958310e-05
5.249895002099958310e-05
5.249895002099958310e-05
8.399832003359933297e-04
5.249895002099958310e-05
5.249895002099958310e-05
5.249895002099958310e-05
4.724905501889961937e-04
5.249895002099958310e-05
5.249895002099958310e-05
5.249895002099958310e-05
5.249895002099958310e-05
5.249895002099958310e-05
5.249895002099958310e-05
5.249895002099958310e-05
5.249895002099958310e-05
5.249895002099958310e-05
5.249895002099958310e-05
5.249895002099958310e-05
5.249895002099958310e-05
5.249895002099958310e-05
5.249895002099958310e-05
5.249895002099958310e-05
5.249895002099958310e-05
5.249895002099958310e-05
5.249895002099958310e-05
7.349853002939941635e-04
5.249895002099958310e-05
5.249895002099958310e-05
5.249895002099958310e-05
2.624947501049979155e-04
5.249895002099958310e-05
5.249895002099958310e-05
5.249895002099958310e-05
5.249895002099958310e-05
5.249895002099958310e-05
5.249895002099958310e-05
5.249895002099958310e-05
5.249895002099958310e-05
5.249895002099958310e-05
5.249895002099958310e-05
5.249895002099958310e-05
5.249895002099958310e-05
5.249895002099958310e-05
5.249895002099958310e-05
5.249895002099958310e-05
5.249895002099958310e-05
5.249895002099958310e-05
5.249895002099958310e-05
2.624947501049979155e-04
5.249895002099958310e-05
5.249895002099958310e-05
5.249895002099958310e-05
5.249895002099958310e-05
5.249895002099958310e-05
3.149937001259974986e-04
5.249895002099958310e-05
5.249895002099958310e-05
5.249895002099958310e-05
5.249895002099958310e-05
5.249895002099958310e-05
5.249895002099958310e-05
5.249895002099958310e-05
5.249895002099958310e-05
5.249895002099958310e-05
5.249895002099958310e-05
5.249895002099958310e-05
5.774884502309954142e-04
1.574968500629987493e-04
5.249895002099958310e-05
5.249895002099958310e-05
5.249895002099958310e-05
5.249895002099958310e-05
5.249895002099958310e-05
5.249895002099958310e-05
5.249895002099958310e-05
5.249895002099958310e-05
5.249895002099958310e-05
5.249895002099958310e-05
5.249895002099958310e-05
5.249895002099958310e-05
5.249895002099958310e-05
4.724905501889961937e-04
5.249895002099958310e-05
5.249895002099958310e-05
5.774884502309954142e-04
4.724905501889961937e-04
5.249895002099958310e-05
3.149937001259974986e-04
5.249895002099958310e-05
5.774884502309954142e-04
5.249895002099958310e-05
5.249895002099958310e-05
5.249895002099958310e-05
5.249895002099958310e-05
5.249895002099958310e-05
5.249895002099958310e-05
5.249895002099958310e-05
5.249895002099958310e-05
4.724905501889961937e-04
5.249895002099958310e-05
4.724905501889961937e-04
5.249895002099958310e-05
5.249895002099958310e-05
4.724905501889961937e-04
5.249895002099958310e-04
5.249895002099958310e-05
5.249895002099958310e-05
5.249895002099958310e-04
1.049979000419991662e-04
5.249895002099958310e-05
5.249895002099958310e-05
5.249895002099958310e-05
5.249895002099958310e-05
5.249895002099958310e-05
5.249895002099958310e-05
5.249895002099958310e-05
5.249895002099958310e-05
5.249895002099958310e-05
5.249895002099958310e-05
5.249895002099958310e-05
5.249895002099958310e-05
5.249895002099958310e-05
5.249895002099958310e-05
5.249895002099958310e-05
5.249895002099958310e-05
2.624947501049979155e-04
5.249895002099958310e-05
5.249895002099958310e-05
5.249895002099958310e-05
5.249895002099958310e-05
5.249895002099958310e-05
5.249895002099958310e-05
5.249895002099958310e-05
5.249895002099958310e-05
5.249895002099958310e-05
5.249895002099958310e-05
5.249895002099958310e-05
5.249895002099958310e-05
5.249895002099958310e-05
5.249895002099958310e-05
5.249895002099958310e-05
5.249895002099958310e-05
5.249895002099958310e-05
5.249895002099958310e-05
5.249895002099958310e-05
5.249895002099958310e-05
2.624947501049979155e-04
5.249895002099958310e-05
5.249895002099958310e-05
5.249895002099958310e-05
5.249895002099958310e-05
5.249895002099958310e-05
5.249895002099958310e-05
1.574968500629987493e-04
5.249895002099958310e-05
5.249895002099958310e-05
5.249895002099958310e-05
5.249895002099958310e-05
5.249895002099958310e-05
5.249895002099958310e-05
5.249895002099958310e-05
5.249895002099958310e-05
5.249895002099958310e-05
5.249895002099958310e-05
5.249895002099958310e-05
5.249895002099958310e-05
5.249895002099958310e-05
5.249895002099958310e-05
3.674926501469970817e-04
5.249895002099958310e-05
3.674926501469970817e-04
5.249895002099958310e-05
5.249895002099958310e-05
5.249895002099958310e-05
4.199916001679966648e-04
5.249895002099958310e-05
5.249895002099958310e-05
5.249895002099958310e-05
5.249895002099958310e-05
5.249895002099958310e-05
5.249895002099958310e-05
5.249895002099958310e-05
5.249895002099958310e-05
5.249895002099958310e-05
5.249895002099958310e-05
5.249895002099958310e-05
3.149937001259974986e-04
5.249895002099958310e-05
5.249895002099958310e-05
5.249895002099958310e-05
5.249895002099958310e-05
3.674926501469970817e-04
3.674926501469970817e-04
1.049979000419991662e-04
5.249895002099958310e-05
5.249895002099958310e-05
3.674926501469970817e-04
5.249895002099958310e-05
5.249895002099958310e-05
5.249895002099958310e-05
5.249895002099958310e-05
3.149937001259974986e-04
5.249895002099958310e-05
5.249895002099958310e-05
5.249895002099958310e-05
3.674926501469970817e-04
5.249895002099958310e-05
5.249895002099958310e-05
5.249895002099958310e-05
3.149937001259974986e-04
5.249895002099958310e-05
5.249895002099958310e-05
2.099958000839983324e-04
5.249895002099958310e-05
5.249895002099958310e-05
5.249895002099958310e-05
5.249895002099958310e-05
5.249895002099958310e-05
1.574968500629987493e-04
5.249895002099958310e-05
5.249895002099958310e-05
5.249895002099958310e-05
5.249895002099958310e-05
5.249895002099958310e-05
5.249895002099958310e-05
3.149937001259974986e-04
5.249895002099958310e-05
5.249895002099958310e-05
3.674926501469970817e-04
3.674926501469970817e-04
5.249895002099958310e-05
5.249895002099958310e-05
3.674926501469970817e-04
5.249895002099958310e-05
5.249895002099958310e-05
3.149937001259974986e-04
5.249895002099958310e-05
5.249895002099958310e-05
3.674926501469970817e-04
2.624947501049979155e-04
5.249895002099958310e-05
2.624947501049979155e-04
3.149937001259974986e-04
1.574968500629987493e-04
3.149937001259974986e-04
5.249895002099958310e-05
5.249895002099958310e-05
5.249895002099958310e-05
5.249895002099958310e-05
5.249895002099958310e-05
2.624947501049979155e-04
3.149937001259974986e-04
2.624947501049979155e-04
3.149937001259974986e-04
2.624947501049979155e-04
3.149937001259974986e-04
5.249895002099958310e-05
3.149937001259974986e-04
3.149937001259974986e-04
3.149937001259974986e-04
5.249895002099958310e-05
5.249895002099958310e-05
2.624947501049979155e-04
5.249895002099958310e-05
5.249895002099958310e-05
5.249895002099958310e-05
3.149937001259974986e-04
2.624947501049979155e-04
3.149937001259974986e-04
5.249895002099958310e-05
5.249895002099958310e-05
5.249895002099958310e-05
3.149937001259974986e-04
2.624947501049979155e-04
5.249895002099958310e-05
2.624947501049979155e-04
2.624947501049979155e-04
5.249895002099958310e-05
5.249895002099958310e-05
5.249895002099958310e-05
5.249895002099958310e-05
5.249895002099958310e-05
5.249895002099958310e-05
5.249895002099958310e-05
5.249895002099958310e-05
5.249895002099958310e-05
5.249895002099958310e-05
5.249895002099958310e-05
5.249895002099958310e-05
1.574968500629987493e-04
5.249895002099958310e-05
5.249895002099958310e-05
5.249895002099958310e-05
5.249895002099958310e-05
5.249895002099958310e-05
5.249895002099958310e-05
5.249895002099958310e-05
5.249895002099958310e-05
5.249895002099958310e-05
5.249895002099958310e-05
5.249895002099958310e-05
5.249895002099958310e-05
1.574968500629987493e-04
5.249895002099958310e-05
5.249895002099958310e-05
5.249895002099958310e-05
5.249895002099958310e-05
5.249895002099958310e-05
5.249895002099958310e-05
5.249895002099958310e-05
5.249895002099958310e-05
5.249895002099958310e-05
5.249895002099958310e-05
5.249895002099958310e-05
5.249895002099958310e-05
5.249895002099958310e-05
5.249895002099958310e-05
5.249895002099958310e-05
5.249895002099958310e-05
5.249895002099958310e-05
5.249895002099958310e-05
5.249895002099958310e-05
5.249895002099958310e-05
5.249895002099958310e-05
5.249895002099958310e-05
5.249895002099958310e-05
5.249895002099958310e-05
5.249895002099958310e-05
5.249895002099958310e-05
5.249895002099958310e-05
5.249895002099958310e-05
1.574968500629987493e-04
5.249895002099958310e-05
5.249895002099958310e-05
